20240819,朝阳,双桥,101125934419,北花园小区南向大开间满五年唯一诚心出售必看好房,175万,33909元/平,中楼层 (共28层) | 2011年 | 1室0厅 | 51.61平米 | 南,https://ke-image.ljcdn.com/110000-inspection/pc1_Kgp2RDCvs.jpg!m_fill,w_280,h_210,f_jpg?from=ke.com
20240819,朝阳,双桥,101125867871,双桥嘉园 南北三居 精装修 满五唯一必看好房,315万,35291元/平,低楼层 (共23层) | 2015年 | 3室1厅 | 89.26平米 | 南 北,https://ke-image.ljcdn.com/110000-inspection/7db0dce7-2dbe-4300-abfd-89e519f5779c_1000.jpg!m_fill,w_280,h_210,f_jpg?from=ke.com
20240819,朝阳,双桥,101125746057,商品房户型方正双卧分离互不影响必看好房,283万,39416元/平,中楼层 (共20层) | 2010年 | 2室1厅 | 71.8平米 | 西南,https://ke-image.ljcdn.com/110000-inspection/pc1_WjF708rTp.jpg!m_fill,w_280,h_210,f_jpg?from=ke.com
20240819,朝阳,双桥,101125693977,水郡长安家园1号院 临河观景 别墅社区 高品质必看好房,870万,40967元/平,高楼层 (共20层) 4室2厅 | 212.37平米 | 南 北,https://ke-image.ljcdn.com/110000-inspection/pc1_5e6WseweM.jpg!m_fill,w_280,h_210,f_jpg?from=ke.com
20240819,朝阳,双桥,101125507961,朝阳旺角塔楼两居 落地窗 满五唯一必看好房,319万,37986元/平,中楼层 (共15层) | 2006年 | 2室1厅 | 83.98平米 | 东 北,https://ke-image.ljcdn.com/110000-inspection/pc1_y10cb90lT.jpg!m_fill,w_280,h_210,f_jpg?from=ke.com
20240819,朝阳,双桥,101125967455,首付20% 双桥一居室 南向 三层 同户型成交7套必看好房,135万,33566元/平,中楼层 (共5层) 1室1厅 | 40.22平米 | 南,https://ke-image.ljcdn.com/110000-inspection/pc1_6imiDmh0D.jpg!m_fill,w_280,h_210,f_jpg?from=ke.com
20240819,朝阳,双桥,101125865430,双惠1号院 优质两居室 南北通透满五年唯一商品房,405万,44408元/平,底层 (共6层) 2室1厅 | 91.2平米 | 南 北,https://ke-image.ljcdn.com/110000-inspection/pc1_J3cRBtq7K.jpg!m_fill,w_280,h_210,f_jpg?from=ke.com
20240819,朝阳,双桥,101125830607,双桥东柳西里 满五唯一 三居室必看好房,200万,34154元/平,底层 (共5层) 3室1厅 | 58.56平米 | 南 北,https://ke-image.ljcdn.com/110000-inspection/66ebdff2-c75a-4702-a692-b8f7a0277065_1000.jpg!m_fill,w_280,h_210,f_jpg?from=ke.com
20240819,朝阳,双桥,101125686440,双桥六号井南北两居低层优质好房,195万,35436元/平,低楼层 (共6层) | 1988年 | 2室1厅 | 55.03平米 | 南 北,https://ke-image.ljcdn.com/110000-inspection/pc1_dORfW4MDS.jpg!m_fill,w_280,h_210,f_jpg?from=ke.com
20240819,朝阳,双桥,101125652868,此房满五唯一高楼层户型方正业主诚心出售必看好房,440万,51324元/平,高楼层 (共18层) 2室1厅 | 85.73平米 | 南,https://ke-image.ljcdn.com/110000-inspection/pc1_qfvn7scUz.jpg!m_fill,w_280,h_210,f_jpg?from=ke.com
20240819,朝阳,双桥,101125629434,远洋一方北润园 南北通透 明厨明卫 一梯两户,496万,55345元/平,中楼层 (共11层) 3室1厅 | 89.62平米 | 南 北,https://ke-image.ljcdn.com/110000-inspection/pc1_IvWuuhDXX.jpg!m_fill,w_280,h_210,f_jpg?from=ke.com
20240819,朝阳,双桥,101125484447,有钥匙随时能看带阳台带飘窗正规两居诚意出售,408万,45638元/平,低楼层 (共16层) 2室1厅 | 89.4平米 | 南,https://ke-image.ljcdn.com/110000-inspection/pc1_iRzt6Co2j_1.jpg!m_fill,w_280,h_210,f_jpg?from=ke.com
20240819,朝阳,双桥,101125448442,装修保持好产权清晰诚心卖高楼层 采光视野好,615万,53507元/平,中楼层 (共18层) 3室2厅 | 114.94平米 | 南 北,https://ke-image.ljcdn.com/110000-inspection/a8d73377-b690-47d6-8723-12adff2321d8_1000.jpg!m_fill,w_280,h_210,f_jpg?from=ke.com
20240819,朝阳,双桥,101125436868,朝阳旺角 满五年唯一 南北通透 双卫三居必看好房,550万,40705元/平,高楼层 (共16层) 3室1厅 | 135.12平米 | 南 北,https://ke-image.ljcdn.com/110000-inspection/pc1_Qa5niTQyJ.jpg!m_fill,w_280,h_210,f_jpg?from=ke.com
20240819,朝阳,双桥,101125421009,金隅康惠园3号院 1室1厅 东北必看好房,230万,37576元/平,中楼层 (共20层) | 2012年 | 1室1厅 | 61.21平米 | 东北,https://ke-image.ljcdn.com/110000-inspection/pc1_w5KERYMGz_1.jpg!m_fill,w_280,h_210,f_jpg?from=ke.com
20240819,朝阳,双桥,101125404348,温泉东里 电梯板楼南向两居 满五年唯一 诚心出售必看好房,298万,35608元/平,中楼层 (共14层) | 2004年 | 2室1厅 | 83.69平米 | 南,https://ke-image.ljcdn.com/110000-inspection/pc1_iiJjvPLEd.jpg!m_fill,w_280,h_210,f_jpg?from=ke.com
20240819,朝阳,双桥,101125365490,双桥嘉园东南两居精装修满五年唯一必看好房,210万,31799元/平,顶层 (共22层) 2室1厅 | 66.04平米 | 东 南,https://ke-image.ljcdn.com/110000-inspection/pc1_K1HUzMs31.jpg!m_fill,w_280,h_210,f_jpg?from=ke.com
20240819,朝阳,双桥,101125230761,朝阳旺角商品房满5年电梯高板南北通透三居可看,598万,43501元/平,中楼层 (共16层) | 2006年 | 3室2厅 | 137.47平米 | 南 北,https://ke-image.ljcdn.com/110000-inspection/pc1_IJgJZGi8T.jpg!m_fill,w_280,h_210,f_jpg?from=ke.com
20240819,朝阳,双桥,101125195192,双桥2015年电梯小区 南向两居 看房方便诚心出售必看好房,248万,31557元/平,低楼层 (共23层) 2室1厅 | 78.59平米 | 南,https://ke-image.ljcdn.com/110000-inspection/pc1_d6Tbh13de.jpg!m_fill,w_280,h_210,f_jpg?from=ke.com
20240819,朝阳,双桥,101125164000,康惠园3号院满五唯一商品房。距地铁350米。必看好房,319万,39766元/平,高楼层 (共20层) | 2012年 | 2室1厅 | 80.22平米 | 南 北,https://ke-image.ljcdn.com/110000-inspection/pc1_ceUxz2EIt.jpg!m_fill,w_280,h_210,f_jpg?from=ke.com
20240819,朝阳,双桥,101125131372,双惠苑5号院 满五年唯一商品房 看房随时 三居室房主自荐,376万,39505元/平,中楼层 (共6层) | 2004年 | 3室1厅 | 95.18平米 | 东 西,https://ke-image.ljcdn.com/110000-inspection/pc1_CKzLaXlUs.jpg!m_fill,w_280,h_210,f_jpg?from=ke.com
20240819,朝阳,双桥,101125123181,双惠一号院南北 使用面积90平米 满五年唯一商品房必看好房,285万,42436元/平,顶层 (共6层) | 2003年 | 2室1厅 | 67.16平米 | 南 北,https://ke-image.ljcdn.com/110000-inspection/pc1_5Xo1iuBdg.jpg!m_fill,w_280,h_210,f_jpg?from=ke.com
20240819,朝阳,双桥,101125118105,天泰北双苑 1室1厅 南必看好房,265万,38960元/平,中楼层 (共11层) | 2009年 | 1室1厅 | 68.02平米 | 南,https://ke-image.ljcdn.com/110000-inspection/pc1_HbH2Nf5he.jpg!m_fill,w_280,h_210,f_jpg?from=ke.com
20240819,朝阳,双桥,101125114510,远洋一方花语苑 精装三居 满五唯一 南北通透,469万,52745元/平,顶层 (共9层) | 2008年 | 3室1厅 | 88.92平米 | 南 北,https://ke-image.ljcdn.com/110000-inspection/pc1_tNYoPCpYC.jpg!m_fill,w_280,h_210,f_jpg?from=ke.com
20240819,朝阳,双桥,101125111637,双桥地区2000年商品房 大两居 满五唯一只有契税必看好房,229万,24965元/平,高楼层 (共6层) 2室1厅 | 91.73平米 | 南 北,https://ke-image.ljcdn.com/110000-inspection/pc1_PIf8Tmj5v.jpg!m_fill,w_280,h_210,f_jpg?from=ke.com
20240819,朝阳,双桥,101125086376,东一时区 满五年唯一 板楼西南两居 采光视野好必看好房,380万,43045元/平,中楼层 (共11层) 2室2厅 | 88.28平米 | 西南,https://ke-image.ljcdn.com/110000-inspection/pc1_t4FCJhpas.jpg!m_fill,w_280,h_210,f_jpg?from=ke.com
20240819,朝阳,双桥,101125063341,远洋一方东南两居室高楼层采光和视野好看房随时必看好房,389万,46733元/平,中楼层 (共17层) | 2011年 | 2室1厅 | 83.24平米 | 东南,https://ke-image.ljcdn.com/110000-inspection/pc1_bcLuW5fPu.jpg!m_fill,w_280,h_210,f_jpg?from=ke.com
20240819,朝阳,双桥,101125043787,北花园小区2号院 全南两居 满五年唯一 中间层房主自荐,365万,42546元/平,中楼层 (共29层) 2室2厅 | 85.79平米 | 南,https://ke-image.ljcdn.com/110000-inspection/pc1_MBRvTs9M4.jpg!m_fill,w_280,h_210,f_jpg?from=ke.com
20240819,朝阳,双桥,101124982961,远洋一方林语苑 户型方正 正对小区内 视野好采光好必看好房,410万,45765元/平,中楼层 (共18层) 2室1厅 | 89.59平米 | 西南,https://ke-image.ljcdn.com/110000-inspection/pc1_btltdxUPY.jpg!m_fill,w_280,h_210,f_jpg?from=ke.com
20240819,朝阳,双桥,101124965098,金隅康惠园2号院 满五唯一商品房 精装修 采光好必看好房,277万,39851元/平,低楼层 (共20层) | 2010年 | 2室1厅 | 69.51平米 | 西南,https://ke-image.ljcdn.com/110000-inspection/pc1_zla95PuO0.jpg!m_fill,w_280,h_210,f_jpg?from=ke.com
20240819,朝阳,双桥,101124879707,南北通透大三居  精装修  中间二层  带一车位必看好房,539万,46199元/平,低楼层 (共6层) | 2003年 | 3室1厅 | 116.67平米 | 南 北,https://ke-image.ljcdn.com/110000-inspection/14a2221c-5046-40ff-a897-ca081af5ee0a_1000.jpg!m_fill,w_280,h_210,f_jpg?from=ke.com
20240819,朝阳,双桥,101124853079,满五唯一花园洋房中间层户型方正诚意出售必看好房,429万,48192元/平,中楼层 (共9层) 2室1厅 | 89.02平米 | 西南,https://ke-image.ljcdn.com/110000-inspection/e20543dd-162f-4ad9-ab51-2c0dccec4369_1000.jpg!m_fill,w_280,h_210,f_jpg?from=ke.com
20240819,朝阳,双桥,101124760898,远洋一方润园6号院 精装修一天没住 满五唯一诚心卖必看好房,299万,40162元/平,底层 (共14层) 2室1厅 | 74.45平米 | 东南,https://ke-image.ljcdn.com/110000-inspection/pc1_SD6c0yH0c.jpg!m_fill,w_280,h_210,f_jpg?from=ke.com
20240819,朝阳,双桥,101124752560,金隅康惠园3号院 2室1厅 南必看好房,299万,39661元/平,中楼层 (共22层) | 2010年 | 2室1厅 | 75.39平米 | 南,https://ke-image.ljcdn.com/110000-inspection/pc1_eSwIuGJF5.jpg!m_fill,w_280,h_210,f_jpg?from=ke.com
20240819,朝阳,双桥,101124726297,远洋一方林语苑  南向两居室 户型方正 采光好必看好房,399万,44716元/平,高楼层 (共18层) 2室1厅 | 89.23平米 | 南,https://ke-image.ljcdn.com/110000-inspection/pc1_voY14YBQg.jpg!m_fill,w_280,h_210,f_jpg?from=ke.com
20240819,朝阳,双桥,101124704454,水郡长安三居室双卧朝南满5唯一看房方便。,599万,40482元/平,低楼层 (共20层) 3室1厅 | 147.97平米 | 西南,https://ke-image.ljcdn.com/110000-inspection/pc1_0VwWAsSdt.jpg!m_fill,w_280,h_210,f_jpg?from=ke.com
20240819,朝阳,双桥,101124665361,双桥温泉东里小区 满五唯一 无抵押无户口必看好房,268万,31012元/平,底层 (共6层) 2室2厅 | 86.42平米 | 南 北,https://ke-image.ljcdn.com/110000-inspection/pc1_w3Kcp09Ss.jpg!m_fill,w_280,h_210,f_jpg?from=ke.com
20240819,朝阳,双桥,101124638432,满五唯一 中高楼层 近地铁 配套齐全 西南朝向必看好房,248万,35663元/平,中楼层 (共20层) | 2010年 | 2室1厅 | 69.54平米 | 南 西,https://ke-image.ljcdn.com/110000-inspection/pc1_ly5bszcbM.jpg!m_fill,w_280,h_210,f_jpg?from=ke.com
20240819,朝阳,双桥,101124569917,朝阳区 东五环外双桥区双柳巷南北两居必看好房,202万,38150元/平,中楼层 (共5层) | 1979年 | 2室1厅 | 52.95平米 | 南 北,https://ke-image.ljcdn.com/110000-inspection/pc1_aCHv3c0Ks.jpg!m_fill,w_280,h_210,f_jpg?from=ke.com
20240819,朝阳,双桥,101124473751,双桥小区两居 满五唯一 精装修 看房方便必看好房,259万,31659元/平,中楼层 (共7层) 2室1厅 | 81.81平米 | 南 北,https://ke-image.ljcdn.com/110000-inspection/pc1_3xdOrB3Sa.jpg!m_fill,w_280,h_210,f_jpg?from=ke.com
20240819,朝阳,双桥,101124452805,房子南北通透满五年 精装修 南北朝向 采光好必看好房,210万,36875元/平,中楼层 (共5层) 3室0厅 | 56.95平米 | 南 北,https://ke-image.ljcdn.com/110000-inspection/pc1_vWbSOuH96.jpg!m_fill,w_280,h_210,f_jpg?from=ke.com
20240819,朝阳,双桥,101124279925,东柳西里拎包入住中间层满五年唯一。必看好房,156万,35601元/平,中楼层 (共5层) 2室1厅 | 43.82平米 | 南 北,https://ke-image.ljcdn.com/110000-inspection/pc1_H0bnIzvA0.jpg!m_fill,w_280,h_210,f_jpg?from=ke.com
20240819,朝阳,双桥,101124244009,双桥嘉园 东南两居 满五唯一 有钥匙看房方便,229万,32837元/平,高楼层 (共22层) 2室1厅 | 69.74平米 | 南,https://ke-image.ljcdn.com/110000-inspection/pc1_qHtXW6oLN.jpg!m_fill,w_280,h_210,f_jpg?from=ke.com
20240819,朝阳,双桥,101123960401,远洋一方北润园 精装 全南向一居室 满五唯一,355万,55774元/平,中楼层 (共18层) 1室1厅 | 63.65平米 | 南,https://ke-image.ljcdn.com/110000-inspection/pc1_X2QHWLjiR.jpg!m_fill,w_280,h_210,f_jpg?from=ke.com
20240819,朝阳,双桥,101123956191,东柳西里 2室1厅 南 北必看好房,141万,32163元/平,顶层 (共5层) | 1979年 | 2室1厅 | 43.84平米 | 南 北,https://ke-image.ljcdn.com/110000-inspection/pc1_vmrCPdwSx.jpg!m_fill,w_280,h_210,f_jpg?from=ke.com
20240819,朝阳,双桥,101123942715,满五年唯一业主诚心出售户型方正南北通透三居必看好房,445万,49905元/平,底层 (共11层) | 2011年 | 3室1厅 | 89.17平米 | 南 北,https://ke-image.ljcdn.com/110000-inspection/06fa923a-719f-47da-9acf-ec46c4d5c38b_1000.jpg!m_fill,w_280,h_210,f_jpg?from=ke.com
20240819,朝阳,双桥,101123940368,总监推荐 满五唯一 舒适大一居 高楼层 视野无遮挡必看好房,208万,30106元/平,顶层 (共22层) | 2005年 | 1室1厅 | 69.09平米 | 西南,https://ke-image.ljcdn.com/110000-inspection/pc1_uSgiUZKRl_1.jpg!m_fill,w_280,h_210,f_jpg?from=ke.com
20240819,朝阳,双桥,101123875922,北花园小区2号院 南向两居 高楼层 视野采光好 近地铁必看好房,348万,40348元/平,高楼层 (共31层) 2室2厅 | 86.25平米 | 南,https://ke-image.ljcdn.com/110000-inspection/pc1_l2UVDxO34.jpg!m_fill,w_280,h_210,f_jpg?from=ke.com
20240819,朝阳,双桥,101123827465,双惠苑3号院南北通透业主自住三居室必看好房,430万,35166元/平,顶层 (共6层) 3室1厅 | 122.28平米 | 南 北,https://ke-image.ljcdn.com/110000-inspection/pc1_1tyz0RaRT_1.jpg!m_fill,w_280,h_210,f_jpg?from=ke.com
20240819,朝阳,双桥,101123690927,南北通透的两居室满五年唯一双卧朝南。,190万,31885元/平,高楼层 (共6层) 2室1厅 | 59.59平米 | 南 北,https://ke-image.ljcdn.com/110000-inspection/pc1_KqU0nyDus.jpg!m_fill,w_280,h_210,f_jpg?from=ke.com
20240819,朝阳,双桥,101123667934,金隅康惠园1号院 满五唯一 南北通透,340万,38580元/平,高楼层 (共9层) | 2010年 | 2室1厅 | 88.13平米 | 南 北,https://ke-image.ljcdn.com/110000-inspection/pc1_gtV99ycJJ.jpg!m_fill,w_280,h_210,f_jpg?from=ke.com
20240819,朝阳,双桥,101123545285,远洋一方溪语苑 2室1厅 东北必看好房,365万,47913元/平,中楼层 (共11层) 2室1厅 | 76.18平米 | 东北,https://ke-image.ljcdn.com/110000-inspection/pc1_5XNQAGfd0.jpg!m_fill,w_280,h_210,f_jpg?from=ke.com
20240819,朝阳,双桥,101123473745,总监推荐：舒适户型大一居高楼层视野开阔满五唯一房主自荐,236万,34159元/平,低楼层 (共22层) 1室1厅 | 69.09平米 | 西南,https://ke-image.ljcdn.com/110000-inspection/pc1_Smla1qE68.jpg!m_fill,w_280,h_210,f_jpg?from=ke.com
20240819,朝阳,双桥,101123457616,东一时区 满五年唯一中间楼层,349万,37251元/平,中楼层 (共23层) | 2005年 | 2室1厅 | 93.69平米 | 东 南 北,https://ke-image.ljcdn.com/110000-inspection/pc1_Mw0P0zrA7.jpg!m_fill,w_280,h_210,f_jpg?from=ke.com
20240819,朝阳,双桥,101123449047,本房商品房只有契税 集中供暖  带电梯  近地铁必看好房,278万,38553元/平,高楼层 (共22层) | 2010年 | 2室1厅 | 72.11平米 | 西南 北,https://ke-image.ljcdn.com/110000-inspection/pc1_oBfDDqTRF_1.jpg!m_fill,w_280,h_210,f_jpg?from=ke.com
20240819,朝阳,双桥,101123402133,满五唯一 中高楼层  近地铁 配套齐全必看好房,248万,36418元/平,高楼层 (共22层) | 2010年 | 2室1厅 | 68.1平米 | 西南,https://ke-image.ljcdn.com/110000-inspection/pc1_K7sI8hjQN.jpg!m_fill,w_280,h_210,f_jpg?from=ke.com
20240819,朝阳,双桥,101123402074,朝阳旺角 东向一居室 户型好 商品房必看好房,282万,38865元/平,低楼层 (共15层) | 2006年 | 1室2厅 | 72.56平米 | 东,https://ke-image.ljcdn.com/110000-inspection/pc1_9ahzppMQH.jpg!m_fill,w_280,h_210,f_jpg?from=ke.com
20240819,朝阳,双桥,101123307484,双桥六号井 正规一居室 满五年唯一 看房方便,160万,25865元/平,中楼层 (共6层) 1室1厅 | 61.86平米 | 东 北,https://ke-image.ljcdn.com/110000-inspection/pc1_PcKbr45jQ.jpg!m_fill,w_280,h_210,f_jpg?from=ke.com
20240819,朝阳,双桥,101123272499,东柳西里 公积金贷30年 满五唯一 商品房 近地铁必看好房,199万,34293元/平,中楼层 (共5层) 2室1厅 | 58.03平米 | 南 北,https://ke-image.ljcdn.com/110000-inspection/pc1_VwCsHQGHY.jpg!m_fill,w_280,h_210,f_jpg?from=ke.com
20240819,朝阳,双桥,101123266033,远洋一方嘉园   中间位置中间楼层全明格局,450万,51283元/平,中楼层 (共11层) 2室2厅 | 87.75平米 | 南 北,https://ke-image.ljcdn.com/110000-inspection/pc1_CTsspDZzf.jpg!m_fill,w_280,h_210,f_jpg?from=ke.com
20240819,朝阳,双桥,101123229459,双桥六号井 南北通透两居 中间楼层满五唯一！,210万,35241元/平,中楼层 (共6层) 2室1厅 | 59.59平米 | 南 北,https://ke-image.ljcdn.com/110000-inspection/pc1_mgmeTKJci.jpg!m_fill,w_280,h_210,f_jpg?from=ke.com
20240819,朝阳,双桥,101123152083,艺水芳园 南北三居 电梯板楼 仅有契税房主自荐,598万,44791元/平,高楼层 (共10层) 3室1厅 | 133.51平米 | 南 北,https://ke-image.ljcdn.com/110000-inspection/pc1_eDzoRXqdR.jpg!m_fill,w_280,h_210,f_jpg?from=ke.com
20240819,朝阳,双桥,101123135330,远洋一方北润园 精装全南两居 正对小区花园必看好房,439万,51208元/平,中楼层 (共18层) 2室1厅 | 85.73平米 | 南,https://ke-image.ljcdn.com/110000-inspection/pc1_YHt8p63mL.jpg!m_fill,w_280,h_210,f_jpg?from=ke.com
20240819,朝阳,双桥,101123129152,远洋一方润园6号院 南北两居室 配套齐全 交通便利,299万,40384元/平,低楼层 (共15层) 2室1厅 | 74.04平米 | 南 北,https://ke-image.ljcdn.com/110000-inspection/pc1_v7etmpsSp.jpg!m_fill,w_280,h_210,f_jpg?from=ke.com
20240819,朝阳,双桥,101123051438,金隅康惠园2号院 全南向两居室 户型方正 满五唯一必看好房,260万,34184元/平,低楼层 (共22层) | 2010年 | 2室1厅 | 76.06平米 | 南,https://ke-image.ljcdn.com/110000-inspection/pc1_ofIY2cFat.jpg!m_fill,w_280,h_210,f_jpg?from=ke.com
20240819,朝阳,双桥,101122882072,远洋一方溪语苑 花园洋房 一梯两户 业主变现诚心卖房主自荐,449万,51116元/平,底层 (共5层) 3室1厅 | 87.84平米 | 南 北,https://ke-image.ljcdn.com/110000-inspection/pc1_rxBf7iszU.jpg!m_fill,w_280,h_210,f_jpg?from=ke.com
20240819,朝阳,双桥,101122822586,远洋一方润园2号院精装两居满五年唯一业主诚售必看好房,358万,47677元/平,高楼层 (共15层) 2室1厅 | 75.09平米 | 西北,https://ke-image.ljcdn.com/110000-inspection/pc1_SJ9EVMPAQ.jpg!m_fill,w_280,h_210,f_jpg?from=ke.com
20240819,朝阳,双桥,101122664080,金隅康惠园1号院 南北通透 中间楼层必看好房,399万,38878元/平,中楼层 (共20层) | 2011年 | 3室2厅 | 102.63平米 | 南 北,https://ke-image.ljcdn.com/110000-inspection/pc1_dr3sOTLK8.jpg!m_fill,w_280,h_210,f_jpg?from=ke.com
20240819,朝阳,双桥,101122429906,双惠小区正规两居室  低楼层  南北朝向  满五年唯一,450万,43822元/平,低楼层 (共6层) | 2004年 | 2室1厅 | 102.69平米 | 南 北,https://ke-image.ljcdn.com/110000-inspection/pc1_vp130wynD.jpg!m_fill,w_280,h_210,f_jpg?from=ke.com
20240819,朝阳,双桥,101122038574,商品房 南北通透采光充足配套齐全交通便利必看好房,425万,41411元/平,高楼层 (共18层) | 2011年 | 3室1厅 | 102.63平米 | 南 北,https://ke-image.ljcdn.com/110000-inspection/pc1_SZOTMLAnU.jpg!m_fill,w_280,h_210,f_jpg?from=ke.com
20240819,朝阳,双桥,101121762866,国贸东远洋一方润园6号院南向正规一居采光好必看好房,242万,44732元/平,中楼层 (共15层) | 2011年 | 1室1厅 | 54.1平米 | 南,https://ke-image.ljcdn.com/110000-inspection/pc1_fPpLa9UH4.jpg!m_fill,w_280,h_210,f_jpg?from=ke.com
20240819,朝阳,双桥,101126039123,双桥小区本房满五年商品房集中供暖业主诚心出售必看好房,277万,37889元/平,底层 (共7层) 2室1厅 | 73.11平米 | 南 北,https://ke-image.ljcdn.com/110000-inspection/pc1_ztc9UHE5F.jpg!m_fill,w_280,h_210,f_jpg?from=ke.com
20240819,朝阳,双桥,101125769028,东一时区跃层两居室南北通透客厅带挑空。必看好房,423万,25993元/平,中楼层 (共5层) 2室2厅 | 162.74平米 | 南 北,https://ke-image.ljcdn.com/110000-inspection/04624a96-9a79-431c-94ca-d8d967cdc2ef_1000.jpg!m_fill,w_280,h_210,f_jpg?from=ke.com
20240819,朝阳,双桥,101125735267,地铁1号线万达广场南北小两居 一层 只有契税必看好房,155万,36923元/平,底层 (共5层) 2室1厅 | 41.98平米 | 南 北,https://ke-image.ljcdn.com/110000-inspection/pc1_gFU22E2Vw.jpg!m_fill,w_280,h_210,f_jpg?from=ke.com
20240819,朝阳,双桥,101125680224,双惠苑陆号院 精装修 拎包入住,265万,41413元/平,高楼层 (共6层) 2室1厅 | 63.99平米 | 南 北,https://ke-image.ljcdn.com/110000-inspection/pc1_DWbul1YTY_1.jpg!m_fill,w_280,h_210,f_jpg?from=ke.com
20240819,朝阳,双桥,101125648565,满五年唯一高楼层装修保持好全南向采光视野必看好房,658万,40137元/平,高楼层 (共31层) | 2007年 | 3室1厅 | 163.94平米 | 南,https://ke-image.ljcdn.com/110000-inspection/pc1_qHEQ517k0.jpg!m_fill,w_280,h_210,f_jpg?from=ke.com
20240819,朝阳,双桥,101125633923,双柳新居 满五年唯一商品房 南北通透必看好房,295万,35815元/平,高楼层 (共6层) 2室1厅 | 82.37平米 | 南 北,https://ke-image.ljcdn.com/110000-inspection/pc1_5CCXGv5o6.jpg!m_fill,w_280,h_210,f_jpg?from=ke.com
20240819,朝阳,双桥,101125570742,本房满五年业主唯一住房仅有契税诚心出售 全明格必看好房,268万,36935元/平,中楼层 (共15层) | 2006年 | 1室1厅 | 72.56平米 | 东,https://ke-image.ljcdn.com/110000-inspection/pc1_GdugGqQ9k.jpg!m_fill,w_280,h_210,f_jpg?from=ke.com
20240819,朝阳,双桥,101125517948,珠江绿洲临河三居高楼层满五年唯一必看好房,560万,47950元/平,高楼层 (共31层) | 2006年 | 3室2厅 | 116.79平米 | 西南,https://ke-image.ljcdn.com/110000-inspection/pc1_FN9MBmNdH.jpg!m_fill,w_280,h_210,f_jpg?from=ke.com
20240819,朝阳,双桥,101125435691,东柳西里 南北通透 正规两居室必看好房,146万,29330元/平,顶层 (共5层) 2室0厅 | 49.78平米 | 南 北,https://ke-image.ljcdn.com/110000-inspection/8c84ef43-2f83-42f2-8968-4c72f3c43040_1000.jpg!m_fill,w_280,h_210,f_jpg?from=ke.com
20240819,朝阳,双桥,101125408146,远洋一方北润园 洋房三居室 南北通透 全明格局必看好房,648万,53568元/平,中楼层 (共8层) 3室1厅 | 120.97平米 | 东 南 北,https://ke-image.ljcdn.com/110000-inspection/pc1_pYIQwM2uB.jpg!m_fill,w_280,h_210,f_jpg?from=ke.com
20240819,朝阳,双桥,101125406446,华美橡树岭小区 满五唯一 电梯洋房两居,336万,43188元/平,中楼层 (共6层) | 2008年 | 2室1厅 | 77.8平米 | 东南 南,https://ke-image.ljcdn.com/110000-inspection/pc1_TEcJ0KnCI.jpg!m_fill,w_280,h_210,f_jpg?from=ke.com
20240819,朝阳,双桥,101125316322,双桥小区 南北通透4居室 上下两层复式必看好房,428万,26165元/平,高楼层 (共7层) | 2005年 | 4室1厅 | 163.58平米 | 南 北,https://ke-image.ljcdn.com/110000-inspection/pc1_Hjtqa23AS.jpg!m_fill,w_280,h_210,f_jpg?from=ke.com
20240819,朝阳,双桥,101125286930,北花园小区3号院 南北通透两居室 满五年唯一 诚售必看好房,345万,34646元/平,低楼层 (共29层) 2室1厅 | 99.58平米 | 南 北,https://ke-image.ljcdn.com/110000-inspection/pc1_titMvv7Ol.jpg!m_fill,w_280,h_210,f_jpg?from=ke.com
20240819,朝阳,双桥,101125264712,满五年唯一商品房南北通透双卫设计圆弧阳台,518万,47813元/平,中楼层 (共17层) 3室1厅 | 108.34平米 | 南 北,https://ke-image.ljcdn.com/110000-inspection/pc1_IoMiJjZP4.jpg!m_fill,w_280,h_210,f_jpg?from=ke.com
20240819,朝阳,双桥,101125110843,南向正规1居带南向阳台   无遮挡采光好必看好房,135万,37890元/平,底层 (共5层) 1室1厅 | 35.63平米 | 南,https://ke-image.ljcdn.com/110000-inspection/pc1_rFrYKe8mW.jpg!m_fill,w_280,h_210,f_jpg?from=ke.com
20240819,朝阳,双桥,101125095079,双桥五号井 全南两居室 采光视野好必看好房,131万,24500元/平,顶层 (共4层) | 1981年 | 2室1厅 | 53.47平米 | 南,https://ke-image.ljcdn.com/110000-inspection/pc1_vlJXzauys.jpg!m_fill,w_280,h_210,f_jpg?from=ke.com
20240819,朝阳,双桥,101124913706,远洋一方润园6号院 3室1厅 南 北必看好房,359万,40050元/平,低楼层 (共15层) 3室1厅 | 89.64平米 | 南 北,https://ke-image.ljcdn.com/110000-inspection/pc1_jGdiTKWTo.jpg!m_fill,w_280,h_210,f_jpg?from=ke.com
20240819,朝阳,双桥,101124875961,金隅康惠园3号院 满五年唯一 正规两居 带电梯,280万,38776元/平,中楼层 (共22层) | 2010年 | 2室1厅 | 72.21平米 | 西南,https://ke-image.ljcdn.com/110000-inspection/pc1_MCLBJQucl.jpg!m_fill,w_280,h_210,f_jpg?from=ke.com
20240819,朝阳,双桥,101124873235,水郡长安复式两居双卫居住舒适中楼层临河观景,435万,38599元/平,中楼层 (共20层) 2室1厅 | 112.7平米 | 北,https://ke-image.ljcdn.com/110000-inspection/pc1_GDiAGK0uc.jpg!m_fill,w_280,h_210,f_jpg?from=ke.com
20240819,朝阳,双桥,101124846752,远洋一方润园2号院 精装洋房大三居,720万,49859元/平,底层 (共6层) 3室2厅 | 144.41平米 | 南 北,https://ke-image.ljcdn.com/110000-inspection/cffdcc5e-a4e8-4d68-b1c8-5e1e7eefb808_1000.jpg!m_fill,w_280,h_210,f_jpg?from=ke.com
20240819,朝阳,双桥,101124819569,水郡长安一梯两户南北通透双卧南向近地铁花园洋房必看好房,790万,52077元/平,中楼层 (共9层) 3室1厅 | 151.7平米 | 南 北,https://ke-image.ljcdn.com/110000-inspection/pc1_1klWDjlec.jpg!m_fill,w_280,h_210,f_jpg?from=ke.com
20240819,朝阳,双桥,101124679846,满五唯一视野好没遮挡临河观景采光充足必看好房,585万,40815元/平,低楼层 (共31层) | 2007年 | 3室1厅 | 143.33平米 | 东南,https://ke-image.ljcdn.com/110000-inspection/pc1_SvcWSpVtG.jpg!m_fill,w_280,h_210,f_jpg?from=ke.com
20240819,朝阳,双桥,101124576349,单价3.3万挑空复式南北通透小区中间位置,385万,31607元/平,中楼层 (共5层) | 2005年 | 2室1厅 | 121.81平米 | 南 北,https://ke-image.ljcdn.com/110000-inspection/test-4b911466-942c-4d34-8614-dec35333193e.png!m_fill,w_280,h_210,f_jpg?from=ke.com
20240819,朝阳,双桥,101124562892,满五年唯一全明格局两居室 高楼层 近地铁 配套齐,239万,32821元/平,顶层 (共20层) | 2010年 | 2室1厅 | 72.82平米 | 西南 北,https://ke-image.ljcdn.com/110000-inspection/pc1_5MnxgTG9R.jpg!m_fill,w_280,h_210,f_jpg?from=ke.com
20240819,朝阳,双桥,101124545970,远洋一方林语苑 满五唯一 城心出售必看好房,398万,43722元/平,中楼层 (共18层) 2室1厅 | 91.03平米 | 南,https://ke-image.ljcdn.com/110000-inspection/08ecdae0-13ef-4e40-844e-feff76df08ac_1000.jpg!m_fill,w_280,h_210,f_jpg?from=ke.com
20240819,朝阳,双桥,101124542492,金隅康惠园1号院  9层板楼洋房带电梯必看好房,205万,35696元/平,高楼层 (共9层) | 2011年 | 1室1厅 | 57.43平米 | 西,https://ke-image.ljcdn.com/110000-inspection/pc1_t7XT7ZnrV.jpg!m_fill,w_280,h_210,f_jpg?from=ke.com
20240819,朝阳,双桥,101124218687,珠江绿洲东南小三居精装修满五唯一价格可谈仅契税必看好房,559万,49143元/平,高楼层 (共31层) | 2003年 | 3室1厅 | 113.75平米 | 东南,https://ke-image.ljcdn.com/110000-inspection/pc1_7Ye8Dma0Z.jpg!m_fill,w_280,h_210,f_jpg?from=ke.com
20240819,朝阳,双桥,101124119494,双惠苑 满五年唯一商品房 南北双通透 前后无遮挡,420万,45578元/平,中楼层 (共6层) | 2004年 | 2室1厅 | 92.15平米 | 南 北,https://ke-image.ljcdn.com/110000-inspection/pc1_iw27alHcL.jpg!m_fill,w_280,h_210,f_jpg?from=ke.com
20240819,朝阳,双桥,101124050265,珠江绿洲   全屋60万精装东南三居 无增值税必看好房,645万,44920元/平,高楼层 (共31层) 3室1厅 | 143.59平米 | 东南,https://ke-image.ljcdn.com/110000-inspection/bd092e6f-a98a-4c7d-bebe-28fac4727aa5_1000.jpg!m_fill,w_280,h_210,f_jpg?from=ke.com
20240819,朝阳,双桥,101123870427,远洋一方林语苑 精装一居室 满五唯一 视野开阔,275万,41255元/平,高楼层 (共18层) 1室1厅 | 66.66平米 | 东北,https://ke-image.ljcdn.com/110000-inspection/pc1_6gXskBNry.jpg!m_fill,w_280,h_210,f_jpg?from=ke.com
20240819,朝阳,双桥,101123858226,每个房间都向阳方正两居二次装修无遮挡必看好房,299万,40836元/平,中楼层 (共22层) 2室1厅 | 73.22平米 | 西南,https://ke-image.ljcdn.com/110000-inspection/pc1_Mz6qJGzhn.jpg!m_fill,w_280,h_210,f_jpg?from=ke.com
20240819,朝阳,双桥,101123828827,总监推荐 双桥六号井 南北两居 中间楼层,184万,32671元/平,中楼层 (共6层) 2室1厅 | 56.32平米 | 南 北,https://ke-image.ljcdn.com/110000-inspection/pc1_LuyRTpTfZ.jpg!m_fill,w_280,h_210,f_jpg?from=ke.com
20240819,朝阳,双桥,101123809189,精装南向一居中高楼层采光视野好一梯三户公摊小必看好房,330万,52117元/平,中楼层 (共11层) | 2012年 | 1室1厅 | 63.32平米 | 南,https://ke-image.ljcdn.com/110000-inspection/pc1_uIaAOw4om.jpg!m_fill,w_280,h_210,f_jpg?from=ke.com
20240819,朝阳,双桥,101123718921,满五年唯一双阳台业主诚心出售随时可以签约,318万,42070元/平,中楼层 (共31层) | 2004年 | 1室1厅 | 75.59平米 | 东北,https://ke-image.ljcdn.com/110000-inspection/pc1_nBxx3WDiR.jpg!m_fill,w_280,h_210,f_jpg?from=ke.com
20240819,朝阳,双桥,101123698151,远洋一方林语苑 满五唯一 无遮挡 视野开阔 精装修,435万,48555元/平,低楼层 (共18层) 2室1厅 | 89.59平米 | 东南,https://ke-image.ljcdn.com/110000-inspection/pc1_KnAY8ywmH.jpg!m_fill,w_280,h_210,f_jpg?from=ke.com
20240819,朝阳,双桥,101123628660,满五唯一南北通透刚需小三居必看好房,446万,49435元/平,中楼层 (共7层) 3室1厅 | 90.22平米 | 南 北,https://ke-image.ljcdn.com/110000-inspection/pc1_RCQ3KN4as.jpg!m_fill,w_280,h_210,f_jpg?from=ke.com
20240819,朝阳,双桥,101123359999,天泰新房苑 南北通透 中间楼层 不临街 双阳台必看好房,338万,38171元/平,中楼层 (共7层) 2室1厅 | 88.55平米 | 南 北,https://ke-image.ljcdn.com/110000-inspection/pc1_3dzlINf2h.jpg!m_fill,w_280,h_210,f_jpg?from=ke.com
20240819,朝阳,双桥,101123235438,双桥温泉东里两居室双卫满五年唯一带电梯。,315万,34430元/平,低楼层 (共14层) | 2004年 | 2室1厅 | 91.49平米 | 南 北,https://ke-image.ljcdn.com/110000-inspection/pc1_OhXKbw1I9_1.jpg!m_fill,w_280,h_210,f_jpg?from=ke.com
20240819,朝阳,双桥,101123009108,东西向全明格局三居 满五唯一 电梯楼必看好房,342万,36508元/平,中楼层 (共21层) | 2011年 | 3室1厅 | 93.68平米 | 东 西,https://ke-image.ljcdn.com/110000-inspection/bdeb04e2-a254-4f44-9828-78d0670f89dd_1000.jpg!m_fill,w_280,h_210,f_jpg?from=ke.com
20240819,朝阳,双桥,101122719222,水郡长安家园1号院南像采光好视野好精装修三居室必看好房,599万,40351元/平,中楼层 (共19层) | 2009年 | 3室2厅 | 148.45平米 | 南 西南,https://ke-image.ljcdn.com/110000-inspection/440da7ca-ff26-40b6-bfca-21817070d136_1000.jpg!m_fill,w_280,h_210,f_jpg?from=ke.com
20240819,朝阳,双桥,101122550007,临河 观景高楼层采光视野好房主自荐,620万,37661元/平,高楼层 (共31层) | 2006年 | 3室1厅 | 164.63平米 | 南,https://ke-image.ljcdn.com/110000-inspection/pc1_WkeKdYmcC_1.jpg!m_fill,w_280,h_210,f_jpg?from=ke.com
20240819,朝阳,双桥,101125421330,玲珑山精装开间业主诚心委托出售,119万,24705元/平,中楼层 (共9层) | 2013年 | 1室0厅 | 48.17平米 | 东,https://s1.ljcdn.com/pegasus/redskull/images/common/default_house_list.png?_v=2024081414383053
20240819,朝阳,双桥,101124922956,50年产权办公用房东南朝向好可注册公司,102万,15575元/平,低楼层 (共19层) | 2009年 | 1室1厅 | 65.49平米 | 东南,https://s1.ljcdn.com/pegasus/redskull/images/common/default_house_list.png?_v=2024081414383053
20240819,朝阳,双桥,101124809643,玲珑山 一室 高楼层 采光好 看房方便必看好房,142万,26409元/平,高楼层 (共14层) 1室1厅 | 53.77平米 | 西,https://s1.ljcdn.com/pegasus/redskull/images/common/default_house_list.png?_v=2024081414383053
20240819,朝阳,双桥,101126033852,远洋一方花语苑 精装两居 房本满五年 业主诚售新上,430万,48304元/平,中楼层 (共9层) 2室1厅 | 89.02平米 | 南 西,https://ke-image.ljcdn.com/110000-inspection/pc1_HbgB2q4cH.jpg!m_fill,w_280,h_210,f_jpg?from=ke.com
20240819,朝阳,双桥,101126002758,国贸东一号线远洋一方林语苑全明一居诚心出售新上,265万,39868元/平,低楼层 (共18层) 1室1厅 | 66.47平米 | 东北,https://ke-image.ljcdn.com/110000-inspection/pc1_9gIJZwQK4.jpg!m_fill,w_280,h_210,f_jpg?from=ke.com
20240819,朝阳,双桥,101126002604,天泰新房苑 南北通透大三居 楼层高 视野好新上,518万,36588元/平,高楼层 (共11层) 3室1厅 | 141.58平米 | 南 北,https://ke-image.ljcdn.com/110000-inspection/pc1_H7VwnLagx.jpg!m_fill,w_280,h_210,f_jpg?from=ke.com
20240819,朝阳,双桥,101125976038,双柳巷 2室1厅 南 北新上,250万,38736元/平,低楼层 (共6层) 2室1厅 | 64.54平米 | 南 北,https://ke-image.ljcdn.com/110000-inspection/pc1_35vLmzUCj_1.jpg!m_fill,w_280,h_210,f_jpg?from=ke.com
20240819,朝阳,双桥,101125962429,朝阳旺角 2室2厅 南 北新上,439万,43765元/平,顶层 (共6层) | 2006年 | 2室2厅 | 100.31平米 | 南 北,https://ke-image.ljcdn.com/110000-inspection/pc1_EmTHsxn0u.jpg!m_fill,w_280,h_210,f_jpg?from=ke.com
20240819,朝阳,双桥,101125958974,双惠苑5号院 满五唯一 商品房 精装H户型 落地窗新上,395万,51127元/平,低楼层 (共6层) | 2004年 | 2室1厅 | 77.26平米 | 南 北,https://ke-image.ljcdn.com/110000-inspection/pc1_XVzi4Fyfp.jpg!m_fill,w_280,h_210,f_jpg?from=ke.com
20240819,朝阳,双桥,101125928438,远洋一方 满五唯一 高楼层 精装西南两居 视野开阔,428万,47774元/平,高楼层 (共18层) 2室1厅 | 89.59平米 | 西南,https://ke-image.ljcdn.com/110000-inspection/pc1_BwrEXEbWv.jpg!m_fill,w_280,h_210,f_jpg?from=ke.com
20240819,朝阳,双桥,101125922973,远洋一方林语苑 2室1厅 东南,435万,48485元/平,中楼层 (共18层) 2室1厅 | 89.72平米 | 东南,https://ke-image.ljcdn.com/110000-inspection/pc1_FCTADPxXO.jpg!m_fill,w_280,h_210,f_jpg?from=ke.com
20240819,朝阳,双桥,101125910473,2000年南北通透两居中间楼层优质好房！,239万,33250元/平,低楼层 (共6层) 2室1厅 | 71.88平米 | 南 北,https://ke-image.ljcdn.com/110000-inspection/pc1_QKGj4yVI6.jpg!m_fill,w_280,h_210,f_jpg?from=ke.com
20240819,朝阳,双桥,101125896743,朝阳旺角 南北双通透 中间楼层 满五年唯一,460万,44914元/平,中楼层 (共6层) | 2006年 | 2室1厅 | 102.42平米 | 南 北,https://ke-image.ljcdn.com/110000-inspection/pc1_A3rNKpsRp.jpg!m_fill,w_280,h_210,f_jpg?from=ke.com
20240819,朝阳,双桥,101125892485,双桥六号井南北两居阳光足中间层好出入！！,195万,33226元/平,中楼层 (共4层) 2室1厅 | 58.69平米 | 南,https://ke-image.ljcdn.com/110000-inspection/pc1_aEnQP3umM.jpg!m_fill,w_280,h_210,f_jpg?from=ke.com
20240819,朝阳,双桥,101125875928,东一时区方正两居满五年唯一高楼层视野好,475万,49096元/平,高楼层 (共11层) 2室1厅 | 96.75平米 | 南 北,https://ke-image.ljcdn.com/110000-inspection/pc1_gr6cWIvyP.jpg!m_fill,w_280,h_210,f_jpg?from=ke.com
20240819,朝阳,双桥,101125872960,双柳巷商品房集中供暖南北通风采光好看房方便,238万,36877元/平,顶层 (共6层) 2室1厅 | 64.54平米 | 南 北,https://ke-image.ljcdn.com/110000-inspection/7330b4c4-42b6-4a6f-b6ed-078723392586_1000.jpg!m_fill,w_280,h_210,f_jpg?from=ke.com
20240819,朝阳,双桥,101125870519,远洋一方新悦一期精装两居人车分流楼龄新,390万,43939元/平,低楼层 (共18层) 2室1厅 | 88.76平米 | 西南,https://ke-image.ljcdn.com/110000-inspection/pc1_4NHZqzhZG.jpg!m_fill,w_280,h_210,f_jpg?from=ke.com
20240819,朝阳,双桥,101125867233,水郡长安 3室2厅 南 北,790万,52173元/平,中楼层 (共9层) 3室2厅 | 151.42平米 | 南 北,https://ke-image.ljcdn.com/110000-inspection/527df145-c70d-40b6-ba17-baf2e156ced9_1000.jpg!m_fill,w_280,h_210,f_jpg?from=ke.com
20240819,朝阳,双桥,101125866166,京能龙湖熙上 2室1厅 东 西,425万,60628元/平,中楼层 (共15层) | 2023年 | 2室1厅 | 70.1平米 | 东 西,https://ke-image.ljcdn.com/110000-inspection/pc1_XC7wtbgFF.jpg!m_fill,w_280,h_210,f_jpg?from=ke.com
20240819,朝阳,双桥,101125847309,双惠苑  经典南北两居 满五年唯一商品房  精装修,388万,46742元/平,高楼层 (共6层) 2室1厅 | 83.01平米 | 南 北,https://ke-image.ljcdn.com/110000-inspection/910475de-3a0b-4a35-b947-4125139352b3_1000.jpg!m_fill,w_280,h_210,f_jpg?from=ke.com
20240819,朝阳,双桥,101125827462,电梯花园洋房 精装修 南北通透一梯两户 诚心出售,399万,45347元/平,中楼层 (共6层) 2室1厅 | 87.99平米 | 南 北,https://ke-image.ljcdn.com/110000-inspection/pc1_W9emYIL7Y.jpg!m_fill,w_280,h_210,f_jpg?from=ke.com
20240819,朝阳,双桥,101125824896,金隅康惠园3号院 东西通透三居室 商品房,510万,39560元/平,低楼层 (共20层) | 2010年 | 3室2厅 | 128.92平米 | 东 西,https://ke-image.ljcdn.com/110000-inspection/6b9ef838-691f-4f89-8ef6-92bb4440a379_1000.jpg!m_fill,w_280,h_210,f_jpg?from=ke.com
20240819,朝阳,双桥,101125799089,金隅康惠园2号院 满五唯一 精装修 近地铁好房,295万,41087元/平,中楼层 (共20层) | 2010年 | 2室1厅 | 71.8平米 | 西南,https://ke-image.ljcdn.com/110000-inspection/pc1_vddKaRWTE.jpg!m_fill,w_280,h_210,f_jpg?from=ke.com
20240819,朝阳,双桥,101125780871,远洋一方林语苑 3室1厅 南 北,485万,53627元/平,底层 (共6层) | 2009年 | 3室1厅 | 90.44平米 | 南 北,https://ke-image.ljcdn.com/110000-inspection/pc1_korRstD7V.jpg!m_fill,w_280,h_210,f_jpg?from=ke.com
20240819,朝阳,双桥,101125764074,双桥六号井 南北三居室 满五年唯一 诚心出售,220万,40764元/平,底层 (共5层) 3室1厅 | 53.97平米 | 南 北,https://ke-image.ljcdn.com/110000-inspection/pc1_jrII9sI27.jpg!m_fill,w_280,h_210,f_jpg?from=ke.com
20240819,朝阳,双桥,101125738855,双桥温泉东里小区 1室1厅 南,230万,46120元/平,顶层 (共14层) 1室1厅 | 49.87平米 | 南,https://ke-image.ljcdn.com/110000-inspection/pc1_QLFpgKdE5.jpg!m_fill,w_280,h_210,f_jpg?from=ke.com
20240819,朝阳,双桥,101125682375,东南正规一居只有契税诚意出售不临街,208万,37424元/平,低楼层 (共22层) 1室1厅 | 55.58平米 | 东南,https://ke-image.ljcdn.com/110000-inspection/pc1_O0JnUH96s.jpg!m_fill,w_280,h_210,f_jpg?from=ke.com
20240819,朝阳,双桥,101125667282,京能龙湖熙上 南北通透 全明格局 环境好 采光好,568万,66024元/平,中楼层 (共8层) 3室1厅 | 86.03平米 | 南 北,https://ke-image.ljcdn.com/110000-inspection/pc1_In1b7Ytr8_1.jpg!m_fill,w_280,h_210,f_jpg?from=ke.com
20240819,朝阳,双桥,101125666803,远洋一方润园2号院 三面朝南三居 不临街 明厨明卫房主自荐,607万,50203元/平,底层 (共9层) | 2011年 | 3室1厅 | 120.91平米 | 南 北,https://ke-image.ljcdn.com/110000-inspection/pc1_dPvS8aL64.jpg!m_fill,w_280,h_210,f_jpg?from=ke.com
20240819,朝阳,双桥,101125661352,品质社区 南北通透 户型方正 诚心出售房主自荐,518万,59059元/平,中楼层 (共11层) | 2012年 | 3室2厅 | 87.71平米 | 南 北,https://ke-image.ljcdn.com/110000-inspection/pc1_e7mPS0nsi.jpg!m_fill,w_280,h_210,f_jpg?from=ke.com
20240819,朝阳,双桥,101125652918,远洋一方南向两居室中间层满五年唯一诚心出售,460万,53657元/平,中楼层 (共18层) 2室1厅 | 85.73平米 | 南,https://ke-image.ljcdn.com/110000-inspection/pc1_kfesktbof.jpg!m_fill,w_280,h_210,f_jpg?from=ke.com
20240819,朝阳,双桥,101125644455,远洋一方溪语苑 2室1厅 东南,509万,56840元/平,低楼层 (共11层) 2室1厅 | 89.55平米 | 东南,https://ke-image.ljcdn.com/110000-inspection/pc1_GK2q7zCdn.jpg!m_fill,w_280,h_210,f_jpg?from=ke.com
20240819,朝阳,双桥,101125641704,东柳西里 中间楼层南向近地铁 配套设施齐全,180万,43374元/平,中楼层 (共5层) 2室0厅 | 41.5平米 | 南,https://ke-image.ljcdn.com/110000-inspection/pc1_xIbOGiXwm.jpg!m_fill,w_280,h_210,f_jpg?from=ke.com
20240819,朝阳,双桥,101125616622,双柳巷小区明厨明卫H户型两居诚售3层精装,350万,44026元/平,中楼层 (共6层) | 1997年 | 2室1厅 | 79.5平米 | 南 北,https://ke-image.ljcdn.com/110000-inspection/f2f5daeb-8518-42a3-a1f5-d74a5b6a759d_1000.jpg!m_fill,w_280,h_210,f_jpg?from=ke.com
20240819,朝阳,双桥,101125613256,水郡长安 1室1厅 北,289万,47510元/平,中楼层 (共19层) 1室1厅 | 60.83平米 | 北,https://ke-image.ljcdn.com/110000-inspection/pc1_TWHiWBIgC.jpg!m_fill,w_280,h_210,f_jpg?from=ke.com
20240819,朝阳,双桥,101125605433,双桥六号井 南北两居 满五唯一 看房方便,220万,41230元/平,底层 (共6层) | 1995年 | 2室1厅 | 53.36平米 | 南 北,https://ke-image.ljcdn.com/110000-inspection/pc1_1eoE9oZU8.jpg!m_fill,w_280,h_210,f_jpg?from=ke.com
20240819,朝阳,双桥,101125601740,远洋一方润园6号院 2室1厅 东 西,308万,41012元/平,高楼层 (共11层) | 2011年 | 2室1厅 | 75.1平米 | 东 西,https://ke-image.ljcdn.com/110000-inspection/pc1_oXZnCURcT.jpg!m_fill,w_280,h_210,f_jpg?from=ke.com
20240819,朝阳,双桥,101125593350,双桥六号井精装修 一室一厅中间层温馨舒适,159万,36260元/平,低楼层 (共6层) 1室1厅 | 43.85平米 | 南,https://ke-image.ljcdn.com/110000-inspection/pc1_dzlbmpK5l.jpg!m_fill,w_280,h_210,f_jpg?from=ke.com
20240819,朝阳,双桥,101125588684,双桥嘉园 南向两居室满五年唯一随时签约价可谈房主自荐,267万,33539元/平,中楼层 (共23层) | 2015年 | 2室1厅 | 79.61平米 | 南,https://ke-image.ljcdn.com/110000-inspection/pc1_u83W0LD5j.jpg!m_fill,w_280,h_210,f_jpg?from=ke.com
20240819,朝阳,双桥,101125586919,双桥嘉园 西南北三居 全明格局 满五唯一,315万,35291元/平,中楼层 (共23层) | 2015年 | 3室1厅 | 89.26平米 | 南 北,https://ke-image.ljcdn.com/110000-inspection/pc1_YDLsfLgQq.jpg!m_fill,w_280,h_210,f_jpg?from=ke.com
20240819,朝阳,双桥,101125576939,远洋一方林语苑 满五唯一 精装修 高楼层,275万,41255元/平,中楼层 (共18层) 1室1厅 | 66.66平米 | 东北,https://ke-image.ljcdn.com/110000-inspection/pc1_IcOtrmJQ6.jpg!m_fill,w_280,h_210,f_jpg?from=ke.com
20240819,朝阳,双桥,101125576705,东柳西里 2室1厅 南 北,196万,38022元/平,中楼层 (共5层) | 1982年 | 2室1厅 | 51.55平米 | 南 北,https://ke-image.ljcdn.com/110000-inspection/30f4e6dc-635b-45f9-8aed-5c2ad130ec9f_1000.jpg!m_fill,w_280,h_210,f_jpg?from=ke.com
20240819,朝阳,双桥,101125576659,双桥地铁万达旁低密度洋房 正规大一居 首付55万起,249万,38701元/平,顶层 (共6层) 1室1厅 | 64.34平米 | 南,https://ke-image.ljcdn.com/110000-inspection/pc1_MjvQPkFsH.jpg!m_fill,w_280,h_210,f_jpg?from=ke.com
20240819,朝阳,双桥,101125565340,远洋一方润园2号院 南向两居 满五唯一 业主诚售,418万,48074元/平,低楼层 (共14层) 2室1厅 | 86.95平米 | 南,https://ke-image.ljcdn.com/110000-inspection/pc1_oeR5PJat0.jpg!m_fill,w_280,h_210,f_jpg?from=ke.com
20240819,朝阳,双桥,101125549822,二次装修拎包入住视野很棒看房随时正规两居,359万,45908元/平,中楼层 (共22层) 2室1厅 | 78.2平米 | 西南,https://ke-image.ljcdn.com/110000-inspection/pc1_LnsF5xsaT.jpg!m_fill,w_280,h_210,f_jpg?from=ke.com
20240819,朝阳,双桥,101125547953,远洋一方溪语苑 全明格局 满五唯一 高楼层,730万,56929元/平,高楼层 (共9层) 3室2厅 | 128.23平米 | 南 北,https://ke-image.ljcdn.com/110000-inspection/pc1_jBVPauMxR.jpg!m_fill,w_280,h_210,f_jpg?from=ke.com
20240819,朝阳,双桥,101125547801,东柳西里 满五唯一 商品房 南北通透 近地铁好房,165万,34840元/平,顶层 (共5层) 2室1厅 | 47.36平米 | 南 北,https://ke-image.ljcdn.com/110000-inspection/69278d34-c24e-4b35-a8f7-eff3a6bc6ec7_1000.jpg!m_fill,w_280,h_210,f_jpg?from=ke.com
20240819,朝阳,双桥,101125537234,双桥五号井 视野好 采光充足 看房方便房主自荐,260万,34980元/平,中楼层 (共6层) 2室1厅 | 74.33平米 | 南 北,https://ke-image.ljcdn.com/110000-inspection/pc1_dkmnzRGBv.jpg!m_fill,w_280,h_210,f_jpg?from=ke.com
20240819,朝阳,双桥,101125501903,户型少 全明格局  楼位置好 视野好,240万,41660元/平,低楼层 (共6层) 1室1厅 | 57.61平米 | 南 北,https://ke-image.ljcdn.com/110000-inspection/pc1_xwvTPeMk7.jpg!m_fill,w_280,h_210,f_jpg?from=ke.com
20240819,朝阳,双桥,101125464170,水郡长安亲水别墅社区南向三居高楼层随时看房,620万,41796元/平,高楼层 (共20层) | 2008年 | 3室2厅 | 148.34平米 | 东南,https://ke-image.ljcdn.com/110000-inspection/pc1_tYaBO27Nl.jpg!m_fill,w_280,h_210,f_jpg?from=ke.com
20240819,朝阳,双桥,101125456591,远洋一方林语苑南北通透明厨明卫两居,450万,50006元/平,中楼层 (共11层) 2室1厅 | 89.99平米 | 南 北,https://ke-image.ljcdn.com/110000-inspection/pc1_nyBMXliPh.jpg!m_fill,w_280,h_210,f_jpg?from=ke.com
20240819,朝阳,双桥,101125449186,东一时区满五年唯一 户型方正高楼层房主自荐,193万,45541元/平,中楼层 (共15层) | 2005年 | 1室0厅 | 42.38平米 | 北,https://ke-image.ljcdn.com/110000-inspection/pc1_johUgoXaC.jpg!m_fill,w_280,h_210,f_jpg?from=ke.com
20240819,朝阳,双桥,101125428969,华美橡树岭南向两居室带电梯满五年！,363万,47101元/平,中楼层 (共6层) | 2008年 | 2室1厅 | 77.07平米 | 南,https://ke-image.ljcdn.com/110000-inspection/pc1_hIPAzzMAI.jpg!m_fill,w_280,h_210,f_jpg?from=ke.com
20240819,朝阳,双桥,101125421564,满五唯一商品房看房随时随时可以签约。,205万,45556元/平,中楼层 (共12层) | 2006年 | 1室0厅 | 45平米 | 北,https://ke-image.ljcdn.com/110000-inspection/pc1_dHIfryBN6.jpg!m_fill,w_280,h_210,f_jpg?from=ke.com
20240819,朝阳,双桥,101125395590,2012年建成的商品房小区2014房本高楼层。,430万,48561元/平,高楼层 (共15层) 3室1厅 | 88.55平米 | 西南,https://ke-image.ljcdn.com/110000-inspection/pc1_SBukmy4NW.jpg!m_fill,w_280,h_210,f_jpg?from=ke.com
20240819,朝阳,双桥,101125387107,双桥嘉园南向一居室户型方正业主随时签约,169万,31893元/平,底层 (共23层) | 2015年 | 1室1厅 | 52.99平米 | 东 南,https://ke-image.ljcdn.com/110000-inspection/pc1_unXjvWAUU.jpg!m_fill,w_280,h_210,f_jpg?from=ke.com
20240819,朝阳,双桥,101125383066,远洋一方花语苑 东北两居 诚心出售,380万,49332元/平,高楼层 (共11层) 2室1厅 | 77.03平米 | 东北,https://ke-image.ljcdn.com/110000-inspection/pc1_qLyksdnOz.jpg!m_fill,w_280,h_210,f_jpg?from=ke.com
20240819,朝阳,双桥,101125371146,远洋一方润园2号院 3室2厅 南 北,528万,59094元/平,低楼层 (共11层) 3室2厅 | 89.35平米 | 南 北,https://ke-image.ljcdn.com/110000-inspection/pc1_l50wCgRhS.jpg!m_fill,w_280,h_210,f_jpg?from=ke.com
20240819,朝阳,双桥,101125370371,远洋一方北润园 正规南向一居室 精装修 诚意出售,339万,53716元/平,低楼层 (共9层) 1室1厅 | 63.11平米 | 南,https://ke-image.ljcdn.com/110000-inspection/pc1_t1XZeRDhl.jpg!m_fill,w_280,h_210,f_jpg?from=ke.com
20240819,朝阳,双桥,101125353845,双柳巷 中间层 南北通透两居室 满五唯一商品房,305万,40591元/平,中楼层 (共6层) 2室1厅 | 75.14平米 | 南 北,https://ke-image.ljcdn.com/110000-inspection/pc1_TfsBUfL8G.jpg!m_fill,w_280,h_210,f_jpg?from=ke.com
20240819,朝阳,双桥,101125351668,双桥六号井 南北两居 满五年 2000年房子,190万,31896元/平,顶层 (共5层) 2室1厅 | 59.57平米 | 南 北,https://ke-image.ljcdn.com/110000-inspection/pc1_shGgfvbop.jpg!m_fill,w_280,h_210,f_jpg?from=ke.com
20240819,朝阳,双桥,101125349439,远洋一方花语苑 3室2厅 南 北,475万,52158元/平,顶层 (共8层) 3室2厅 | 91.07平米 | 南 北,https://ke-image.ljcdn.com/110000-inspection/pc1_SnluQux9a.jpg!m_fill,w_280,h_210,f_jpg?from=ke.com
20240819,朝阳,双桥,101125343760,双惠苑4号院 2室1厅 南 北,450万,47449元/平,底层 (共6层) 2室1厅 | 94.84平米 | 南 北,https://ke-image.ljcdn.com/110000-inspection/pc1_SdifEqoAG.jpg!m_fill,w_280,h_210,f_jpg?from=ke.com
20240819,朝阳,双桥,101125302252,精装南北三居满五年唯一采光好一梯两户公摊小,498万,56694元/平,底层 (共5层) 3室1厅 | 87.84平米 | 南 北,https://ke-image.ljcdn.com/110000-inspection/990a3287-f5c0-4b5f-8c54-79a3291e74de_1000.jpg!m_fill,w_280,h_210,f_jpg?from=ke.com
20240819,朝阳,双桥,101125286974,远洋一方南向一居室装修好拎包入住房主自荐,215万,39778元/平,低楼层 (共15层) | 2011年 | 1室1厅 | 54.05平米 | 南,https://ke-image.ljcdn.com/110000-inspection/8b78370c-3d0c-40b8-be2e-004a6c47a7b4_1000.jpg!m_fill,w_280,h_210,f_jpg?from=ke.com
20240819,朝阳,双桥,101125281154,国贸东一号线远洋一方溪语苑低密洋房婚房精装,540万,60275元/平,低楼层 (共11层) 2室1厅 | 89.59平米 | 西南,https://ke-image.ljcdn.com/110000-inspection/pc1_FpJxQ7vDz.jpg!m_fill,w_280,h_210,f_jpg?from=ke.com
20240819,朝阳,双桥,101125275109,高楼层满五年唯一业主诚心出售户型方正小三居,509万,56796元/平,高楼层 (共9层) 3室1厅 | 89.62平米 | 南 北,https://ke-image.ljcdn.com/110000-inspection/pc1_RVWY6HG4q.jpg!m_fill,w_280,h_210,f_jpg?from=ke.com
20240819,朝阳,双桥,101125270474,水郡长安高楼层精装一居无遮挡视野开阔临河观景,285万,46852元/平,顶层 (共19层) 1室1厅 | 60.83平米 | 北,https://ke-image.ljcdn.com/110000-inspection/pc1_UV4Tn6C5d.jpg!m_fill,w_280,h_210,f_jpg?from=ke.com
20240819,朝阳,双桥,101125245998,东会新村中间楼层南北两居出门就是地铁出行方便房主自荐,350万,40975元/平,中楼层 (共6层) 3室1厅 | 85.42平米 | 南 北,https://ke-image.ljcdn.com/110000-inspection/5cdf68a9-fbb2-4ea5-b40b-42239f0c1a55_1000.jpg!m_fill,w_280,h_210,f_jpg?from=ke.com
20240819,朝阳,双桥,101125240638,远洋一方新悦二期满五唯一东西向方正两居房主自荐,389万,48613元/平,底层 (共16层) 2室1厅 | 80.02平米 | 东 西,https://ke-image.ljcdn.com/110000-inspection/pc1_XpYGJqUbh.jpg!m_fill,w_280,h_210,f_jpg?from=ke.com
20240819,朝阳,双桥,101125235101,入住省10万 视野无遮挡 小户型大空间 采光满分,419万,54786元/平,高楼层 (共11层) | 2012年 | 2室1厅 | 76.48平米 | 西北,https://ke-image.ljcdn.com/110000-inspection/pc1_JCOuQJTfd.jpg!m_fill,w_280,h_210,f_jpg?from=ke.com
20240819,朝阳,双桥,101125221179,远洋一方润园6号院小区中间位置楼层高采光好,389万,43827元/平,高楼层 (共15层) 3室1厅 | 88.76平米 | 东 南 北,https://ke-image.ljcdn.com/110000-inspection/pc1_80rzJe2Od.jpg!m_fill,w_280,h_210,f_jpg?from=ke.com
20240819,朝阳,双桥,101125206851,远洋一方溪语苑 南北通透 洋房设计 格局方正,828万,58599元/平,中楼层 (共7层) 3室2厅 | 141.3平米 | 南 北,https://ke-image.ljcdn.com/110000-inspection/pc1_zxdZRJboE.jpg!m_fill,w_280,h_210,f_jpg?from=ke.com
20240819,朝阳,双桥,101125204302,远洋一方林语苑 满五唯一换房诚心卖 楼前绿地可利用,490万,54180元/平,底层 (共6层) 3室1厅 | 90.44平米 | 南 北,https://ke-image.ljcdn.com/110000-inspection/pc1_9anBf8MLz.jpg!m_fill,w_280,h_210,f_jpg?from=ke.com
20240819,朝阳,双桥,101125196915,艺水芳园 商品房社区 人车分流 高楼层 精装修,399万,50635元/平,高楼层 (共15层) | 2008年 | 2室1厅 | 78.8平米 | 西南,https://ke-image.ljcdn.com/110000-inspection/pc1_LYw1Qk8vZ.jpg!m_fill,w_280,h_210,f_jpg?from=ke.com
20240819,朝阳,双桥,101125182446,朝阳旺角 东南三居 电梯楼 采光好 无遮挡房主自荐,510万,42700元/平,低楼层 (共15层) | 2006年 | 3室1厅 | 119.44平米 | 东南,https://ke-image.ljcdn.com/110000-inspection/3df109b2-77b8-4538-975e-6b435176d031_1000.jpg!m_fill,w_280,h_210,f_jpg?from=ke.com
20240819,朝阳,双桥,101125174639,东一时区东西通透南向采光中高楼层,518万,41903元/平,中楼层 (共15层) 3室1厅 | 123.62平米 | 东 南 西,https://ke-image.ljcdn.com/110000-inspection/pc1_3Cyk5dFhl.jpg!m_fill,w_280,h_210,f_jpg?from=ke.com
20240819,朝阳,双桥,101125172775,西南小三居采光好临河观景双卫设计 满五年唯一,540万,45478元/平,低楼层 (共31层) | 2006年 | 3室1厅 | 118.74平米 | 西南,https://ke-image.ljcdn.com/110000-inspection/pc1_6PmkRCUwx_1.jpg!m_fill,w_280,h_210,f_jpg?from=ke.com
20240819,朝阳,双桥,101125158570,双桥六号井南北通透两居室没有遮挡诚心出售,210万,35253元/平,顶层 (共5层) 2室1厅 | 59.57平米 | 南 北,https://ke-image.ljcdn.com/110000-inspection/pc1_2vnjS0LZR.jpg!m_fill,w_280,h_210,f_jpg?from=ke.com
20240819,朝阳,双桥,101125157490,临河观景 北向一居 落地窗 满五唯一,195万,44258元/平,高楼层 (共15层) | 2006年 | 1室0厅 | 44.06平米 | 北,https://ke-image.ljcdn.com/110000-inspection/pc1_OI97Yn2hD.jpg!m_fill,w_280,h_210,f_jpg?from=ke.com
20240819,朝阳,双桥,101125157260,北花园小区1号院 3室1厅 东 南 北,399万,39773元/平,中楼层 (共22层) 3室1厅 | 100.32平米 | 东 南 北,https://ke-image.ljcdn.com/110000-inspection/pc1_wnaRW53Bm.jpg!m_fill,w_280,h_210,f_jpg?from=ke.com
20240819,朝阳,双桥,101125153144,温泉北里精装修三居室满五年诚意出售,338万,34032元/平,中楼层 (共6层) 3室1厅 | 99.32平米 | 南 北,https://ke-image.ljcdn.com/110000-inspection/pc1_hU00DfQqG.jpg!m_fill,w_280,h_210,f_jpg?from=ke.com
20240819,朝阳,双桥,101125151795,水郡长安别墅社区临河观景南北三居精装拎包入住,720万,46509元/平,中楼层 (共20层) | 2008年 | 3室2厅 | 154.81平米 | 南 北,https://ke-image.ljcdn.com/110000-inspection/pc1_Sg46mEM1v.jpg!m_fill,w_280,h_210,f_jpg?from=ke.com
20240819,朝阳,双桥,101125119042,东柳西里 满五唯一 商品房 近地铁好房,220万,37371元/平,顶层 (共5层) | 1982年 | 3室0厅 | 58.87平米 | 南 北,https://ke-image.ljcdn.com/110000-inspection/pc1_ZmBxtigbQ_1.jpg!m_fill,w_280,h_210,f_jpg?from=ke.com
20240819,朝阳,双桥,101125088747,满五唯一 高楼层三居室 无遮挡 诚意出售房主自荐,453万,50819元/平,顶层 (共14层) 3室1厅 | 89.14平米 | 东南,https://ke-image.ljcdn.com/110000-inspection/pc1_0uMbSq4Kg.jpg!m_fill,w_280,h_210,f_jpg?from=ke.com
20240819,朝阳,双桥,101125063307,此房满五年唯一南北两居室户型方正！,210万,35503元/平,中楼层 (共4层) 2室1厅 | 59.15平米 | 南 北,https://ke-image.ljcdn.com/110000-inspection/pc1_N023ytzev.jpg!m_fill,w_280,h_210,f_jpg?from=ke.com
20240819,朝阳,双桥,101125043051,朝阳区东五环双桥地铁站南 双柳巷小区,258万,38525元/平,顶层 (共5层) | 1983年 | 3室1厅 | 66.97平米 | 南 北,https://ke-image.ljcdn.com/110000-inspection/pc1_WFZ2NI1a7.jpg!m_fill,w_280,h_210,f_jpg?from=ke.com
20240819,朝阳,双桥,101125041816,东柳西里 3室1厅 南 北,180万,30293元/平,顶层 (共5层) 3室1厅 | 59.42平米 | 南 北,https://ke-image.ljcdn.com/110000-inspection/pc1_18P9Kfs4p.jpg!m_fill,w_280,h_210,f_jpg?from=ke.com
20240819,朝阳,双桥,101124994105,温泉北里 2室1厅 南 北,220万,27817元/平,顶层 (共6层) 2室1厅 | 79.09平米 | 南 北,https://ke-image.ljcdn.com/110000-inspection/pc1_nRaMHArYu.jpg!m_fill,w_280,h_210,f_jpg?from=ke.com
20240819,朝阳,双桥,101124985744,远洋一方新悦一期 2室1厅 南 西,430万,48359元/平,高楼层 (共18层) 2室1厅 | 88.92平米 | 南 西,https://ke-image.ljcdn.com/110000-inspection/pc1_VcwYnl6Ro.jpg!m_fill,w_280,h_210,f_jpg?from=ke.com
20240819,朝阳,双桥,101124985353,有燃气小户型高楼层两梯四户居住舒适度高。,185万,43736元/平,中楼层 (共15层) | 2005年 | 1室0厅 | 42.3平米 | 北,https://ke-image.ljcdn.com/110000-inspection/pc1_Zv0HmtgDt.jpg!m_fill,w_280,h_210,f_jpg?from=ke.com
20240819,朝阳,双桥,101124972478,双桥 低层满五唯一南北三居户型方正精装修房主自荐,225万,41690元/平,底层 (共5层) 3室1厅 | 53.97平米 | 南 北,https://ke-image.ljcdn.com/110000-inspection/29c03c68-48ba-43ae-9c18-f0a5dfc9cb2a_1000.jpg!m_fill,w_280,h_210,f_jpg?from=ke.com
20240819,朝阳,双桥,101124967626,东一时区满五年唯一东南朝向一居,280万,44241元/平,低楼层 (共22层) 1室1厅 | 63.29平米 | 东南,https://ke-image.ljcdn.com/110000-inspection/pc1_4wLNMtzb4.jpg!m_fill,w_280,h_210,f_jpg?from=ke.com
20240819,朝阳,双桥,101124965531,远洋一方润园2号院 精装大三居,620万,51650元/平,底层 (共9层) | 2011年 | 3室2厅 | 120.04平米 | 南 北,https://ke-image.ljcdn.com/110000-inspection/pc1_Cvcsp9xV5.jpg!m_fill,w_280,h_210,f_jpg?from=ke.com
20240819,朝阳,双桥,101124957590,国贸东 一号线 远洋一方溪语苑 精装一居 看房提前,360万,56855元/平,中楼层 (共11层) | 2012年 | 1室1厅 | 63.32平米 | 南,https://ke-image.ljcdn.com/110000-inspection/pc1_b8p8yD3KB.jpg!m_fill,w_280,h_210,f_jpg?from=ke.com
20240819,朝阳,双桥,101124924278,东一时区 1室1厅 南房主自荐,245万,42594元/平,低楼层 (共22层) | 2005年 | 1室1厅 | 57.52平米 | 南,https://ke-image.ljcdn.com/110000-inspection/pc1_tEK0CZ1md.jpg!m_fill,w_280,h_210,f_jpg?from=ke.com
20240819,朝阳,双桥,101124908142,双柳巷 南北通透两居室 商品房 只有契税,248万,34207元/平,顶层 (共6层) 2室1厅 | 72.5平米 | 南 北,https://ke-image.ljcdn.com/110000-inspection/pc1_WfNcLIaGo.jpg!m_fill,w_280,h_210,f_jpg?from=ke.com
20240819,朝阳,双桥,101124895787,双桥地铁万达广场 低密洋房 南北三居好户型,410万,37626元/平,顶层 (共6层) | 2004年 | 3室1厅 | 108.97平米 | 南 北,https://ke-image.ljcdn.com/110000-inspection/0c0515ca-0933-4136-8982-5b5a28bdd2b5_1000.jpg!m_fill,w_280,h_210,f_jpg?from=ke.com
20240819,朝阳,双桥,101124884923,临地铁 南北通透 价格可谈 业主诚心出售房主自荐,220万,32656元/平,顶层 (共6层) 2室1厅 | 67.37平米 | 南 北,https://ke-image.ljcdn.com/110000-inspection/pc1_sqi0GjFzS.jpg!m_fill,w_280,h_210,f_jpg?from=ke.com
20240819,朝阳,双桥,101124850197,远洋一方北润园南向一居室满五年唯一业主二次装修,349万,54840元/平,中楼层 (共18层) 1室2厅 | 63.64平米 | 南,https://ke-image.ljcdn.com/110000-inspection/pc1_mTddP2p0i.jpg!m_fill,w_280,h_210,f_jpg?from=ke.com
20240819,朝阳,双桥,101124845464,本房满五年唯一精装修自住近双桥地铁 全明格局,239万,54061元/平,中楼层 (共6层) | 1984年 | 1室1厅 | 44.21平米 | 南,https://ke-image.ljcdn.com/110000-inspection/pc1_YgLEalHNE.jpg!m_fill,w_280,h_210,f_jpg?from=ke.com
20240819,朝阳,双桥,101124824007,朝阳近地铁密度底楼间大采光好窗前花园车位多,565万,52647元/平,低楼层 (共6层) 3室1厅 | 107.32平米 | 南 北,https://ke-image.ljcdn.com/110000-inspection/pc1_9xtchzQTu.jpg!m_fill,w_280,h_210,f_jpg?from=ke.com
20240819,朝阳,双桥,101124821661,南北两居双桥中路10号南院视野好采光好,246万,34063元/平,顶层 (共6层) 2室1厅 | 72.22平米 | 南 北,https://ke-image.ljcdn.com/110000-inspection/pc1_hDoF9akCW.jpg!m_fill,w_280,h_210,f_jpg?from=ke.com
20240819,朝阳,双桥,101124821434,广播大院 2室2厅 南 北,319万,37495元/平,高楼层 (共6层) 2室2厅 | 85.08平米 | 南 北,https://ke-image.ljcdn.com/110000-inspection/pc1_JITqIiZI0.jpg!m_fill,w_280,h_210,f_jpg?from=ke.com
20240819,朝阳,双桥,101124790663,东一时区 满五年唯一 方正一居随时签约,230万,39036元/平,低楼层 (共22层) | 2005年 | 1室1厅 | 58.92平米 | 南 西北,https://ke-image.ljcdn.com/110000-inspection/pc1_rNUZk2QW2.jpg!m_fill,w_280,h_210,f_jpg?from=ke.com
20240819,朝阳,双桥,101124787439,远洋一方2号院满五年唯一商品房 两梯四户双卧朝南,440万,52506元/平,中楼层 (共15层) 2室1厅 | 83.8平米 | 西南,https://ke-image.ljcdn.com/110000-inspection/376fe9b0-7abf-457e-a6d7-3290db5a9a12_1000.jpg!m_fill,w_280,h_210,f_jpg?from=ke.com
20240819,朝阳,双桥,101124775594,双柳巷近地铁小区干净整洁南北通透,230万,40572元/平,中楼层 (共5层) | 1979年 | 3室1厅 | 56.69平米 | 南 北,https://ke-image.ljcdn.com/110000-inspection/pc1_4GbkpA43g.jpg!m_fill,w_280,h_210,f_jpg?from=ke.com
20240819,朝阳,双桥,101124743541,东柳西里 2室0厅 南,210万,40084元/平,中楼层 (共5层) | 1982年 | 2室0厅 | 52.39平米 | 南,https://ke-image.ljcdn.com/110000-inspection/pc1_bfO7crdFm.jpg!m_fill,w_280,h_210,f_jpg?from=ke.com
20240819,朝阳,双桥,101124731860,朝阳旺角临河观景三居诚售南北通透落地窗,600万,43621元/平,中楼层 (共16层) | 2006年 | 3室2厅 | 137.55平米 | 南 北,https://ke-image.ljcdn.com/110000-inspection/pc1_pjr4cPrZM.jpg!m_fill,w_280,h_210,f_jpg?from=ke.com
20240819,朝阳,双桥,101124728737,水郡长安 1室1厅 北,250万,44319元/平,低楼层 (共20层) | 2008年 | 1室1厅 | 56.41平米 | 北,https://ke-image.ljcdn.com/110000-inspection/pc1_yPhBnlbgC.jpg!m_fill,w_280,h_210,f_jpg?from=ke.com
20240819,朝阳,双桥,101124727937,朝阳旺角 3室2厅 南 北,580万,41153元/平,中楼层 (共16层) 3室2厅 | 140.94平米 | 南 北,https://ke-image.ljcdn.com/110000-inspection/pc1_p37Qy1eKs.jpg!m_fill,w_280,h_210,f_jpg?from=ke.com
20240819,朝阳,双桥,101124723710,朝阳旺角 精装修 好房 户型通透,490万,47899元/平,中楼层 (共6层) | 2006年 | 2室1厅 | 102.3平米 | 东 西,https://ke-image.ljcdn.com/110000-inspection/pc1_iCsZGFtx7.jpg!m_fill,w_280,h_210,f_jpg?from=ke.com
20240819,朝阳,双桥,101124723051,南北通透双卧朝南三居室一梯两户东边户明厨明卫,580万,47448元/平,中楼层 (共6层) | 2006年 | 3室1厅 | 122.24平米 | 南 北,https://ke-image.ljcdn.com/110000-inspection/95fcf84f-35bb-4b78-9dd1-adffbe933844_1000.jpg!m_fill,w_280,h_210,f_jpg?from=ke.com
20240819,朝阳,双桥,101124685920,朝阳旺角西南一居诚售落地窗视野开阔！,275万,38565元/平,高楼层 (共12层) | 2006年 | 1室1厅 | 71.31平米 | 西南,https://ke-image.ljcdn.com/110000-inspection/pc1_Y2jthxBBT.jpg!m_fill,w_280,h_210,f_jpg?from=ke.com
20240819,朝阳,双桥,101124672171,三面朝阳南北通透满五唯一给换房周期看房方便,689万,53972元/平,低楼层 (共9层) 3室1厅 | 127.66平米 | 南 北,https://ke-image.ljcdn.com/110000-inspection/pc1_dZ4RJD2Nx.jpg!m_fill,w_280,h_210,f_jpg?from=ke.com
20240819,朝阳,双桥,101124665618,优质好房  经典三居 诚心出售价格便宜 放心推荐,500万,44623元/平,顶层 (共6层) 3室1厅 | 112.05平米 | 南 北,https://ke-image.ljcdn.com/110000-inspection/pc1_Vl666NqI6.jpg!m_fill,w_280,h_210,f_jpg?from=ke.com
20240819,朝阳,双桥,101124664897,远洋一方北润园 中楼层 经典小三居,473万,52562元/平,中楼层 (共11层) 3室1厅 | 89.99平米 | 南 北,https://ke-image.ljcdn.com/110000-inspection/pc1_XadGOS2B2.jpg!m_fill,w_280,h_210,f_jpg?from=ke.com
20240819,朝阳,双桥,101124634598,满五年唯一南北通透三居采光足电梯房,620万,44974元/平,高楼层 (共11层) | 2009年 | 3室2厅 | 137.86平米 | 南 北,https://ke-image.ljcdn.com/110000-inspection/pc1_xRmEKHqVB_1.jpg!m_fill,w_280,h_210,f_jpg?from=ke.com
20240819,朝阳,双桥,101124625369,康惠园 带电梯 正规一居室 西南向 商品房,242万,41847元/平,低楼层 (共21层) | 2011年 | 1室1厅 | 57.83平米 | 西南,https://ke-image.ljcdn.com/110000-inspection/pc1_Z9BbN9oRv.jpg!m_fill,w_280,h_210,f_jpg?from=ke.com
20240819,朝阳,双桥,101124625337,房源采光视野好没有遮挡精装交房满五唯一房主自荐,355万,46051元/平,高楼层 (共6层) | 2008年 | 2室1厅 | 77.09平米 | 南 北,https://ke-image.ljcdn.com/110000-inspection/pc1_TqIjDVV6J.jpg!m_fill,w_280,h_210,f_jpg?from=ke.com
20240819,朝阳,双桥,101124623326,远洋一方溪语苑 洋房社区 小区中间位置 换房诚售,889.5万,63001元/平,高楼层 (共7层) 3室2厅 | 141.19平米 | 南 北,https://ke-image.ljcdn.com/110000-inspection/pc1_Q4M3MkH5q.jpg!m_fill,w_280,h_210,f_jpg?from=ke.com
20240819,朝阳,双桥,101124621665,北花园小区3号院 1室0厅 南,185万,37602元/平,中楼层 (共29层) | 2012年 | 1室0厅 | 49.2平米 | 南,https://ke-image.ljcdn.com/110000-inspection/pc1_T42PwuaKx.jpg!m_fill,w_280,h_210,f_jpg?from=ke.com
20240819,朝阳,双桥,101124619585,南北通透户型方正采购充足业主随时签约,319万,35312元/平,中楼层 (共23层) 3室1厅 | 90.34平米 | 南 北,https://ke-image.ljcdn.com/110000-inspection/pc1_UnSoveKUy.jpg!m_fill,w_280,h_210,f_jpg?from=ke.com
20240819,朝阳,双桥,101124617925,双桥嘉园 全南两居 户型方正 视野好,310万,38940元/平,低楼层 (共23层) | 2015年 | 2室1厅 | 79.61平米 | 南 北,https://ke-image.ljcdn.com/110000-inspection/pc1_Jp2BAn98V.jpg!m_fill,w_280,h_210,f_jpg?from=ke.com
20240819,朝阳,双桥,101124611681,双柳巷装修好的一居室 不临街.无遮挡 诚心出售,219万,49537元/平,中楼层 (共6层) 1室1厅 | 44.21平米 | 南,https://ke-image.ljcdn.com/110000-inspection/039dffa4-d3a9-48a2-8f17-0d752674c434_1000.jpg!m_fill,w_280,h_210,f_jpg?from=ke.com
20240819,朝阳,双桥,101124604467,明厨明卫大面宽大卧室落地窗温馨两居房主自荐,470万,47180元/平,顶层 (共6层) | 2006年 | 2室1厅 | 99.62平米 | 东南,https://ke-image.ljcdn.com/110000-inspection/pc1_hlVpSstSy.jpg!m_fill,w_280,h_210,f_jpg?from=ke.com
20240819,朝阳,双桥,101124604427,双桥地铁一号线远洋一方林语苑,420万,45952元/平,低楼层 (共18层) 2室1厅 | 91.4平米 | 西南,https://ke-image.ljcdn.com/110000-inspection/pc1_43fuIfF3l.jpg!m_fill,w_280,h_210,f_jpg?from=ke.com
20240819,朝阳,双桥,101124581757,双桥传媒 商品房社区 人车分流 采光好 满五年唯一,465万,50033元/平,中楼层 (共10层) | 2005年 | 2室2厅 | 92.94平米 | 南,https://ke-image.ljcdn.com/110000-inspection/pc1_LwHRuXJLu.jpg!m_fill,w_280,h_210,f_jpg?from=ke.com
20240819,朝阳,双桥,101124564176,双惠苑1号院 2室1厅 南 北,340万,42516元/平,顶层 (共6层) | 2003年 | 2室1厅 | 79.97平米 | 南 北,https://ke-image.ljcdn.com/110000-inspection/pc1_hupJROBxt_1.jpg!m_fill,w_280,h_210,f_jpg?from=ke.com
20240819,朝阳,双桥,101124551837,艺水芳园 高楼层 三面朝阳 双卫设计 双阳台 安静,539万,44794元/平,高楼层 (共15层) 3室1厅 | 120.33平米 | 东南,https://ke-image.ljcdn.com/110000-inspection/pc1_Hkr0nML6v.jpg!m_fill,w_280,h_210,f_jpg?from=ke.com
20240819,朝阳,双桥,101124537983,房子满五年唯一采光视野好全南朝向两居,300万,35715元/平,高楼层 (共14层) | 2004年 | 2室1厅 | 84平米 | 南,https://ke-image.ljcdn.com/110000-inspection/3b19515a-aaa2-4288-a124-9d5f4b28e763_1000.jpg!m_fill,w_280,h_210,f_jpg?from=ke.com
20240819,朝阳,双桥,101124532641,水郡长安南北通透三居室全明格局满五唯一,739万,48947元/平,中楼层 (共19层) 3室1厅 | 150.98平米 | 南 北,https://ke-image.ljcdn.com/110000-inspection/pc1_kVVntv86q.jpg!m_fill,w_280,h_210,f_jpg?from=ke.com
20240819,朝阳,双桥,101124523888,双桥嘉园花园社区电梯房中间楼两居！,265万,40000元/平,低楼层 (共23层) | 2015年 | 2室1厅 | 66.25平米 | 西南,https://ke-image.ljcdn.com/110000-inspection/pc1_Bq5HoegqG.jpg!m_fill,w_280,h_210,f_jpg?from=ke.com
20240819,朝阳,双桥,101124513986,双桥六号井 南北通透两居 满五年 唯一,217万,36379元/平,顶层 (共6层) 2室1厅 | 59.65平米 | 南 北,https://ke-image.ljcdn.com/110000-inspection/pc1_pw8XqvMAs.jpg!m_fill,w_280,h_210,f_jpg?from=ke.com
20240819,朝阳,双桥,101124482416,远洋一方边户三居室精装修高楼层视野好诚心出售,635万,54279元/平,顶层 (共15层) | 2010年 | 3室1厅 | 116.99平米 | 西南 北,https://ke-image.ljcdn.com/110000-inspection/pc1_ojZ07zBjp.jpg!m_fill,w_280,h_210,f_jpg?from=ke.com
20240819,朝阳,双桥,101124479787,远洋一方新悦二期新上南北三居中间层采光视野好,608万,50748元/平,中楼层 (共17层) | 2012年 | 3室1厅 | 119.81平米 | 南 北,https://ke-image.ljcdn.com/110000-inspection/pc1_B1GOVkVxO.jpg!m_fill,w_280,h_210,f_jpg?from=ke.com
20240819,朝阳,双桥,101124478045,珠江绿洲板楼南向两居室 满五年唯一户型方正明厨明卫,510万,48100元/平,低楼层 (共18层) 2室1厅 | 106.03平米 | 南,https://ke-image.ljcdn.com/110000-inspection/pc1_lXpzKYytJ.jpg!m_fill,w_280,h_210,f_jpg?from=ke.com
20240819,朝阳,双桥,101124469455,首付60万五环外带电梯一居室次新房近地铁！房主自荐,195万,37400元/平,低楼层 (共28层) | 2011年 | 1室0厅 | 52.14平米 | 南,https://ke-image.ljcdn.com/110000-inspection/pc1_LGM6Uiqrd.jpg!m_fill,w_280,h_210,f_jpg?from=ke.com
20240819,朝阳,双桥,101124462336,精装修含全部家具家电满五唯一临公园好房,289万,35417元/平,中楼层 (共7层) 2室1厅 | 81.6平米 | 南 北,https://ke-image.ljcdn.com/110000-inspection/pc1_xLHwEe3O3.jpg!m_fill,w_280,h_210,f_jpg?from=ke.com
20240819,朝阳,双桥,101124442614,双桥六号井两居满五唯一客厅宽敞精装修拎包入住,215万,31890元/平,中楼层 (共6层) 2室2厅 | 67.42平米 | 南 北,https://ke-image.ljcdn.com/110000-inspection/pc1_4PDPRlLdt.jpg!m_fill,w_280,h_210,f_jpg?from=ke.com
20240819,朝阳,双桥,101124398518,东会新村 2室1厅 南 北,260万,38593元/平,顶层 (共6层) 2室1厅 | 67.37平米 | 南 北,https://ke-image.ljcdn.com/110000-inspection/pc1_Cc3sdIHAS.jpg!m_fill,w_280,h_210,f_jpg?from=ke.com
20240819,朝阳,双桥,101124333172,双惠苑1号院 小区中心  3层  诚心出售  好房好家,432万,52074元/平,中楼层 (共6层) 2室1厅 | 82.96平米 | 南 北,https://ke-image.ljcdn.com/110000-inspection/pc1_DyIifa2M6.jpg!m_fill,w_280,h_210,f_jpg?from=ke.com
20240819,朝阳,双桥,101124325400,双惠苑 南北向 两居室 采光好 格局方正房主自荐,355万,44932元/平,高楼层 (共6层) | 2004年 | 2室1厅 | 79.01平米 | 南 北,https://ke-image.ljcdn.com/110000-inspection/pc1_qjvaiMFgv.jpg!m_fill,w_280,h_210,f_jpg?from=ke.com
20240819,朝阳,双桥,101124323517,总监推荐 温泉北里 南北三居室 满五年唯一 全明格局,345万,30651元/平,中楼层 (共6层) 3室1厅 | 112.56平米 | 南 北,https://ke-image.ljcdn.com/110000-inspection/pc1_Weu6utwe6.jpg!m_fill,w_280,h_210,f_jpg?from=ke.com
20240819,朝阳,双桥,101124315308,满五年唯一中间楼层采光视野无遮挡看房方便。房主自荐,268万,43913元/平,中楼层 (共22层) 1室1厅 | 61.03平米 | 西南,https://ke-image.ljcdn.com/110000-inspection/pc1_Ni9saxZlu.jpg!m_fill,w_280,h_210,f_jpg?from=ke.com
20240819,朝阳,双桥,101124308360,远洋一方溪语苑 南北通透 花园洋房,846万,59687元/平,低楼层 (共6层) 3室1厅 | 141.74平米 | 南 北,https://ke-image.ljcdn.com/110000-inspection/pc1_qVyBp12zL.jpg!m_fill,w_280,h_210,f_jpg?from=ke.com
20240819,朝阳,双桥,101124284857,满五唯一 方正一居  视野无遮挡,249万,43013元/平,低楼层 (共22层) 1室1厅 | 57.89平米 | 西南,https://ke-image.ljcdn.com/110000-inspection/pc1_avK7JBGgM.jpg!m_fill,w_280,h_210,f_jpg?from=ke.com
20240819,朝阳,双桥,101124281071,朝阳旺角 2室1厅 南 北,465万,47022元/平,顶层 (共6层) | 2006年 | 2室1厅 | 98.89平米 | 南 北,https://ke-image.ljcdn.com/110000-inspection/pc1_CfD9ZJ9yv.jpg!m_fill,w_280,h_210,f_jpg?from=ke.com
20240819,朝阳,双桥,101124278549,天泰北双苑 1室1厅 南 北房主自荐,268万,44697元/平,高楼层 (共6层) 1室1厅 | 59.96平米 | 南 北,https://ke-image.ljcdn.com/110000-inspection/effd5a62-1f21-4b9e-829d-33174a2ec184_1000.jpg!m_fill,w_280,h_210,f_jpg?from=ke.com
20240819,朝阳,双桥,101124270325,双桥地铁+万达广场+双惠低密中间层两居 南北,340万,43033元/平,中楼层 (共6层) | 2004年 | 2室1厅 | 79.01平米 | 南 北,https://ke-image.ljcdn.com/110000-inspection/pc1_5yZLrsfVn.jpg!m_fill,w_280,h_210,f_jpg?from=ke.com
20240819,朝阳,双桥,101124258276,此房南北通透中间楼层出行方便、采光视野好,310万,45609元/平,高楼层 (共6层) 2室1厅 | 67.97平米 | 南 北,https://ke-image.ljcdn.com/110000-inspection/91102aec-d49a-43b5-a9f0-64d7b5edbe3d_1000.jpg!m_fill,w_280,h_210,f_jpg?from=ke.com
20240819,朝阳,双桥,101124254280,双惠苑4号院 满五唯一商品房 楼层好 精装修,289万,47682元/平,高楼层 (共6层) | 2005年 | 1室1厅 | 60.61平米 | 西南,https://ke-image.ljcdn.com/110000-inspection/pc1_qTA15KkLH.jpg!m_fill,w_280,h_210,f_jpg?from=ke.com
20240819,朝阳,双桥,101124252663,远洋一方润园6号院 商品房西南两居室,309万,41589元/平,顶层 (共15层) | 2011年 | 2室1厅 | 74.3平米 | 西南,https://ke-image.ljcdn.com/110000-inspection/pc1_tblrTnnHW.jpg!m_fill,w_280,h_210,f_jpg?from=ke.com
20240819,朝阳,双桥,101124251756,双惠苑3号院 南北通透户型方正采光好楼层好,370万,37329元/平,顶层 (共6层) | 2004年 | 2室1厅 | 99.12平米 | 南 北,https://ke-image.ljcdn.com/110000-inspection/pc1_CtesnJEwz.jpg!m_fill,w_280,h_210,f_jpg?from=ke.com
20240819,朝阳,双桥,101124236982,双惠苑4号院 南北通透户型方正 精装修中间楼层,488万,52232元/平,中楼层 (共6层) | 2005年 | 2室1厅 | 93.43平米 | 南 北,https://ke-image.ljcdn.com/110000-inspection/pc1_fOSaYIs8S.jpg!m_fill,w_280,h_210,f_jpg?from=ke.com
20240819,朝阳,双桥,101124230375,康惠园2号院满5年限价房户型方正有电梯集中供暖,300万,43061元/平,低楼层 (共20层) | 2010年 | 2室1厅 | 69.67平米 | 东南,https://ke-image.ljcdn.com/110000-inspection/pc1_GtNTccIFn.jpg!m_fill,w_280,h_210,f_jpg?from=ke.com
20240819,朝阳,双桥,101124179896,华美橡树岭 花园洋房 精装修 南北通透户型,358万,41136元/平,底层 (共6层) 2室1厅 | 87.03平米 | 南 北,https://ke-image.ljcdn.com/110000-inspection/b1dd6549-f934-4431-80a8-1d3fa87f93d7_1000.jpg!m_fill,w_280,h_210,f_jpg?from=ke.com
20240819,朝阳,双桥,101124179650,朝阳旺角临河观景明厨明卫一居室诚售随时可看可签,285万,39861元/平,中楼层 (共15层) | 2006年 | 2室1厅 | 71.5平米 | 东南,https://ke-image.ljcdn.com/110000-inspection/c444ee89-41e2-4700-9c65-e9b44da15d13_1000.jpg!m_fill,w_280,h_210,f_jpg?from=ke.com
20240819,朝阳,双桥,101124178605,朝阳区东五环外双柳新居南北两居室,335万,40789元/平,中楼层 (共6层) 2室1厅 | 82.13平米 | 南 北,https://ke-image.ljcdn.com/110000-inspection/pc1_2dRJb23ff.jpg!m_fill,w_280,h_210,f_jpg?from=ke.com
20240819,朝阳,双桥,101124165295,华美橡树岭 满五唯一 无抵押无户口 看房方便,357万,40371元/平,底层 (共6层) | 2008年 | 2室1厅 | 88.43平米 | 南 北,https://ke-image.ljcdn.com/110000-inspection/pc1_FuTeUhBdn.jpg!m_fill,w_280,h_210,f_jpg?from=ke.com
20240819,朝阳,双桥,101124165212,双桥温泉东里小区 中间层满五唯一精装两居 看房方便,318万,33150元/平,中楼层 (共7层) 2室1厅 | 95.93平米 | 南 北,https://ke-image.ljcdn.com/110000-inspection/pc1_8JvVVSqms.jpg!m_fill,w_280,h_210,f_jpg?from=ke.com
20240819,朝阳,双桥,101124155569,远洋一方溪语苑  精装全南一居室,340万,50558元/平,顶层 (共9层) 1室1厅 | 67.25平米 | 南,https://ke-image.ljcdn.com/110000-inspection/pc1_OfKE0R5gP.jpg!m_fill,w_280,h_210,f_jpg?from=ke.com
20240819,朝阳,双桥,101124149096,北花园小区1号院 3室1厅 北 南 西,379万,37611元/平,高楼层 (共29层) | 2011年 | 3室1厅 | 100.77平米 | 北 南 西,https://ke-image.ljcdn.com/110000-inspection/pc1_Bg2EosvEB.jpg!m_fill,w_280,h_210,f_jpg?from=ke.com
20240819,朝阳,双桥,101124135640,双惠苑3号院 南北通透近地铁落地窗 楼层好,450万,48903元/平,底层 (共6层) | 2004年 | 2室1厅 | 92.02平米 | 南 北,https://ke-image.ljcdn.com/110000-inspection/pc1_Vr3RG5mOX_1.jpg!m_fill,w_280,h_210,f_jpg?from=ke.com
20240819,朝阳,双桥,101124122358,远洋一方 南向1居室经典户型,268万,42520元/平,底层 (共11层) 1室1厅 | 63.03平米 | 南,https://ke-image.ljcdn.com/110000-inspection/pc1_5IzHvIngV.jpg!m_fill,w_280,h_210,f_jpg?from=ke.com
20240819,朝阳,双桥,101124116547,双桥嘉园 全南两居落地窗采光充足满五年唯一,275万,34992元/平,低楼层 (共23层) 2室1厅 | 78.59平米 | 南,https://ke-image.ljcdn.com/110000-inspection/pc1_W9Y1XweBO.jpg!m_fill,w_280,h_210,f_jpg?from=ke.com
20240819,朝阳,双桥,101124111222,此房南北格局采光充足配套齐全交通便利.,520万,36564元/平,底层 (共7层) 4室1厅 | 142.22平米 | 南 北,https://ke-image.ljcdn.com/110000-inspection/pc1_aBGumPB87.jpg!m_fill,w_280,h_210,f_jpg?from=ke.com
20240819,朝阳,双桥,101124101504,双桥六号井 南北两居 满五唯一    全明格局,199万,33701元/平,顶层 (共5层) 2室1厅 | 59.05平米 | 南 北,https://ke-image.ljcdn.com/110000-inspection/pc1_jmzlYRbvj.jpg!m_fill,w_280,h_210,f_jpg?from=ke.com
20240819,朝阳,双桥,101124098427,远洋一方北润园 高层 毛坯大三居 未住过人,608万,52746元/平,高楼层 (共18层) 3室2厅 | 115.27平米 | 南 西 北,https://ke-image.ljcdn.com/110000-inspection/7ba4c9ee-3fea-4c0b-a5b9-13e05a2bbbec_1000.jpg!m_fill,w_280,h_210,f_jpg?from=ke.com
20240819,朝阳,双桥,101124091405,双桥 康惠园3号院 全明格局满五唯一商品房 仅有契税,298万,41144元/平,低楼层 (共22层) | 2010年 | 2室1厅 | 72.43平米 | 西南 北,https://ke-image.ljcdn.com/110000-inspection/4ea800be-dc30-4c73-a0f1-f6bbdb7597a3_1000.jpg!m_fill,w_280,h_210,f_jpg?from=ke.com
20240819,朝阳,双桥,101124062537,金隅康惠园3号院 满五唯一商品房 精装修 采光好,310万,42700元/平,中楼层 (共22层) | 2010年 | 2室1厅 | 72.6平米 | 东南,https://ke-image.ljcdn.com/110000-inspection/pc1_OSxcgY0uY.jpg!m_fill,w_280,h_210,f_jpg?from=ke.com
20240819,朝阳,双桥,101124052394,远洋一方新悦二期一居满五年唯一只有契税房主自荐,235万,44754元/平,高楼层 (共16层) 1室0厅 | 52.51平米 | 东,https://ke-image.ljcdn.com/110000-inspection/20a8be08-f2d4-4aa0-966e-e982fcb76740_1000.jpg!m_fill,w_280,h_210,f_jpg?from=ke.com
20240819,朝阳,双桥,101124039891,中高楼层 温馨两居室 花园洋房,398万,52348元/平,中楼层 (共11层) 2室1厅 | 76.03平米 | 东北,https://ke-image.ljcdn.com/110000-inspection/pc1_uBl1XudH0_1.jpg!m_fill,w_280,h_210,f_jpg?from=ke.com
20240819,朝阳,双桥,101124023181,双桥嘉园南向两居室带电梯靠谱签约。,310万,39597元/平,低楼层 (共23层) | 2015年 | 2室1厅 | 78.29平米 | 南,https://ke-image.ljcdn.com/110000-inspection/1304080c-5d19-4831-abbd-0331a2c1e487_1000.jpg!m_fill,w_280,h_210,f_jpg?from=ke.com
20240819,朝阳,双桥,101123985574,水郡长安2009年 商品房 绿化40% 花园水系,850万,40169元/平,低楼层 (共20层) 4室1厅 | 211.61平米 | 南 北,https://ke-image.ljcdn.com/110000-inspection/pc1_xW7o3LW2A.jpg!m_fill,w_280,h_210,f_jpg?from=ke.com
20240819,朝阳,双桥,101123974226,远洋一方润园2号院 精装大三居,650万,54978元/平,中楼层 (共14层) | 2011年 | 3室1厅 | 118.23平米 | 南 西 北,https://ke-image.ljcdn.com/110000-inspection/pc1_YbVB9Qx1T.jpg!m_fill,w_280,h_210,f_jpg?from=ke.com
20240819,朝阳,双桥,101123971218,总监推荐双桥中路10号南院一梯两户  精装两房！,239万,32781元/平,顶层 (共6层) 2室1厅 | 72.91平米 | 南 北,https://ke-image.ljcdn.com/110000-inspection/c4c61937-6ba9-4c56-a3ef-28f7e11441f3_1000.jpg!m_fill,w_280,h_210,f_jpg?from=ke.com
20240819,朝阳,双桥,101123951043,远洋一方新悦一期高楼层两居急售,430万,48925元/平,高楼层 (共18层) 2室1厅 | 87.89平米 | 南,https://ke-image.ljcdn.com/110000-inspection/pc1_sYSKjCSG0.jpg!m_fill,w_280,h_210,f_jpg?from=ke.com
20240819,朝阳,双桥,101123949407,广播大院 2室1厅 南 北,290万,33647元/平,高楼层 (共6层) | 2002年 | 2室1厅 | 86.19平米 | 南 北,https://ke-image.ljcdn.com/110000-inspection/pc1_snGP8VqBo.jpg!m_fill,w_280,h_210,f_jpg?from=ke.com
20240819,朝阳,双桥,101123948448,远洋一方花语苑 自住两居 满五年V一 洋房社区 诚售。,375万,48601元/平,中楼层 (共9层) 2室1厅 | 77.16平米 | 西 北,https://ke-image.ljcdn.com/110000-inspection/68929a3b-e887-40c8-aff0-048a00153929_1000.jpg!m_fill,w_280,h_210,f_jpg?from=ke.com
20240819,朝阳,双桥,101123937562,朝阳旺角 东北向两居室 满五唯一商品房 电梯房,410万,49422元/平,低楼层 (共12层) | 2006年 | 2室1厅 | 82.96平米 | 东北,https://ke-image.ljcdn.com/110000-inspection/b2d53ca8-cab6-4001-be91-8682efd9851e_1000.jpg!m_fill,w_280,h_210,f_jpg?from=ke.com
20240819,朝阳,双桥,101123926088,东一时区满五年唯一东南向正规一居。,240万,37921元/平,中楼层 (共22层) 1室1厅 | 63.29平米 | 东,https://ke-image.ljcdn.com/110000-inspection/pc1_0bDTfgb0R.jpg!m_fill,w_280,h_210,f_jpg?from=ke.com
20240819,朝阳,双桥,101123918417,总监推荐远洋满五唯一西南两居室诚意出售看房随时,438万,52893元/平,中楼层 (共18层) 2室1厅 | 82.81平米 | 西南,https://ke-image.ljcdn.com/110000-inspection/acb82cde-e0b1-4cea-bbcd-f3f482d4113b_1000.jpg!m_fill,w_280,h_210,f_jpg?from=ke.com
20240819,朝阳,双桥,101123894534,温泉东里南北大两居满五唯一采光好,322万,33567元/平,中楼层 (共7层) 2室1厅 | 95.93平米 | 南 北,https://ke-image.ljcdn.com/110000-inspection/7dbaf3cc-e6a3-42c1-a576-ed48c813acd9_1000.jpg!m_fill,w_280,h_210,f_jpg?from=ke.com
20240819,朝阳,双桥,101123893377,1号线水郡长安洋房南北通透三居三面朝南采光好,799万,52559元/平,高楼层 (共9层) 3室2厅 | 152.02平米 | 南 北,https://ke-image.ljcdn.com/110000-inspection/pc1_IOpTBFYvf.jpg!m_fill,w_280,h_210,f_jpg?from=ke.com
20240819,朝阳,双桥,101123891446,金隅康惠园1号院商品房满五唯一,339万,38886元/平,高楼层 (共20层) | 2011年 | 2室2厅 | 87.18平米 | 东 西,https://ke-image.ljcdn.com/110000-inspection/fb0e1f22-dba1-4125-bd1c-83fdd1f9c52b_1000.jpg!m_fill,w_280,h_210,f_jpg?from=ke.com
20240819,朝阳,双桥,101123883689,此房是70年产权住宅 建成于2009年 楼龄新,218万,19991元/平,中楼层 (共6层) 2室0厅 | 109.05平米 | 东南,https://ke-image.ljcdn.com/110000-inspection/4b7f5d77-5ee2-4f95-b8e5-69b961ed8334_1000.jpg!m_fill,w_280,h_210,f_jpg?from=ke.com
20240819,朝阳,双桥,101123864432,此房满五年业主在京名下无其他房产。南北通透户型好,820万,54080元/平,中楼层 (共9层) 3室2厅 | 151.63平米 | 南 北,https://ke-image.ljcdn.com/110000-inspection/af289e69-fba6-428a-9c76-4fae10cdcbeb_1000.jpg!m_fill,w_280,h_210,f_jpg?from=ke.com
20240819,朝阳,双桥,101123838992,满五唯一 中间位置 视野采光好 诚心出售 看房方便,748万,58251元/平,中楼层 (共9层) 3室2厅 | 128.41平米 | 南 北,https://ke-image.ljcdn.com/110000-inspection/6283f68e-ae02-48a1-b6b4-43c1160c3d58_1000.jpg!m_fill,w_280,h_210,f_jpg?from=ke.com
20240819,朝阳,双桥,101123813039,小区经典户型 双桥六号井 南北两居室 诚心出售,209万,35038元/平,高楼层 (共6层) | 1995年 | 2室1厅 | 59.65平米 | 南,https://ke-image.ljcdn.com/110000-inspection/9547177a-ab3c-4582-8aac-3170f9ba3927_1000.jpg!m_fill,w_280,h_210,f_jpg?from=ke.com
20240819,朝阳,双桥,101123808372,远洋一方溪语苑 南北通透 全明格局 精装修,555万,61977元/平,中楼层 (共11层) 2室1厅 | 89.55平米 | 南 北,https://ke-image.ljcdn.com/110000-inspection/f9c47f52-18b0-4bf2-bd70-63d3ad18d88f_1000.jpg!m_fill,w_280,h_210,f_jpg?from=ke.com
20240819,朝阳,双桥,101123808239,水郡长安家园南北通透全明格局三居是,720万,46347元/平,低楼层 (共20层) | 2008年 | 3室2厅 | 155.35平米 | 南 北,https://ke-image.ljcdn.com/110000-inspection/828f639b-5a95-40b2-b79a-fe57cd8833b3_1000.jpg!m_fill,w_280,h_210,f_jpg?from=ke.com
20240819,朝阳,双桥,101123792052,双桥地区2015年小区 南向两居室 户型方正 诚心出售,300万,39104元/平,高楼层 (共23层) 2室1厅 | 76.72平米 | 南,https://ke-image.ljcdn.com/110000-inspection/c948d0c7-afb3-4890-a4d8-ea7b738b8426_1000.jpg!m_fill,w_280,h_210,f_jpg?from=ke.com
20240819,朝阳,双桥,101123788074,双桥嘉园 南向两居 满五唯一 看房方便房主自荐,315万,40082元/平,中楼层 (共23层) 2室1厅 | 78.59平米 | 南,https://ke-image.ljcdn.com/110000-inspection/6bb75f15-fcfa-4b86-9793-73b2a617286d_1000.jpg!m_fill,w_280,h_210,f_jpg?from=ke.com
20240819,朝阳,双桥,101123781219,满五唯一商品房二次精装修诚意出售可随时签约,465万,51060元/平,顶层 (共8层) 3室1厅 | 91.07平米 | 南 北,https://ke-image.ljcdn.com/110000-inspection/pc1_ZsEnuKeOo.jpg!m_fill,w_280,h_210,f_jpg?from=ke.com
20240819,朝阳,双桥,101123771525,此房全南户型、无遮挡采光充足诚心出售,340万,50573元/平,中楼层 (共11层) | 2009年 | 1室1厅 | 67.23平米 | 南,https://ke-image.ljcdn.com/110000-inspection/bb6f6f96-8dc6-4488-a10e-b8c222a80358_1000.jpg!m_fill,w_280,h_210,f_jpg?from=ke.com
20240819,朝阳,双桥,101123763773,东柳西里 南北通透三居室 满五年唯一,225万,38155元/平,中楼层 (共5层) 3室1厅 | 58.97平米 | 南 北,https://ke-image.ljcdn.com/110000-inspection/30cf3e54-0165-472b-9266-0a79670c33ec_1000.jpg!m_fill,w_280,h_210,f_jpg?from=ke.com
20240819,朝阳,双桥,101123749855,满五唯一小区此户型少适合首套首贷可转商,390万,42190元/平,中楼层 (共9层) | 2010年 | 2室2厅 | 92.44平米 | 东 西,https://ke-image.ljcdn.com/110000-inspection/03240fda-eb0a-49f9-89d7-0d7f86de0d90_1000.jpg!m_fill,w_280,h_210,f_jpg?from=ke.com
20240819,朝阳,双桥,101123745865,双桥 万达 远洋一方林语苑南北通透三居室,490万,54180元/平,中楼层 (共6层) 3室1厅 | 90.44平米 | 南 北,https://ke-image.ljcdn.com/110000-inspection/78c01ee0-5e9f-4995-aa82-8caa1b53e60d_1000.jpg!m_fill,w_280,h_210,f_jpg?from=ke.com
20240819,朝阳,双桥,101123712779,此房满五年唯一视野好双卧朝南全明格局！,198万,34180元/平,中楼层 (共6层) | 1989年 | 2室1厅 | 57.93平米 | 南 北,https://ke-image.ljcdn.com/110000-inspection/pc1_sXTknjvl7.jpg!m_fill,w_280,h_210,f_jpg?from=ke.com
20240819,朝阳,双桥,101123707841,双惠苑  南北通透两居室 中间楼层 精装修 双卧朝南房主自荐,368万,45466元/平,中楼层 (共6层) | 2004年 | 2室1厅 | 80.94平米 | 南 北,https://ke-image.ljcdn.com/110000-inspection/3c402419-dc81-4044-8de3-1701393152b3_1000.jpg!m_fill,w_280,h_210,f_jpg?from=ke.com
20240819,朝阳,双桥,101123703202,温泉东里小区南北两居精装修满五唯一房主自荐,236万,32833元/平,高楼层 (共6层) 2室2厅 | 71.88平米 | 南 北,https://ke-image.ljcdn.com/110000-inspection/pc1_83BayOWBa.jpg!m_fill,w_280,h_210,f_jpg?from=ke.com
20240819,朝阳,双桥,101123664420,金隅康惠园2号院 满五年唯一 中间楼层2010 年房龄,342万,47633元/平,中楼层 (共22层) | 2010年 | 2室1厅 | 71.8平米 | 西南,https://ke-image.ljcdn.com/110000-inspection/pc1_rL3oJHoPD.jpg!m_fill,w_280,h_210,f_jpg?from=ke.com
20240819,朝阳,双桥,101123664124,东柳西里 1989年 满五唯一 商品房 精装修 近地铁好房,193万,40804元/平,中楼层 (共5层) | 1989年 | 2室1厅 | 47.3平米 | 南 北,https://ke-image.ljcdn.com/110000-inspection/c8845064-9167-44ad-86b3-28ff0b2589b7_1000.jpg!m_fill,w_280,h_210,f_jpg?from=ke.com
20240819,朝阳,双桥,101123634683,此房全南户型、无遮挡装修保持的好拎包入住,315万,46310元/平,低楼层 (共11层) | 2009年 | 2室1厅 | 68.02平米 | 南,https://ke-image.ljcdn.com/110000-inspection/pc1_3ZXW9QY9X.jpg!m_fill,w_280,h_210,f_jpg?from=ke.com
20240819,朝阳,双桥,101123627357,板楼南向一居两梯三户精装修高楼层采光视野好。,266万,48647元/平,高楼层 (共15层) | 2006年 | 1室1厅 | 54.68平米 | 南,https://ke-image.ljcdn.com/110000-inspection/c1e8ec2a-caf3-4fdd-981e-50e6308a49a1_1000.jpg!m_fill,w_280,h_210,f_jpg?from=ke.com
20240819,朝阳,双桥,101123616030,远洋一方南北2居 2020年精装【花了39万】,488万,54229元/平,中楼层 (共11层) 2室1厅 | 89.99平米 | 南 北,https://ke-image.ljcdn.com/110000-inspection/pc1_0gBB4xcEX.jpg!m_fill,w_280,h_210,f_jpg?from=ke.com
20240819,朝阳,双桥,101123609936,板楼精装三居三面朝南拎包入住房主自荐,550万,47669元/平,中楼层 (共7层) | 2002年 | 3室1厅 | 115.38平米 | 西南,https://ke-image.ljcdn.com/110000-inspection/a5ac0b28-67ad-46e4-82ee-a3282d0e40c3_1000.jpg!m_fill,w_280,h_210,f_jpg?from=ke.com
20240819,朝阳,双桥,101123572514,远洋一方北润园 高楼层经典小三居 业主诚售房主自荐,508万,56856元/平,中楼层 (共11层) | 2011年 | 3室1厅 | 89.35平米 | 南 北,https://ke-image.ljcdn.com/110000-inspection/pc1_BwPAkysXi.jpg!m_fill,w_280,h_210,f_jpg?from=ke.com
20240819,朝阳,双桥,101123561625,金隅康惠园3号院精装修两居诚售视野开阔近地铁,310万,44198元/平,高楼层 (共22层) | 2010年 | 2室1厅 | 70.14平米 | 东南,https://ke-image.ljcdn.com/110000-inspection/pc1_3sxMzKJrW.jpg!m_fill,w_280,h_210,f_jpg?from=ke.com
20240819,朝阳,双桥,101123555228,华美橡树岭南北通透两居室带电梯满五年！,360万,42299元/平,中楼层 (共4层) 2室2厅 | 85.11平米 | 南 北,https://ke-image.ljcdn.com/110000-inspection/pc1_U8Zj3o0kc.jpg!m_fill,w_280,h_210,f_jpg?from=ke.com
20240819,朝阳,双桥,101123501283,北花园小区3号院  南向采光充足,200万,40993元/平,中楼层 (共29层) | 2012年 | 1室1厅 | 48.79平米 | 南,https://ke-image.ljcdn.com/110000-inspection/pc1_pFBUbCVA5.jpg!m_fill,w_280,h_210,f_jpg?from=ke.com
20240819,朝阳,双桥,101123500035,北花园小区3号院  南向  采光好,205万,39637元/平,低楼层 (共29层) | 2012年 | 1室1厅 | 51.72平米 | 南,https://ke-image.ljcdn.com/110000-inspection/pc1_Nf3kDOCRa.jpg!m_fill,w_280,h_210,f_jpg?from=ke.com
20240819,朝阳,双桥,101123499924,水郡长安南向两居室满五年唯一户型少。,549万,43434元/平,低楼层 (共20层) 2室1厅 | 126.4平米 | 东南,https://ke-image.ljcdn.com/110000-inspection/pc1_nVDrhPR1O.jpg!m_fill,w_280,h_210,f_jpg?from=ke.com
20240819,朝阳,双桥,101123496927,本房满五年唯一近双桥地铁 全明格局 南北通透,339万,48209元/平,底层 (共6层) 2室1厅 | 70.32平米 | 南 北,https://ke-image.ljcdn.com/110000-inspection/pc1_3dOobptj6.jpg!m_fill,w_280,h_210,f_jpg?from=ke.com
20240819,朝阳,双桥,101123489536,国贸东1号线沿线 远洋一方溪语苑 花园洋房 满五年唯一,515万,57510元/平,中楼层 (共11层) | 2012年 | 2室1厅 | 89.55平米 | 南 北,https://ke-image.ljcdn.com/110000-inspection/pc1_iXvWNxqGM_1.jpg!m_fill,w_280,h_210,f_jpg?from=ke.com
20240819,朝阳,双桥,101123485401,天泰北双苑 南北通透两居 高楼层 视野采光好 带电梯,399万,38551元/平,高楼层 (共12层) | 2011年 | 2室1厅 | 103.5平米 | 南 北,https://ke-image.ljcdn.com/110000-inspection/pc1_UM4Oy5WMg.jpg!m_fill,w_280,h_210,f_jpg?from=ke.com
20240819,朝阳,双桥,101123477361,远洋一方林语苑 精装南向 一居室 小区中间 配套齐全房主自荐,340万,53943元/平,中楼层 (共11层) 1室1厅 | 63.03平米 | 南,https://ke-image.ljcdn.com/110000-inspection/pc1_6k4WXudWG.jpg!m_fill,w_280,h_210,f_jpg?from=ke.com
20240819,朝阳,双桥,101123473406,远洋一方润园2号院 精装南北两居,435万,49720元/平,顶层 (共14层) | 2011年 | 2室2厅 | 87.49平米 | 南 北,https://ke-image.ljcdn.com/110000-inspection/pc1_DGQBpPOWj.jpg!m_fill,w_280,h_210,f_jpg?from=ke.com
20240819,朝阳,双桥,101123473288,西南两居室户型方正采光充足业主随时签约,235万,35585元/平,高楼层 (共22层) 2室1厅 | 66.04平米 | 西南,https://ke-image.ljcdn.com/110000-inspection/pc1_tIuwPTbOi.jpg!m_fill,w_280,h_210,f_jpg?from=ke.com
20240819,朝阳,双桥,101123461125,远洋一方北润园 精装两居 业主诚心出售,399万,53407元/平,低楼层 (共18层) 2室1厅 | 74.71平米 | 西北,https://ke-image.ljcdn.com/110000-inspection/652e9b39-fa38-4646-a4c9-4b7a8f7f758b_1000.jpg!m_fill,w_280,h_210,f_jpg?from=ke.com
20240819,朝阳,双桥,101123453441,远洋一方花语院少有西南大两居满五唯一中间楼层房主自荐,428万,48004元/平,低楼层 (共9层) 2室1厅 | 89.16平米 | 西南,https://ke-image.ljcdn.com/110000-inspection/pc1_lL5MsvGEc.jpg!m_fill,w_280,h_210,f_jpg?from=ke.com
20240819,朝阳,双桥,101123431956,精装两居 中间楼层 可拎包入住 交易仅契税,178万,46331元/平,中楼层 (共5层) | 1983年 | 2室1厅 | 38.42平米 | 南,https://ke-image.ljcdn.com/110000-inspection/pc1_SwRY1ccE5.jpg!m_fill,w_280,h_210,f_jpg?from=ke.com
20240819,朝阳,双桥,101123421403,康惠园1号院限价商品房满5年精装通透两居有电梯房主自荐,330万,36501元/平,低楼层 (共20层) | 2011年 | 2室2厅 | 90.41平米 | 东 西,https://ke-image.ljcdn.com/110000-inspection/pc1_5IhjUhILh.jpg!m_fill,w_280,h_210,f_jpg?from=ke.com
20240819,朝阳,双桥,101123408794,双桥温泉东里小区 满五唯一 看房方便房主自荐,229万,30880元/平,中楼层 (共6层) 1室1厅 | 74.16平米 | 南 北,https://ke-image.ljcdn.com/110000-inspection/pc1_In9Ad2arH.jpg!m_fill,w_280,h_210,f_jpg?from=ke.com
20240819,朝阳,双桥,101123402569,金隅康惠园2号院 商品房  户型方正 板楼一梯四户,379万,48942元/平,中楼层 (共21层) | 2011年 | 2室1厅 | 77.44平米 | 东 西,https://ke-image.ljcdn.com/110000-inspection/pc1_NCmUawI25.jpg!m_fill,w_280,h_210,f_jpg?from=ke.com
20240819,朝阳,双桥,101123402472,东会新村 南北两居 中间层 诚心出手,268万,40411元/平,中楼层 (共6层) | 1997年 | 2室1厅 | 66.32平米 | 南 北,https://ke-image.ljcdn.com/110000-inspection/pc1_9mVyVy5qg.jpg!m_fill,w_280,h_210,f_jpg?from=ke.com
20240819,朝阳,双桥,101123362545,东会新村 2室1厅 南 北,310万,41213元/平,底层 (共6层) | 1998年 | 2室1厅 | 75.22平米 | 南 北,https://ke-image.ljcdn.com/110000-inspection/pc1_2JgkrhjRS.jpg!m_fill,w_280,h_210,f_jpg?from=ke.com
20240819,朝阳,双桥,101123361175,广播大院 中间楼层 采光好 视野好,225万,41884元/平,中楼层 (共6层) 2室1厅 | 53.72平米 | 南 北,https://ke-image.ljcdn.com/110000-inspection/6714a41b-ba6a-4d52-a108-9c1fdb2d6fee_1000.jpg!m_fill,w_280,h_210,f_jpg?from=ke.com
20240819,朝阳,双桥,101123356707,东柳西里 楼龄新 视野采光好配套齐全,150万,33528元/平,顶层 (共5层) 2室0厅 | 44.74平米 | 南 北,https://ke-image.ljcdn.com/110000-inspection/pc1_mTDUezund.jpg!m_fill,w_280,h_210,f_jpg?from=ke.com
20240819,朝阳,双桥,101123355746,远洋一方润园6号院 区域主推 南北通透 两梯三户 诚售,369万,41795元/平,底层 (共15层) | 2011年 | 3室1厅 | 88.29平米 | 南 北,https://ke-image.ljcdn.com/110000-inspection/pc1_ua6qL7hvQ.jpg!m_fill,w_280,h_210,f_jpg?from=ke.com
20240819,朝阳,双桥,101123354812,满五年唯一  诚心出售 三卧朝南 三居双卫 精装修,510万,42128元/平,低楼层 (共15层) | 2006年 | 3室1厅 | 121.06平米 | 东南,https://ke-image.ljcdn.com/110000-inspection/pc1_dIwOV4q7v.jpg!m_fill,w_280,h_210,f_jpg?from=ke.com
20240819,朝阳,双桥,101123351335,总监推荐 南北两居 满五唯一 精装修可拎包入住！,225万,37080元/平,顶层 (共5层) 2室1厅 | 60.68平米 | 南 北,https://ke-image.ljcdn.com/110000-inspection/pc1_wpYDS3AQo.jpg!m_fill,w_280,h_210,f_jpg?from=ke.com
20240819,朝阳,双桥,101123350978,双桥六号井经典两居带生活阳台楼龄新中间层好房房主自荐,199万,33407元/平,中楼层 (共5层) | 1993年 | 2室1厅 | 59.57平米 | 南 北,https://ke-image.ljcdn.com/110000-inspection/pc1_lBy2tfZdd.jpg!m_fill,w_280,h_210,f_jpg?from=ke.com
20240819,朝阳,双桥,101123344141,远洋一方润园6号院 精装修 拎包入住 诚心出售,355万,47581元/平,中楼层 (共11层) | 2011年 | 2室1厅 | 74.61平米 | 东 西,https://ke-image.ljcdn.com/110000-inspection/pc1_JGUINdlMD.jpg!m_fill,w_280,h_210,f_jpg?from=ke.com
20240819,朝阳,双桥,101123340983,满五年家庭只有一套房子 购买只有契税,310万,38852元/平,顶层 (共6层) 2室1厅 | 79.79平米 | 南 北,https://ke-image.ljcdn.com/110000-inspection/pc1_9yU9e2lRc.jpg!m_fill,w_280,h_210,f_jpg?from=ke.com
20240819,朝阳,双桥,101123340446,北花园小区1号院 1室1厅 南房主自荐,180万,35102元/平,高楼层 (共29层) 1室1厅 | 51.28平米 | 南,https://ke-image.ljcdn.com/110000-inspection/pc1_Ccgk3MKeB.jpg!m_fill,w_280,h_210,f_jpg?from=ke.com
20240819,朝阳,双桥,101123309708,北花园小区南向大开间商品房诚心出售,159万,30379元/平,低楼层 (共29层) | 2011年 | 1室0厅 | 52.34平米 | 南,https://ke-image.ljcdn.com/110000-inspection/pc1_77yTyK9r5.jpg!m_fill,w_280,h_210,f_jpg?from=ke.com
20240819,朝阳,双桥,101123308839,南北通透的两居室满五年唯一中间楼层,180万,34945元/平,低楼层 (共6层) 2室1厅 | 51.51平米 | 南 北,https://ke-image.ljcdn.com/110000-inspection/pc1_PdQQICYtS.jpg!m_fill,w_280,h_210,f_jpg?from=ke.com
20240819,朝阳,双桥,101123303662,总监力荐：2012精品社区户型方正大阳台精装修房主自荐,345万,49906元/平,中楼层 (共17层) | 2012年 | 1室1厅 | 69.13平米 | 西,https://ke-image.ljcdn.com/110000-inspection/pc1_N7nz10ZEG.jpg!m_fill,w_280,h_210,f_jpg?from=ke.com
20240819,朝阳,双桥,101123295662,康惠园2号院 满五年唯一商品房 精装修,339万,47215元/平,低楼层 (共20层) | 2010年 | 2室1厅 | 71.8平米 | 西南,https://ke-image.ljcdn.com/110000-inspection/pc1_feAp0oyE1.jpg!m_fill,w_280,h_210,f_jpg?from=ke.com
20240819,朝阳,双桥,101123289454,水郡长安临河观景四居三卫新装未住随时可看！,870万,40967元/平,低楼层 (共20层) 4室2厅 | 212.37平米 | 南 北,https://ke-image.ljcdn.com/110000-inspection/pc1_26oSIpiPh.jpg!m_fill,w_280,h_210,f_jpg?from=ke.com
20240819,朝阳,双桥,101123277565,朝阳旺角 1室1厅 北,160万,38168元/平,底层 (共15层) | 2006年 | 1室1厅 | 41.92平米 | 北,https://ke-image.ljcdn.com/110000-inspection/pc1_zSFRZOHgM.jpg!m_fill,w_280,h_210,f_jpg?from=ke.com
20240819,朝阳,双桥,101123264869,远洋一方林语苑 明厨明卫 户型方正 诚心出售,295万,43498元/平,低楼层 (共18层) 1室1厅 | 67.82平米 | 西北,https://ke-image.ljcdn.com/110000-inspection/pc1_XjmIIWn2R.jpg!m_fill,w_280,h_210,f_jpg?from=ke.com
20240819,朝阳,双桥,101123237912,远洋一方北润园 南向一居室 地铁1号线,368万,57817元/平,中楼层 (共18层) 1室1厅 | 63.65平米 | 南,https://ke-image.ljcdn.com/110000-inspection/pc1_uezxfnQf0.jpg!m_fill,w_280,h_210,f_jpg?from=ke.com
20240819,朝阳,双桥,101123223692,东会新村 店长推荐 南北通透 换房诚售 紧挨地铁 急售,235万,35440元/平,中楼层 (共6层) 2室1厅 | 66.31平米 | 南 北,https://ke-image.ljcdn.com/110000-inspection/pc1_XFWINnGSU.jpg!m_fill,w_280,h_210,f_jpg?from=ke.com
20240819,朝阳,双桥,101123216432,康惠园3号院 高楼层 满五年唯一商品房,297万,41188元/平,高楼层 (共22层) | 2010年 | 2室1厅 | 72.11平米 | 西南 北,https://ke-image.ljcdn.com/110000-inspection/pc1_ZbC0OoLmN.jpg!m_fill,w_280,h_210,f_jpg?from=ke.com
20240819,朝阳,双桥,101123177314,华美橡树岭全南向08年花园洋房有电梯,340万,43680元/平,低楼层 (共6层) | 2008年 | 3室1厅 | 77.84平米 | 南,https://ke-image.ljcdn.com/110000-inspection/pc1_9bz8S1mLO.jpg!m_fill,w_280,h_210,f_jpg?from=ke.com
20240819,朝阳,双桥,101123170759,双惠苑5号院 2室1厅 南 北,378万,47988元/平,低楼层 (共6层) | 2004年 | 2室1厅 | 78.77平米 | 南 北,https://ke-image.ljcdn.com/110000-inspection/9ac1072a-c740-49aa-abcd-3113d48b9f27_1000.jpg!m_fill,w_280,h_210,f_jpg?from=ke.com
20240819,朝阳,双桥,101123166976,远洋一方润园6号院 商品房 无土地收益金 诚心出售,299万,40146元/平,低楼层 (共11层) | 2011年 | 2室1厅 | 74.48平米 | 东 西,https://ke-image.ljcdn.com/110000-inspection/pc1_QtPUzCf24.jpg!m_fill,w_280,h_210,f_jpg?from=ke.com
20240819,朝阳,双桥,101123136698,远洋一方润园2号院 花园洋房精装大三居,750万,52164元/平,底层 (共6层) 3室2厅 | 143.78平米 | 南 北,https://ke-image.ljcdn.com/110000-inspection/792dc7f5-cdd6-47e9-9311-a3fdcd0cb231_1000.jpg!m_fill,w_280,h_210,f_jpg?from=ke.com
20240819,朝阳,双桥,101123135409,此房满五年唯一楼龄新电梯房全明格局。,268万,44050元/平,中楼层 (共20层) | 2012年 | 1室1厅 | 60.84平米 | 南,https://ke-image.ljcdn.com/110000-inspection/pc1_R3osN3w5e.jpg!m_fill,w_280,h_210,f_jpg?from=ke.com
20240819,朝阳,双桥,101123129593,双惠小区 好楼层、满五唯一、业主诚心出售,365万,43971元/平,高楼层 (共6层) 2室1厅 | 83.01平米 | 北 南,https://ke-image.ljcdn.com/110000-inspection/6f48e967-0217-496f-a32c-2b81b17da088_1000.jpg!m_fill,w_280,h_210,f_jpg?from=ke.com
20240819,朝阳,双桥,101123071602,北花园小区3号院 诚意出售 视野开阔,208万,40209元/平,中楼层 (共29层) 1室0厅 | 51.73平米 | 南,https://ke-image.ljcdn.com/110000-inspection/69a764d5-22ab-4001-b2d8-1e46d6593277_1000.jpg!m_fill,w_280,h_210,f_jpg?from=ke.com
20240819,朝阳,双桥,101123066825,远洋一方北润园 南北三居 高楼层 满五唯一,666万,57713元/平,中楼层 (共18层) | 2011年 | 3室2厅 | 115.4平米 | 南 北,https://ke-image.ljcdn.com/110000-inspection/pc1_Titssh6I9.jpg!m_fill,w_280,h_210,f_jpg?from=ke.com
20240819,朝阳,双桥,101123050117,华美橡树岭精装南向两居2008年花园洋房房主自荐,349万,44761元/平,低楼层 (共6层) | 2008年 | 2室1厅 | 77.97平米 | 南,https://ke-image.ljcdn.com/110000-inspection/pc1_jmojGZghJ.jpg!m_fill,w_280,h_210,f_jpg?from=ke.com
20240819,朝阳,双桥,101123047208,金隅康惠园1号院本房满五年诚心出售随时可以签约,390万,42999元/平,中楼层 (共20层) | 2011年 | 2室2厅 | 90.7平米 | 南 北,https://ke-image.ljcdn.com/110000-inspection/pc1_2qSIj8Wnf.jpg!m_fill,w_280,h_210,f_jpg?from=ke.com
20240819,朝阳,双桥,101123009965,低楼层 无遮挡 采光视野好 精装修 可拎包入住房主自荐,189万,40804元/平,中楼层 (共5层) | 1979年 | 2室0厅 | 46.32平米 | 南 北,https://ke-image.ljcdn.com/110000-inspection/pc1_ftFC3P5JQ.jpg!m_fill,w_280,h_210,f_jpg?from=ke.com
20240819,朝阳,双桥,101122994106,水郡长安临地铁洋房三居室诚心出售,769万,50786元/平,低楼层 (共9层) 3室2厅 | 151.42平米 | 南 北,https://ke-image.ljcdn.com/110000-inspection/pc1_DzZIJR6vm.jpg!m_fill,w_280,h_210,f_jpg?from=ke.com
20240819,朝阳,双桥,101122951020,东柳西里 3室1厅 南 北房主自荐,215万,39070元/平,中楼层 (共5层) 3室1厅 | 55.03平米 | 南 北,https://ke-image.ljcdn.com/110000-inspection/pc1_Ji63kvN5t.jpg!m_fill,w_280,h_210,f_jpg?from=ke.com
20240819,朝阳,双桥,101122945977,双柳新居优质好房楼龄新配套齐全。房主自荐,245万,40793元/平,高楼层 (共6层) 1室1厅 | 60.06平米 | 南 北,https://ke-image.ljcdn.com/110000-inspection/pc1_Stea6x8gj.jpg!m_fill,w_280,h_210,f_jpg?from=ke.com
20240819,朝阳,双桥,101122907311,板楼两居南北通透两居格局方正2000年满五唯一,280万,39847元/平,中楼层 (共6层) 2室1厅 | 70.27平米 | 南 北,https://ke-image.ljcdn.com/110000-inspection/pc1_JxeJSO7Sc.jpg!m_fill,w_280,h_210,f_jpg?from=ke.com
20240819,朝阳,双桥,101122906396,惠桥小区 2室1厅 南 北,228万,37581元/平,中楼层 (共5层) 2室1厅 | 60.67平米 | 南 北,https://ke-image.ljcdn.com/110000-inspection/pc1_8eqgrNAD2.jpg!m_fill,w_280,h_210,f_jpg?from=ke.com
20240819,朝阳,双桥,101122903134,双惠小区 南北通透三居 低楼层 业主诚心出售 看房方便房主自荐,475万,47975元/平,低楼层 (共6层) 3室1厅 | 99.01平米 | 南 北,https://ke-image.ljcdn.com/110000-inspection/pc1_M2QQ5nycy_1.jpg!m_fill,w_280,h_210,f_jpg?from=ke.com
20240819,朝阳,双桥,101122887464,远洋一方林语苑 满五唯一 南北通透 视野开阔 配套齐全,485万,53758元/平,顶层 (共7层) 3室2厅 | 90.22平米 | 南 北,https://ke-image.ljcdn.com/110000-inspection/pc1_0u4kXSAeB.jpg!m_fill,w_280,h_210,f_jpg?from=ke.com
20240819,朝阳,双桥,101122881288,朝阳旺角  满五年唯一 商品房,165万,38706元/平,低楼层 (共12层) | 2006年 | 1室0厅 | 42.63平米 | 北,https://ke-image.ljcdn.com/110000-inspection/pc1_G5yVZz8tZ.jpg!m_fill,w_280,h_210,f_jpg?from=ke.com
20240819,朝阳,双桥,101122878912,珠江绿洲 3室1厅 南,600万,56588元/平,低楼层 (共18层) | 2006年 | 3室1厅 | 106.03平米 | 南,https://ke-image.ljcdn.com/110000-inspection/pc1_MaCDaYgGo_1.jpg!m_fill,w_280,h_210,f_jpg?from=ke.com
20240819,朝阳,双桥,101122875758,远洋一方润园6号院 高楼层两居室 换房诚意出售,360万,48290元/平,中楼层 (共15层) | 2011年 | 2室1厅 | 74.55平米 | 东南,https://ke-image.ljcdn.com/110000-inspection/pc1_WVd6dDhtE.jpg!m_fill,w_280,h_210,f_jpg?from=ke.com
20240819,朝阳,双桥,101122856712,远洋一方  精装修 东西2居室,289万,38803元/平,低楼层 (共11层) | 2011年 | 2室1厅 | 74.48平米 | 东 西,https://ke-image.ljcdn.com/110000-inspection/pc1_w6dSgNG6M.jpg!m_fill,w_280,h_210,f_jpg?from=ke.com
20240819,朝阳,双桥,101122819433,远洋一方东向一居室精装修自住中间楼层集中供暖,348万,50340元/平,中楼层 (共17层) 1室1厅 | 69.13平米 | 东,https://ke-image.ljcdn.com/110000-inspection/pc1_gWXm2pHeM.jpg!m_fill,w_280,h_210,f_jpg?from=ke.com
20240819,朝阳,双桥,101122819349,远洋一方西南三居室高楼层精装修自己住满五唯一,460万,51931元/平,高楼层 (共15层) 3室1厅 | 88.58平米 | 西南,https://ke-image.ljcdn.com/110000-inspection/pc1_QZx4MMdKF.jpg!m_fill,w_280,h_210,f_jpg?from=ke.com
20240819,朝阳,双桥,101122764154,双惠小区 中间楼层 户型好 采光好,419万,43944元/平,中楼层 (共6层) 2室1厅 | 95.35平米 | 南 北,https://ke-image.ljcdn.com/110000-inspection/pc1_HAPUPGVSx.jpg!m_fill,w_280,h_210,f_jpg?from=ke.com
20240819,朝阳,双桥,101122702743,天泰北双苑 南向电梯一居 明厨明卫 视野无挡采光好,239万,34927元/平,中楼层 (共12层) | 2011年 | 1室1厅 | 68.43平米 | 南,https://ke-image.ljcdn.com/110000-inspection/pc1_NpHfdKURl.jpg!m_fill,w_280,h_210,f_jpg?from=ke.com
20240819,朝阳,双桥,101122642477,双桥小区 南北通透 满五唯一 诚意出售,309万,37771元/平,低楼层 (共7层) 2室1厅 | 81.81平米 | 南 北,https://ke-image.ljcdn.com/110000-inspection/pc1_JuOgJw7iQ.jpg!m_fill,w_280,h_210,f_jpg?from=ke.com
20240819,朝阳,双桥,101122629542,东五环 康惠园1号院 集中供暖 方正户型,410万,45349元/平,低楼层 (共20层) | 2011年 | 2室1厅 | 90.41平米 | 东 西,https://ke-image.ljcdn.com/110000-inspection/pc1_RGe4vCPVe.jpg!m_fill,w_280,h_210,f_jpg?from=ke.com
20240819,朝阳,双桥,101122617849,双惠苑6号院 2室1厅 南 北,437万,47423元/平,高楼层 (共6层) 2室1厅 | 92.15平米 | 南 北,https://ke-image.ljcdn.com/110000-inspection/pc1_rFL47bXHj_2.jpg!m_fill,w_280,h_210,f_jpg?from=ke.com
20240819,朝阳,双桥,101122606977,北花园小区南向大开间商品房诚心出售,215万,41993元/平,中楼层 (共29层) | 2012年 | 1室0厅 | 51.2平米 | 南,https://ke-image.ljcdn.com/110000-inspection/pc1_XpFWi4Sex.jpg!m_fill,w_280,h_210,f_jpg?from=ke.com
20240819,朝阳,双桥,101122604738,远洋一方润园2号院 1室1厅 南,400万,61796元/平,底层 (共14层) 1室1厅 | 64.73平米 | 南,https://ke-image.ljcdn.com/110000-inspection/pc1_G0k4ZXQzA_1.jpg!m_fill,w_280,h_210,f_jpg?from=ke.com
20240819,朝阳,双桥,101122480544,双惠苑、洋房社区纯板楼一梯两户格局好,456万,49485元/平,高楼层 (共6层) 2室1厅 | 92.15平米 | 南 北,https://ke-image.ljcdn.com/110000-inspection/pc1_SyMZiYJZn.jpg!m_fill,w_280,h_210,f_jpg?from=ke.com
20240819,朝阳,双桥,101122467360,康惠园2号院 精装修西南两居室 中间楼层 满五唯一,282万,41037元/平,中楼层 (共20层) | 2010年 | 2室1厅 | 68.72平米 | 西南,https://ke-image.ljcdn.com/110000-inspection/8e102908-e8a0-446a-a7cb-868ca03a1822_1000.jpg!m_fill,w_280,h_210,f_jpg?from=ke.com
20240819,朝阳,双桥,101122426915,满五唯一南北通透户型方正采光好没遮挡,295万,51216元/平,高楼层 (共6层) | 2004年 | 1室1厅 | 57.6平米 | 南 北,https://ke-image.ljcdn.com/110000-inspection/25b0cafd-0509-44da-8167-b4f625f09673_1000.jpg!m_fill,w_280,h_210,f_jpg?from=ke.com
20240819,朝阳,双桥,101122401839,双柳巷 南北通透两居室 低楼层 满五唯一,339万,45116元/平,低楼层 (共6层) 2室1厅 | 75.14平米 | 南 北,https://ke-image.ljcdn.com/110000-inspection/8e0e890d-3e9f-428c-a5c3-278ce8b276a1_1000.jpg!m_fill,w_280,h_210,f_jpg?from=ke.com
20240819,朝阳,双桥,101122397867,恭和家园   环境好  交通方便,420万,50934元/平,高楼层 (共6层) 1室2厅 | 82.46平米 | 南,https://ke-image.ljcdn.com/110000-inspection/pc1_TP56vRgRW.jpg!m_fill,w_280,h_210,f_jpg?from=ke.com
20240819,朝阳,双桥,101122391596,2000年建的商品房社区南北两居精装修随时能看！,320万,38393元/平,中楼层 (共6层) 2室1厅 | 83.35平米 | 南 北,https://ke-image.ljcdn.com/110000-inspection/pc1_KBZfSHKg0.jpg!m_fill,w_280,h_210,f_jpg?from=ke.com
20240819,朝阳,双桥,101122375552,南北通透双卫一层大两居诚意出售房主自荐,475万,47044元/平,底层 (共6层) 2室2厅 | 100.97平米 | 南 北,https://ke-image.ljcdn.com/110000-inspection/pc1_p6WPn7Qt8.jpg!m_fill,w_280,h_210,f_jpg?from=ke.com
20240819,朝阳,双桥,101122282226,远洋一方林语苑 全明一居 精装修 看房方便 满五唯一,279万,41139元/平,底层 (共18层) | 2009年 | 1室1厅 | 67.82平米 | 西北,https://ke-image.ljcdn.com/110000-inspection/pc1_dqMG7sSY8.jpg!m_fill,w_280,h_210,f_jpg?from=ke.com
20240819,朝阳,双桥,101122166700,总监推荐 双桥六号井 南北两居 满五唯一 2000年建成,238万,39953元/平,中楼层 (共5层) | 2000年 | 2室1厅 | 59.57平米 | 南 北,https://ke-image.ljcdn.com/110000-inspection/pc1_yyJYH8Vh1.jpg!m_fill,w_280,h_210,f_jpg?from=ke.com
20240819,朝阳,双桥,101121936380,高楼层采光视野好精装修满五唯一诚意出售,520万,57817元/平,中楼层 (共11层) 2室1厅 | 89.94平米 | 南,https://ke-image.ljcdn.com/110000-inspection/pc1_u83bTjWgw.jpg!m_fill,w_280,h_210,f_jpg?from=ke.com
20240819,朝阳,双桥,101121921919,北花园小区南向大开间满五年非唯一诚心出售,165万,32309元/平,底层 (共29层) 1室0厅 | 51.07平米 | 南,https://ke-image.ljcdn.com/110000-inspection/pc1_7mVHBzRHT.jpg!m_fill,w_280,h_210,f_jpg?from=ke.com
20240819,朝阳,双桥,101121882643,双桥温泉东里小区 2室1厅 南 北,320万,37059元/平,低楼层 (共14层) | 2004年 | 2室1厅 | 86.35平米 | 南 北,https://ke-image.ljcdn.com/110000-inspection/pc1_cx1GH0yIs.jpg!m_fill,w_280,h_210,f_jpg?from=ke.com
20240819,朝阳,双桥,101121824322,总监推荐：南北双通透大三居小区中间位置满五唯一,610万,49902元/平,低楼层 (共6层) 3室2厅 | 122.24平米 | 南 北,https://ke-image.ljcdn.com/110000-inspection/pc1_yjzhybTDh.jpg!m_fill,w_280,h_210,f_jpg?from=ke.com
20240819,朝阳,双桥,101121747999,板楼中间层出入方便适合一家人居住。,237万,42322元/平,中楼层 (共6层) 2室1厅 | 56平米 | 南,https://ke-image.ljcdn.com/110000-inspection/pc1_zGb7Za2sm.jpg!m_fill,w_280,h_210,f_jpg?from=ke.com
20240819,朝阳,双桥,101121693374,朝阳旺角南北通透H户型明厨明卫大两居诚售双卫,480万,46607元/平,中楼层 (共6层) | 2006年 | 2室2厅 | 102.99平米 | 南 北,https://ke-image.ljcdn.com/110000-inspection/pc1_9LPXFxMxx.jpg!m_fill,w_280,h_210,f_jpg?from=ke.com
20240819,朝阳,双桥,101121628607,东五环外双桥金隅康惠园3号院一居室,310万,49992元/平,中楼层 (共20层) | 2010年 | 1室1厅 | 62.01平米 | 西,https://ke-image.ljcdn.com/110000-inspection/2b6083e6-c1cd-42b1-a490-37d767b83dce_1000.jpg!m_fill,w_280,h_210,f_jpg?from=ke.com
20240819,朝阳,双桥,101121508089,双惠小区商品房集中供暖双卫三居精装修出售,488万,42421元/平,中楼层 (共7层) 3室1厅 | 115.04平米 | 西 东,https://ke-image.ljcdn.com/110000-inspection/pc1_Bk85o69Wn.jpg!m_fill,w_280,h_210,f_jpg?from=ke.com
20240819,朝阳,双桥,101121219083,东五环双惠小区中间层南北两居室,385万,46442元/平,中楼层 (共6层) | 2004年 | 2室1厅 | 82.9平米 | 南 北,https://ke-image.ljcdn.com/110000-inspection/pc1_8D8o91wT9.jpg!m_fill,w_280,h_210,f_jpg?from=ke.com
20240819,朝阳,双桥,101121124406,南北两居室 满五唯一 居住舒适,375万,42551元/平,顶层 (共9层) | 2010年 | 2室1厅 | 88.13平米 | 南 北,https://ke-image.ljcdn.com/110000-inspection/pc1_5WWwUT9Q4.jpg!m_fill,w_280,h_210,f_jpg?from=ke.com
20240819,朝阳,双桥,101121050663,【精装修】满五年南北通透采光好、SHUI费少！房主自荐,206万,37847元/平,中楼层 (共6层) 2室1厅 | 54.43平米 | 南 北,https://ke-image.ljcdn.com/110000-inspection/pc1_aX0KIW7CG.jpg!m_fill,w_280,h_210,f_jpg?from=ke.com
20240819,朝阳,双桥,101121031959,天泰北双苑 南北通透一居商品房,308万,52940元/平,顶层 (共6层) 1室1厅 | 58.18平米 | 南 北,https://ke-image.ljcdn.com/110000-inspection/pc1_alJHFLuPS.jpg!m_fill,w_280,h_210,f_jpg?from=ke.com
20240819,朝阳,双桥,101120968363,装修好！满五唯一拎包即住配套完善交通便利！,289万,41583元/平,低楼层 (共6层) | 1988年 | 3室1厅 | 69.5平米 | 南 北,https://ke-image.ljcdn.com/110000-inspection/pc1_accaETU1J.jpg!m_fill,w_280,h_210,f_jpg?from=ke.com
20240819,朝阳,双桥,101120961645,远洋一方东南2居室业主装修花了70万,420万,46729元/平,底层 (共18层) | 2009年 | 2室1厅 | 89.88平米 | 东南,https://ke-image.ljcdn.com/110000-inspection/bb3c8955-7921-47af-8f94-2e470809d692_1000.jpg!m_fill,w_280,h_210,f_jpg?from=ke.com
20240819,朝阳,双桥,101120911570,东柳西里 楼龄1990年 满五唯一 精装修 南北通透,170万,36294元/平,顶层 (共5层) 2室1厅 | 46.84平米 | 南 北,https://ke-image.ljcdn.com/110000-inspection/pc1_ZjGGWCHtQ.jpg!m_fill,w_280,h_210,f_jpg?from=ke.com
20240819,朝阳,双桥,101120770416,双桥温泉东里小区 3室1厅 南 北,398万,33062元/平,中楼层 (共7层) 3室1厅 | 120.38平米 | 南 北,https://ke-image.ljcdn.com/110000-inspection/pc1_xpUufP3a4.jpg!m_fill,w_280,h_210,f_jpg?from=ke.com
20240819,朝阳,双桥,101120653536,远洋一方润园2号院 精装大三居 花园洋房,860万,59922元/平,低楼层 (共6层) 3室2厅 | 143.52平米 | 南 北,https://ke-image.ljcdn.com/110000-inspection/pc1_WqIgIUsFf.jpg!m_fill,w_280,h_210,f_jpg?from=ke.com
20240819,朝阳,双桥,101119870317,南北通透正规两居 无遮挡采光好房主自荐,199万,47563元/平,底层 (共5层) | 1992年 | 2室1厅 | 41.84平米 | 南 北,https://ke-image.ljcdn.com/110000-inspection/pc1_uTaoee2kg.jpg!m_fill,w_280,h_210,f_jpg?from=ke.com
20240819,朝阳,双桥,101119811877,金隅康惠园3号院 满五年唯一 楼龄新 电梯房 随时看房,248万,40517元/平,顶层 (共20层) | 2012年 | 1室1厅 | 61.21平米 | 东北,https://ke-image.ljcdn.com/110000-inspection/pc1_k7Jqgl8cu.jpg!m_fill,w_280,h_210,f_jpg?from=ke.com
20240819,朝阳,双桥,101119770693,双惠小区 满五唯一 全景落地窗 精装修 近地铁好房,530万,46887元/平,底层 (共6层) 3室1厅 | 113.04平米 | 南 北,https://ke-image.ljcdn.com/110000-inspection/pc1_ikHIobfRz.jpg!m_fill,w_280,h_210,f_jpg?from=ke.com
20240819,朝阳,双桥,101119280804,电梯板楼两居室 2015年建成 满五年唯一,309万,39469元/平,中楼层 (共23层) | 2015年 | 2室1厅 | 78.29平米 | 南,https://ke-image.ljcdn.com/110000-inspection/a29358dc-2d74-4232-bac1-c7364acf3f85_1000.jpg!m_fill,w_280,h_210,f_jpg?from=ke.com
20240819,朝阳,双桥,101118955370,天籁轩 0室1厅 南 西北 北,280万,19887元/平,中楼层 (共6层) 0室1厅 | 140.8平米 | 南 西北 北,https://ke-image.ljcdn.com/110000-inspection/pc1_lOqvfkqUi.jpg!m_fill,w_280,h_210,f_jpg?from=ke.com
20240819,朝阳,双桥,101118955298,此房是70年商品房有电梯楼龄新,165万,21451元/平,中楼层 (共6层) 1室1厅 | 76.92平米 | 南,https://ke-image.ljcdn.com/110000-inspection/pc1_fMWE1dkCK.jpg!m_fill,w_280,h_210,f_jpg?from=ke.com
20240819,朝阳,双桥,101118955276,天籁轩 0室1厅 南 北,246万,22559元/平,中楼层 (共6层) 0室1厅 | 109.05平米 | 南 北,https://ke-image.ljcdn.com/110000-inspection/pc1_0BzSvH04D.jpg!m_fill,w_280,h_210,f_jpg?from=ke.com
20240819,朝阳,双桥,101118451553,东柳西里 1室0厅 南,145万,37634元/平,中楼层 (共5层) 1室0厅 | 38.53平米 | 南,https://ke-image.ljcdn.com/110000-inspection/80d49705-80df-454a-a8a9-7f043dc0def9_1000.jpg!m_fill,w_280,h_210,f_jpg?from=ke.com
20240819,朝阳,双桥,101118323264,此房是70年产权住宅 建成于2009年 楼龄比较新 有电梯,310万,22018元/平,中楼层 (共6层) | 2009年 | 1室0厅 | 140.8平米 | 西 北,https://ke-image.ljcdn.com/110000-inspection/pc1_HTpmZIrl4.jpg!m_fill,w_280,h_210,f_jpg?from=ke.com
20240819,朝阳,双桥,101118313758,商品房社区  中间楼层 诚意出售 随时签约,319万,21375元/平,中楼层 (共6层) | 2009年 | 1室1厅 | 149.24平米 | 南 北 西,https://ke-image.ljcdn.com/110000-inspection/pc1_QLwLlnfW3.jpg!m_fill,w_280,h_210,f_jpg?from=ke.com
20240819,朝阳,双桥,101117078933,高楼层精装修双卫设计临河观景产权清晰。,599万,51031元/平,高楼层 (共31层) | 2003年 | 3室1厅 | 117.38平米 | 东南,https://ke-image.ljcdn.com/110000-inspection/40f6e319-d347-4ab1-9e0c-9ef194e176ed_1000.jpg!m_fill,w_280,h_210,f_jpg?from=ke.com
20240819,朝阳,双桥,101116746744,满五年带电梯南北通透一梯两户四居室,630万,36106元/平,中楼层 (共11层) | 2005年 | 4室1厅 | 174.49平米 | 南 北,https://ke-image.ljcdn.com/110000-inspection/pc1_H7omjcsNT.jpg!m_fill,w_280,h_210,f_jpg?from=ke.com
20240819,朝阳,双桥,101126109953,双桥小区 3室2厅 南 北,440万,29951元/平,高楼层 (共7层) 3室2厅 | 146.91平米 | 南 北,https://ke-image.ljcdn.com/110000-inspection/pc1_0ATzUUImL.jpg!m_fill,w_280,h_210,f_jpg?from=ke.com
20240819,朝阳,双桥,101126098592,珠江绿洲 3室1厅 东南,570万,48561元/平,低楼层 (共31层) | 2004年 | 3室1厅 | 117.38平米 | 东南,https://ke-image.ljcdn.com/110000-inspection/pc1_xcwNr5UTL.jpg!m_fill,w_280,h_210,f_jpg?from=ke.com
20240819,朝阳,双桥,101126093862,落地大阳台视野很好正面对公园南北通透两居,423万,47459元/平,顶层 (共15层) 2室1厅 | 89.13平米 | 南 北,https://ke-image.ljcdn.com/110000-inspection/pc1_5rZR2ansa.jpg!m_fill,w_280,h_210,f_jpg?from=ke.com
20240819,朝阳,双桥,101126093479,金隅康惠园3号院 2室1厅 东南,326万,44941元/平,高楼层 (共22层) | 2010年 | 2室1厅 | 72.54平米 | 东南,https://ke-image.ljcdn.com/110000-inspection/pc1_G22gSdexR.jpg!m_fill,w_280,h_210,f_jpg?from=ke.com
20240819,朝阳,双桥,101126088551,满五唯一 高楼层 南北通透 诚意出售,565万,41275元/平,中楼层 (共15层) | 2006年 | 3室2厅 | 136.89平米 | 南 北,https://ke-image.ljcdn.com/110000-inspection/pc1_V4tJSKvBu.jpg!m_fill,w_280,h_210,f_jpg?from=ke.com
20240819,朝阳,双桥,101126075204,朝阳旺角 3室2厅 南 北新上,595万,43120元/平,低楼层 (共16层) | 2006年 | 3室2厅 | 137.99平米 | 南 北,https://ke-image.ljcdn.com/110000-inspection/pc1_8C80bWgsn.jpg!m_fill,w_280,h_210,f_jpg?from=ke.com
20240819,朝阳,双桥,101126060854,视野开阔动静分离入户玄关格局好没遮挡新上,535万,38434元/平,低楼层 (共31层) | 2003年 | 3室2厅 | 139.2平米 | 东 西北,https://ke-image.ljcdn.com/110000-inspection/pc1_Pf6P7mDmT.jpg!m_fill,w_280,h_210,f_jpg?from=ke.com
20240819,朝阳,双桥,101126059025,双惠苑1号院 3室1厅 南 北新上,535万,45856元/平,高楼层 (共6层) | 2003年 | 3室1厅 | 116.67平米 | 南 北,https://ke-image.ljcdn.com/110000-inspection/pc1_yUV5tBUzd.jpg!m_fill,w_280,h_210,f_jpg?from=ke.com
20240819,朝阳,双桥,101126058278,双桥六号井 西南北两居 满五年唯一 明厨明卫新上,185万,31219元/平,顶层 (共6层) | 1995年 | 2室1厅 | 59.26平米 | 南 西 北,https://ke-image.ljcdn.com/110000-inspection/pc1_8hGFVh6nS.jpg!m_fill,w_280,h_210,f_jpg?from=ke.com
20240819,朝阳,双桥,101126057266,1号线双桥站万达广场低密洋房社区 正规大一居新上,219万,40140元/平,顶层 (共6层) 1室1厅 | 54.56平米 | 东 西,https://ke-image.ljcdn.com/110000-inspection/pc1_UQLoFpK7f.jpg!m_fill,w_280,h_210,f_jpg?from=ke.com
20240819,朝阳,双桥,101126050074,双桥六号井满五年唯一诚心出售看房方便！新上,217万,28666元/平,高楼层 (共6层) 2室1厅 | 75.7平米 | 东 南,https://ke-image.ljcdn.com/110000-inspection/pc1_POqwgiXBP.jpg!m_fill,w_280,h_210,f_jpg?from=ke.com
20240819,朝阳,双桥,101126047325,双桥温泉东里小区 2室1厅 南 北新上,320万,34461元/平,高楼层 (共14层) 2室1厅 | 92.86平米 | 南 北,https://ke-image.ljcdn.com/110000-inspection/pc1_lxSgUl7E0.jpg!m_fill,w_280,h_210,f_jpg?from=ke.com
20240819,朝阳,双桥,101126034484,珠江绿洲 3室1厅 南新上,599万,39223元/平,低楼层 (共31层) 3室1厅 | 152.72平米 | 南,https://ke-image.ljcdn.com/110000-inspection/pc1_SKbASof4d.jpg!m_fill,w_280,h_210,f_jpg?from=ke.com
20240819,朝阳,双桥,101126028998,天泰北双苑 3室2厅 南 北新上,478万,36301元/平,中楼层 (共7层) 3室2厅 | 131.68平米 | 南 北,https://ke-image.ljcdn.com/110000-inspection/pc1_KB6767X73.jpg!m_fill,w_280,h_210,f_jpg?from=ke.com
20240819,朝阳,双桥,101126000285,双桥温泉东里小区 2室1厅 南 北新上,280万,32400元/平,中楼层 (共6层) 2室1厅 | 86.42平米 | 南 北,https://ke-image.ljcdn.com/110000-inspection/pc1_MX6McOojq.jpg!m_fill,w_280,h_210,f_jpg?from=ke.com
20240819,朝阳,双桥,101125974801,远洋一方润园6号院 3室1厅 南 北新上,379万,42888元/平,低楼层 (共15层) | 2011年 | 3室1厅 | 88.37平米 | 南 北,https://ke-image.ljcdn.com/110000-inspection/pc1_Gq1UD61nR.jpg!m_fill,w_280,h_210,f_jpg?from=ke.com
20240819,朝阳,双桥,101125974340,1号线传媒大学站纯商品房社区精装修三居两卫！新上,585万,42090元/平,低楼层 (共31层) | 2003年 | 3室1厅 | 138.99平米 | 东 南 北,https://ke-image.ljcdn.com/110000-inspection/pc1_eI5Tv8yhI.jpg!m_fill,w_280,h_210,f_jpg?from=ke.com
20240819,朝阳,双桥,101125971183,珠江绿洲 高层南向三居室 满五年唯一 精装修采光好新上,630万,41029元/平,高楼层 (共31层) | 2003年 | 3室2厅 | 153.55平米 | 南,https://ke-image.ljcdn.com/110000-inspection/pc1_vVUN87dCW.jpg!m_fill,w_280,h_210,f_jpg?from=ke.com
20240819,朝阳,双桥,101125965218,东一时区 小户型居住方便、采光无遮挡新上,226万,40883元/平,低楼层 (共22层) | 2005年 | 1室1厅 | 55.28平米 | 东南,https://ke-image.ljcdn.com/110000-inspection/pc1_simScKHdR_1.jpg!m_fill,w_280,h_210,f_jpg?from=ke.com
20240819,朝阳,双桥,101125956765,水郡长安 1室1厅 北新上,265万,43315元/平,高楼层 (共19层) 1室1厅 | 61.18平米 | 北,https://ke-image.ljcdn.com/110000-inspection/pc1_k40DQxCx7.jpg!m_fill,w_280,h_210,f_jpg?from=ke.com
20240819,朝阳,双桥,101125948306,珠江绿洲温馨跃层复式一居 满五年唯一 视野好 精装新上,339万,43169元/平,中楼层 (共31层) | 2006年 | 1室1厅 | 78.53平米 | 东北,https://ke-image.ljcdn.com/110000-inspection/e1c9c03f-db2b-4294-8432-b820a74e0369_1000.jpg!m_fill,w_280,h_210,f_jpg?from=ke.com
20240819,朝阳,双桥,101125944098,双惠苑4号院商品房满5年南北精装三居中楼层新上,518万,48267元/平,中楼层 (共6层) 3室1厅 | 107.32平米 | 南 北,https://ke-image.ljcdn.com/110000-inspection/pc1_LvsDqQIS6.jpg!m_fill,w_280,h_210,f_jpg?from=ke.com
20240819,朝阳,双桥,101125921599,艺水芳园 东南两居 双卫设计 动静分离 层高2.9,469万,49333元/平,中楼层 (共17层) | 2008年 | 2室1厅 | 95.07平米 | 东南,https://ke-image.ljcdn.com/110000-inspection/pc1_G1I6AbrPU.jpg!m_fill,w_280,h_210,f_jpg?from=ke.com
20240819,朝阳,双桥,101125909993,远洋一方溪语苑  双卧朝南三居室,728万,56969元/平,低楼层 (共9层) 3室1厅 | 127.79平米 | 南 北,https://ke-image.ljcdn.com/110000-inspection/pc1_yv64JNqfE.jpg!m_fill,w_280,h_210,f_jpg?from=ke.com
20240819,朝阳,双桥,101125907614,满五年唯一 中间位置 中间楼层 视野好房主自荐,560万,49128元/平,中楼层 (共31层) | 2003年 | 3室2厅 | 113.99平米 | 东南,https://ke-image.ljcdn.com/110000-inspection/pc1_8kvoJbfF2.jpg!m_fill,w_280,h_210,f_jpg?from=ke.com
20240819,朝阳,双桥,101125895178,视野开阔动静分离入户玄关费用低没遮挡,618万,44573元/平,中楼层 (共31层) 3室2厅 | 138.65平米 | 西南 东北,https://ke-image.ljcdn.com/110000-inspection/pc1_CLuCW3JZe.jpg!m_fill,w_280,h_210,f_jpg?from=ke.com
20240819,朝阳,双桥,101125866047,国贸东地铁1号线远洋一方东南两居诚心出售。,365万,40651元/平,底层 (共18层) 2室1厅 | 89.79平米 | 东南,https://ke-image.ljcdn.com/110000-inspection/pc1_x1lgIAsKQ.jpg!m_fill,w_280,h_210,f_jpg?from=ke.com
20240819,朝阳,双桥,101125848856,联排别墅诚心出售南北通透居住舒适,1300万,45390元/平,底层 (共3层) | 2007年 | 4室3厅 | 286.41平米 | 南 北,https://ke-image.ljcdn.com/110000-inspection/9051a085-c471-4153-82bc-b988ab092312_1000.jpg!m_fill,w_280,h_210,f_jpg?from=ke.com
20240819,朝阳,双桥,101125842477,双惠苑经典两居  中间层  邻万达广场和双桥地铁站,410万,49114元/平,低楼层 (共6层) 2室1厅 | 83.48平米 | 南 北,https://ke-image.ljcdn.com/110000-inspection/pc1_1OoLCbxXZ.jpg!m_fill,w_280,h_210,f_jpg?from=ke.com
20240819,朝阳,双桥,101125812764,出则繁华入则宁静远洋一方公园里的家。,1450万,62235元/平,高楼层 (共7层) 5室2厅 | 232.99平米 | 南 北,https://ke-image.ljcdn.com/110000-inspection/pc1_b2cBBILcf.jpg!m_fill,w_280,h_210,f_jpg?from=ke.com
20240819,朝阳,双桥,101125810424,水郡长安西南三居采光好视野开阔可以俯瞰小区全,618万,41766元/平,顶层 (共20层) 3室1厅 | 147.97平米 | 西南,https://ke-image.ljcdn.com/110000-inspection/pc1_2c3Zbikdq.jpg!m_fill,w_280,h_210,f_jpg?from=ke.com
20240819,朝阳,双桥,101125807831,珠江绿洲 3室1厅 东南,560万,47162元/平,中楼层 (共31层) 3室1厅 | 118.74平米 | 东南,https://ke-image.ljcdn.com/110000-inspection/pc1_RgccKPXtF.jpg!m_fill,w_280,h_210,f_jpg?from=ke.com
20240819,朝阳,双桥,101125806580,双桥小区南北通透 装修好满五年家庭名下一套,495万,28951元/平,高楼层 (共7层) | 2005年 | 4室2厅 | 170.98平米 | 南 北,https://ke-image.ljcdn.com/110000-inspection/pc1_uZmwukRW4.jpg!m_fill,w_280,h_210,f_jpg?from=ke.com
20240819,朝阳,双桥,101125803953,温泉东里 全南向 两居室 低楼层 适合老人居住,380万,50225元/平,底层 (共14层) 2室1厅 | 75.66平米 | 南,https://ke-image.ljcdn.com/110000-inspection/88c7083b-ca7a-4279-ac9f-a5b084dba0be_1000.jpg!m_fill,w_280,h_210,f_jpg?from=ke.com
20240819,朝阳,双桥,101125802726,双桥温泉东里南北两居电梯房2004年,339万,33492元/平,中楼层 (共14层) | 2004年 | 2室1厅 | 101.22平米 | 南 北,https://ke-image.ljcdn.com/110000-inspection/pc1_T9LrbIIu2.jpg!m_fill,w_280,h_210,f_jpg?from=ke.com
20240819,朝阳,双桥,101125802199,华美·橡树岭南北双通透两居满五唯一诚心出售,379万,40736元/平,中楼层 (共6层) 2室1厅 | 93.04平米 | 南 北,https://ke-image.ljcdn.com/110000-inspection/pc1_xUaDyxRcO_1.jpg!m_fill,w_280,h_210,f_jpg?from=ke.com
20240819,朝阳,双桥,101125799682,远洋一方花语苑 2室1厅 南 北,498万,54451元/平,中楼层 (共11层) 2室1厅 | 91.46平米 | 南 北,https://ke-image.ljcdn.com/110000-inspection/pc1_jMncwYbcb.jpg!m_fill,w_280,h_210,f_jpg?from=ke.com
20240819,朝阳,双桥,101125797923,珠江绿洲 2室1厅 南 北,460万,47055元/平,低楼层 (共31层) | 2007年 | 2室1厅 | 97.76平米 | 南 北,https://ke-image.ljcdn.com/110000-inspection/pc1_PY9Cf6RXR.jpg!m_fill,w_280,h_210,f_jpg?from=ke.com
20240819,朝阳,双桥,101125795874,远洋一方溪语苑 南北通透 户型方正 正对小区,730万,57260元/平,底层 (共9层) 3室1厅 | 127.49平米 | 南 北,https://ke-image.ljcdn.com/110000-inspection/pc1_xbBuiei1E.jpg!m_fill,w_280,h_210,f_jpg?from=ke.com
20240819,朝阳,双桥,101125679341,双惠苑南北大三居 精装修 中间层 带一车位,520万,45531元/平,中楼层 (共6层) 3室1厅 | 114.21平米 | 南 北,https://ke-image.ljcdn.com/110000-inspection/pc1_FHE6Xd6Xf.jpg!m_fill,w_280,h_210,f_jpg?from=ke.com
20240819,朝阳,双桥,101125653636,朝阳旺角 南北通透三阳台 双卫生间,438万,41486元/平,中楼层 (共6层) | 2006年 | 2室1厅 | 105.58平米 | 南 北,https://ke-image.ljcdn.com/110000-inspection/pc1_GLogATQgb.jpg!m_fill,w_280,h_210,f_jpg?from=ke.com
20240819,朝阳,双桥,101125638483,水郡长安家园纯商品房别墅小区。,300万,42675元/平,底层 (共20层) 1室2厅 | 70.3平米 | 南,https://ke-image.ljcdn.com/110000-inspection/pc1_kh8hEjRHv.jpg!m_fill,w_280,h_210,f_jpg?from=ke.com
20240819,朝阳,双桥,101125635140,康惠园2011年 南北通透三居室 户型方正 精装修房主自荐,368万,40507元/平,底层 (共20层) | 2011年 | 3室1厅 | 90.85平米 | 南 北,https://ke-image.ljcdn.com/110000-inspection/pc1_fmAmvFBEI_1.jpg!m_fill,w_280,h_210,f_jpg?from=ke.com
20240819,朝阳,双桥,101125623751,水郡长安1号院 满五唯一 商品房 临河观景,280万,45767元/平,高楼层 (共19层) 1室1厅 | 61.18平米 | 北,https://ke-image.ljcdn.com/110000-inspection/pc1_QFCfrRkWw.jpg!m_fill,w_280,h_210,f_jpg?from=ke.com
20240819,朝阳,双桥,101125622415,珠江绿洲 临河高层 东南向三居室 精装修满五年唯一,645万,45002元/平,高楼层 (共31层) | 2007年 | 3室2厅 | 143.33平米 | 东南,https://ke-image.ljcdn.com/110000-inspection/pc1_w94ct6WI9.jpg!m_fill,w_280,h_210,f_jpg?from=ke.com
20240819,朝阳,双桥,101125617072,北双苑南北通透经典三居客厅超大面宽,565万,42921元/平,中楼层 (共6层) | 2009年 | 3室1厅 | 131.64平米 | 南 北,https://ke-image.ljcdn.com/110000-inspection/pc1_uvfkCwCh5_2.jpg!m_fill,w_280,h_210,f_jpg?from=ke.com
20240819,朝阳,双桥,101125592575,高品质别墅联排满五年唯一精装修业主诚心出售,980万,52340元/平,底层 (共3层) 3室1厅 | 187.24平米 | 南 北,https://ke-image.ljcdn.com/110000-inspection/1f845bb5-a402-4b40-950c-a0948613b923_1000.jpg!m_fill,w_280,h_210,f_jpg?from=ke.com
20240819,朝阳,双桥,101125581339,朝阳区双桥朝阳旺角 满五年一居室 看房方便,279万,39525元/平,低楼层 (共15层) | 2006年 | 1室1厅 | 70.59平米 | 东,https://ke-image.ljcdn.com/110000-inspection/pc1_Q1Wd0TaIu.jpg!m_fill,w_280,h_210,f_jpg?from=ke.com
20240819,朝阳,双桥,101125521259,珠江绿洲东南三居空置随时看诚心卖随时谈随时签,590万,40882元/平,中楼层 (共31层) | 2003年 | 3室1厅 | 144.32平米 | 东南,https://ke-image.ljcdn.com/110000-inspection/pc1_Ksjpm3LWN.jpg!m_fill,w_280,h_210,f_jpg?from=ke.com
20240819,朝阳,双桥,101125485336,复式一居双卫设计动静分离层高均2.7米,370万,50163元/平,低楼层 (共31层) | 2007年 | 1室1厅 | 73.76平米 | 东北,https://ke-image.ljcdn.com/110000-inspection/0fe129dd-f694-4195-bde0-16a6f06c999b_1000.jpg!m_fill,w_280,h_210,f_jpg?from=ke.com
20240819,朝阳,双桥,101125482633,双桥温泉东里小区 1室1厅 南,190万,38023元/平,高楼层 (共14层) | 2004年 | 1室1厅 | 49.97平米 | 南,https://ke-image.ljcdn.com/110000-inspection/pc1_qALI6Skcc.jpg!m_fill,w_280,h_210,f_jpg?from=ke.com
20240819,朝阳,双桥,101125462807,双惠苑2号院 3室1厅 东南 北,498万,43513元/平,中楼层 (共7层) 3室1厅 | 114.45平米 | 东南 北,https://ke-image.ljcdn.com/110000-inspection/pc1_xb7vxsDo1.jpg!m_fill,w_280,h_210,f_jpg?from=ke.com
20240819,朝阳,双桥,101125462405,北花园小区3号院高楼层视野超好随时可以签约,185万,35742元/平,顶层 (共29层) | 2011年 | 1室0厅 | 51.76平米 | 南,https://ke-image.ljcdn.com/110000-inspection/pc1_Z2WDAnUJ4.jpg!m_fill,w_280,h_210,f_jpg?from=ke.com
20240819,朝阳,双桥,101125450944,远洋一方润园6号院 南北两居室,295万,39844元/平,顶层 (共15层) | 2011年 | 2室1厅 | 74.04平米 | 南 北,https://ke-image.ljcdn.com/110000-inspection/pc1_aspyUA7dW.jpg!m_fill,w_280,h_210,f_jpg?from=ke.com
20240819,朝阳,双桥,101125438670,入则宁静出则繁华远洋一方公园里的家,458万,51659元/平,中楼层 (共11层) 2室1厅 | 88.66平米 | 南,https://ke-image.ljcdn.com/110000-inspection/pc1_f4danOr2Q.jpg!m_fill,w_280,h_210,f_jpg?from=ke.com
20240819,朝阳,双桥,101125431151,精装修满五年唯一南北通透临河采光视野好,698万,50051元/平,低楼层 (共31层) | 2003年 | 3室2厅 | 139.46平米 | 南 北,https://ke-image.ljcdn.com/110000-inspection/pc1_aolFQ4EhA.jpg!m_fill,w_280,h_210,f_jpg?from=ke.com
20240819,朝阳,双桥,101125419801,南向三面宽户型 普通住宅 交易只有契税 可预约看房,525万,37442元/平,高楼层 (共6层) | 2004年 | 3室1厅 | 140.22平米 | 南 北,https://ke-image.ljcdn.com/110000-inspection/pc1_v6fVcvZ64_1.jpg!m_fill,w_280,h_210,f_jpg?from=ke.com
20240819,朝阳,双桥,101125340647,东一时区 满五唯一 户型方正 诚意出售,598万,46537元/平,低楼层 (共11层) 3室2厅 | 128.5平米 | 南 北,https://ke-image.ljcdn.com/110000-inspection/pc1_kE0BPeBFv.jpg!m_fill,w_280,h_210,f_jpg?from=ke.com
20240819,朝阳,双桥,101125321517,此房满五唯一全明格局视野宽阔格局合理,520万,48914元/平,低楼层 (共31层) | 2003年 | 2室1厅 | 106.31平米 | 西北,https://ke-image.ljcdn.com/110000-inspection/pc1_aMp8rfhTz.jpg!m_fill,w_280,h_210,f_jpg?from=ke.com
20240819,朝阳,双桥,101125320360,远洋一方新悦二期 南北通透格局好 视野宽阔 采光充,550万,45907元/平,底层 (共17层) 3室1厅 | 119.81平米 | 南 北,https://ke-image.ljcdn.com/110000-inspection/pc1_4h162UfUf.jpg!m_fill,w_280,h_210,f_jpg?from=ke.com
20240819,朝阳,双桥,101125320298,远洋一方新悦二期 满五年唯一住房 视野宽阔 采光充,379万,45319元/平,底层 (共16层) 2室1厅 | 83.63平米 | 东南,https://ke-image.ljcdn.com/110000-inspection/pc1_y4ZsbQTKF.jpg!m_fill,w_280,h_210,f_jpg?from=ke.com
20240819,朝阳,双桥,101125311360,近地铁 楼龄新 户型好 双阳台 南北通透 满五唯一房主自荐,279万,39676元/平,高楼层 (共6层) 2室1厅 | 70.32平米 | 南 北,https://ke-image.ljcdn.com/110000-inspection/pc1_cG9kQGcae.jpg!m_fill,w_280,h_210,f_jpg?from=ke.com
20240819,朝阳,双桥,101125304982,满五年唯一高楼层视野好房源产权清晰无纠纷,698万,42799元/平,高楼层 (共31层) | 2006年 | 3室1厅 | 163.09平米 | 南,https://ke-image.ljcdn.com/110000-inspection/pc1_bmdQAdHKB.jpg!m_fill,w_280,h_210,f_jpg?from=ke.com
20240819,朝阳,双桥,101125304761,双桥小区 4室2厅 南,480万,30720元/平,高楼层 (共7层) | 2005年 | 4室2厅 | 156.25平米 | 南,https://ke-image.ljcdn.com/110000-inspection/pc1_yofKedtWi_1.jpg!m_fill,w_280,h_210,f_jpg?from=ke.com
20240819,朝阳,双桥,101125293867,远洋一方润园2号院 车位,20万,6258元/平,地下室 (共15层) 1室0厅 | 31.96平米 | 南,https://ke-image.ljcdn.com/110000-inspection/pc1_g2bCpVs6d.jpg!m_fill,w_280,h_210,f_jpg?from=ke.com
20240819,朝阳,双桥,101125293277,双桥温泉东里小区 全南两居室 采光充足 楼间距大,299万,34902元/平,低楼层 (共14层) | 2004年 | 2室1厅 | 85.67平米 | 南,https://ke-image.ljcdn.com/110000-inspection/pc1_p5v8lFcT8.jpg!m_fill,w_280,h_210,f_jpg?from=ke.com
20240819,朝阳,双桥,101125279012,珠江绿洲  全明两居室  满五年唯一  近地铁,438万,41166元/平,底层 (共31层) | 2003年 | 2室1厅 | 106.4平米 | 西 东北,https://ke-image.ljcdn.com/110000-inspection/pc1_pBv7vP3VO.jpg!m_fill,w_280,h_210,f_jpg?from=ke.com
20240819,朝阳,双桥,101125268325,远洋一方润园2号院 车位,16万,4902元/平,地下室 (共15层) 1室0厅 | 32.64平米 | 南,https://ke-image.ljcdn.com/110000-inspection/pc1_z9nCSHZII.jpg!m_fill,w_280,h_210,f_jpg?from=ke.com
20240819,朝阳,双桥,101125257182,水郡长安家园2号院南北通透两梯四户集中供暖四居室,900万,42292元/平,低楼层 (共20层) | 2008年 | 4室2厅 | 212.81平米 | 南 北,https://ke-image.ljcdn.com/110000-inspection/pc1_u6k2g2e0K_1.jpg!m_fill,w_280,h_210,f_jpg?from=ke.com
20240819,朝阳,双桥,101125256211,珠江绿洲 3室1厅 南,648万,42210元/平,中楼层 (共31层) | 2003年 | 3室1厅 | 153.52平米 | 南,https://ke-image.ljcdn.com/110000-inspection/pc1_ErKY10jev.jpg!m_fill,w_280,h_210,f_jpg?from=ke.com
20240819,朝阳,双桥,101125236772,双柳巷 满五年唯一 地铁近 配套齐全房主自荐,196万,32602元/平,顶层 (共5层) | 1983年 | 2室1厅 | 60.12平米 | 南,https://ke-image.ljcdn.com/110000-inspection/pc1_1DsqDKrCN.jpg!m_fill,w_280,h_210,f_jpg?from=ke.com
20240819,朝阳,双桥,101125232339,满五年唯一商品房无抵押楼层好南北通透双阳台,379万,42413元/平,中楼层 (共7层) | 2004年 | 2室1厅 | 89.36平米 | 南 北,https://ke-image.ljcdn.com/110000-inspection/pc1_fo7TIfv4B.jpg!m_fill,w_280,h_210,f_jpg?from=ke.com
20240819,朝阳,双桥,101125200063,东五环康城联排别墅 西边户精装修 看房方便诚心出售,1500万,57172元/平,底层 (共3层) 4室2厅 | 262.37平米 | 南 北,https://ke-image.ljcdn.com/110000-inspection/pc1_1f413oZ8F.jpg!m_fill,w_280,h_210,f_jpg?from=ke.com
20240819,朝阳,双桥,101125191137,远洋一方花语苑南向两居带储藏间户型 精装修次顶层,480万,52800元/平,高楼层 (共9层) 2室1厅 | 90.91平米 | 南,https://ke-image.ljcdn.com/110000-inspection/pc1_3qQen3cRB.jpg!m_fill,w_280,h_210,f_jpg?from=ke.com
20240819,朝阳,双桥,101125182898,双桥温泉东里小区 3室2厅 南 北,480万,29353元/平,高楼层 (共7层) | 2002年 | 3室2厅 | 163.53平米 | 南 北,https://ke-image.ljcdn.com/110000-inspection/pc1_N2GPSUlZG.jpg!m_fill,w_280,h_210,f_jpg?from=ke.com
20240819,朝阳,双桥,101125172542,双桥温泉东里小区南北跃层三居室双卫适合一家三代,350万,25568元/平,高楼层 (共6层) 3室2厅 | 136.89平米 | 南 北,https://ke-image.ljcdn.com/110000-inspection/bade8996-e2f5-4baf-ade0-888039108209_1000.jpg!m_fill,w_280,h_210,f_jpg?from=ke.com
20240819,朝阳,双桥,101125169546,朝阳旺角 2室2厅 南 北,439万,39019元/平,高楼层 (共6层) | 2006年 | 2室2厅 | 112.51平米 | 南 北,https://ke-image.ljcdn.com/110000-inspection/pc1_eWUNxOWQk.jpg!m_fill,w_280,h_210,f_jpg?from=ke.com
20240819,朝阳,双桥,101125160762,朝阳旺角  满五年唯一精装商品房 南北双通透,460万,45858元/平,顶层 (共6层) | 2006年 | 2室1厅 | 100.31平米 | 南 北,https://ke-image.ljcdn.com/110000-inspection/pc1_41EVlAw7H.jpg!m_fill,w_280,h_210,f_jpg?from=ke.com
20240819,朝阳,双桥,101125133780,南北通透临河观景视野无遮挡采光充足,515万,51077元/平,中楼层 (共31层) | 2004年 | 2室1厅 | 100.83平米 | 南 北,https://ke-image.ljcdn.com/110000-inspection/pc1_570JS2sSw.jpg!m_fill,w_280,h_210,f_jpg?from=ke.com
20240819,朝阳,双桥,101125132408,双惠苑1号院 2室1厅 西 东,240万,42508元/平,顶层 (共6层) | 2004年 | 2室1厅 | 56.46平米 | 西 东,https://ke-image.ljcdn.com/110000-inspection/pc1_Nw9GViiC0_1.jpg!m_fill,w_280,h_210,f_jpg?from=ke.com
20240819,朝阳,双桥,101125124589,玲珑山 车位,10万,2603元/平,地下室 | 2013年 | 1室0厅 | 38.42平米 | 南,https://ke-image.ljcdn.com/110000-inspection/pc1_XhPSLZa5i.jpg!m_fill,w_280,h_210,f_jpg?from=ke.com
20240819,朝阳,双桥,101125116787,东柳西里 2室1厅 南 北,229万,39463元/平,中楼层 (共5层) 2室1厅 | 58.03平米 | 南 北,https://ke-image.ljcdn.com/110000-inspection/pc1_ep8KZjAV2.jpg!m_fill,w_280,h_210,f_jpg?from=ke.com
20240819,朝阳,双桥,101125113453,远洋一方北润园 车位,21万,6633元/平,地下室 (共18层) | 2012年 | 1室0厅 | 31.66平米 | 南,https://ke-image.ljcdn.com/110000-inspection/pc1_ZX2HLsz7C.jpg!m_fill,w_280,h_210,f_jpg?from=ke.com
20240819,朝阳,双桥,101125112085,北花园小区南向大开间满五年唯一诚心出售,246万,48170元/平,中楼层 (共29层) | 2012年 | 1室0厅 | 51.07平米 | 南,https://ke-image.ljcdn.com/110000-inspection/pc1_G5xRdR7WC.jpg!m_fill,w_280,h_210,f_jpg?from=ke.com
20240819,朝阳,双桥,101125111041,远洋一方北润园 地下车位 业主诚心出售,17.5万,5528元/平,地下室 (共18层) 1室0厅 | 31.66平米 | 南,https://ke-image.ljcdn.com/110000-inspection/pc1_YDqURpwA8.jpg!m_fill,w_280,h_210,f_jpg?from=ke.com
20240819,朝阳,双桥,101125099154,远洋一方北润园 车位,19.9万,6286元/平,地下室 (共18层) 1室0厅 | 31.66平米 | 南,https://ke-image.ljcdn.com/110000-inspection/pc1_kASwI3Jqg.jpg!m_fill,w_280,h_210,f_jpg?from=ke.com
20240819,朝阳,双桥,101125095461,珠江绿洲板楼南北通透精装修满五年唯一,750万,52769元/平,中楼层 (共18层) 3室2厅 | 142.13平米 | 南 北,https://ke-image.ljcdn.com/110000-inspection/pc1_esLn2oS0U.jpg!m_fill,w_280,h_210,f_jpg?from=ke.com
20240819,朝阳,双桥,101125091085,珠江绿洲 3室2厅 东南,540万,45528元/平,低楼层 (共31层) | 2004年 | 3室2厅 | 118.61平米 | 东南,https://ke-image.ljcdn.com/110000-inspection/pc1_CNTQ76yRf.jpg!m_fill,w_280,h_210,f_jpg?from=ke.com
20240819,朝阳,双桥,101125088026,聚焦房源东一时区南北三居业主随时签约,458万,54772元/平,高楼层 (共15层) | 2006年 | 3室1厅 | 83.62平米 | 南 北,https://ke-image.ljcdn.com/110000-inspection/pc1_54Yzoohns.jpg!m_fill,w_280,h_210,f_jpg?from=ke.com
20240819,朝阳,双桥,101125081869,珠江绿洲 两居室 明厨明卫 圆弧落地窗  采光全面,479万,45057元/平,低楼层 (共31层) | 2003年 | 2室1厅 | 106.31平米 | 东北 西南,https://ke-image.ljcdn.com/110000-inspection/pc1_GsKuOdBNl.jpg!m_fill,w_280,h_210,f_jpg?from=ke.com
20240819,朝阳,双桥,101125075716,双惠苑6号院 满五年唯一三居室 精装修 看房方便,425万,38735元/平,顶层 (共6层) 3室1厅 | 109.72平米 | 南 北,https://ke-image.ljcdn.com/110000-inspection/pc1_KidX2scWM.jpg!m_fill,w_280,h_210,f_jpg?from=ke.com
20240819,朝阳,双桥,101125068545,低楼层 友好楼层 精装修 可拎包入住 实用性小三居,445万,46754元/平,低楼层 (共6层) | 2004年 | 3室1厅 | 95.18平米 | 东 西,https://ke-image.ljcdn.com/110000-inspection/f8a209e7-ae8a-4cb8-b084-f606d2a11dbf_1000.jpg!m_fill,w_280,h_210,f_jpg?from=ke.com
20240819,朝阳,双桥,101125064191,南北通透一梯两户四居靠谱签约产权清晰！房主自荐,625万,35819元/平,低楼层 (共11层) 4室1厅 | 174.49平米 | 南 北,https://ke-image.ljcdn.com/110000-inspection/pc1_vS6szTpHV.jpg!m_fill,w_280,h_210,f_jpg?from=ke.com
20240819,朝阳,双桥,101125018573,满五唯一无户口二到四个免费车位自住装修,1200万,55569元/平,底层 (共3层) 4室2厅 | 215.95平米 | 南 西 北,https://ke-image.ljcdn.com/110000-inspection/pc1_MkoFZs5Ej.jpg!m_fill,w_280,h_210,f_jpg?from=ke.com
20240819,朝阳,双桥,101124996304,满五年东南向4居低楼层出行方便,699万,39581元/平,低楼层 (共31层) 4室1厅 | 176.6平米 | 南,https://ke-image.ljcdn.com/110000-inspection/pc1_PejERaF5G.jpg!m_fill,w_280,h_210,f_jpg?from=ke.com
20240819,朝阳,双桥,101124982168,房子在低楼层 正规三居室 集中供暖 全明格局,335万,37824元/平,底层 (共15层) | 2011年 | 3室1厅 | 88.57平米 | 南 西 北,https://ke-image.ljcdn.com/110000-inspection/pc1_G5G9ZZHNt.jpg!m_fill,w_280,h_210,f_jpg?from=ke.com
20240819,朝阳,双桥,101124960015,康城别墅二期 叠拼别墅  满五唯一 有钥匙,850万,38115元/平,中楼层 (共5层) 4室1厅 | 223.01平米 | 南 北,https://ke-image.ljcdn.com/110000-inspection/pc1_QtbBYPu9h.jpg!m_fill,w_280,h_210,f_jpg?from=ke.com
20240819,朝阳,双桥,101124944238,华美橡树岭花园洋房精装复式带下沉式花园。,615万,35222元/平,底层 (共6层) | 2008年 | 3室2厅 | 174.61平米 | 南 北,https://ke-image.ljcdn.com/110000-inspection/026661ec-bfeb-497f-a56f-d4745e5506d4_1000.jpg!m_fill,w_280,h_210,f_jpg?from=ke.com
20240819,朝阳,双桥,101124930193,双桥 朝阳旺角 东向全明一居室,299万,40982元/平,低楼层 (共12层) | 2006年 | 1室1厅 | 72.96平米 | 东,https://ke-image.ljcdn.com/110000-inspection/pc1_4cXL4nuNn.jpg!m_fill,w_280,h_210,f_jpg?from=ke.com
20240819,朝阳,双桥,101124904110,水郡长安家园临河观景踏水入户,450万,39891元/平,高楼层 (共20层) | 2008年 | 2室1厅 | 112.81平米 | 北,https://ke-image.ljcdn.com/110000-inspection/2adfc0ad-ab7d-44eb-9048-a5b80fe10323_1000.jpg!m_fill,w_280,h_210,f_jpg?from=ke.com
20240819,朝阳,双桥,101124898974,满五唯一诚心出售随时能签。,1050万,37024元/平,高楼层 (共8层) 6室2厅 | 283.6平米 | 南 北,https://ke-image.ljcdn.com/110000-inspection/pc1_Au3ndiODX.jpg!m_fill,w_280,h_210,f_jpg?from=ke.com
20240819,朝阳,双桥,101124878811,艺水芳园 南北通透双卫设计圆弧阳台,465万,40930元/平,底层 (共15层) 3室2厅 | 113.61平米 | 南 北,https://ke-image.ljcdn.com/110000-inspection/pc1_oVPVE6Bxw.jpg!m_fill,w_280,h_210,f_jpg?from=ke.com
20240819,朝阳,双桥,101124878045,远洋一方润园6号院 东西通透 1梯2户 视野开阔,309万,41146元/平,顶层 (共11层) | 2011年 | 2室1厅 | 75.1平米 | 东 西,https://ke-image.ljcdn.com/110000-inspection/pc1_qxnzYwiIn.jpg!m_fill,w_280,h_210,f_jpg?from=ke.com
20240819,朝阳,双桥,101124844749,一号线联排别墅边户保持好看房方便。,1560万,50808元/平,底层 (共3层) 5室2厅 | 307.04平米 | 南 北,https://ke-image.ljcdn.com/110000-inspection/pc1_RzjfCK4cy.jpg!m_fill,w_280,h_210,f_jpg?from=ke.com
20240819,朝阳,双桥,101124831298,水郡长安温馨开间户型满5唯一看房方便。,185万,40857元/平,底层 (共20层) 1室0厅 | 45.28平米 | 北,https://ke-image.ljcdn.com/110000-inspection/pc1_EKfMWnRMX.jpg!m_fill,w_280,h_210,f_jpg?from=ke.com
20240819,朝阳,双桥,101124830720,远洋一方花语苑 精装南北大三居 拎包入住,760万,53488元/平,中楼层 (共7层) 3室2厅 | 142.09平米 | 南 北,https://ke-image.ljcdn.com/110000-inspection/pc1_pltUlwYhY.jpg!m_fill,w_280,h_210,f_jpg?from=ke.com
20240819,朝阳,双桥,101124800818,艺水芳园 板楼三居室 有电梯 南北通透,578万,43293元/平,顶层 (共10层) | 2005年 | 3室1厅 | 133.51平米 | 南 北,https://ke-image.ljcdn.com/110000-inspection/pc1_lRpb1a234.jpg!m_fill,w_280,h_210,f_jpg?from=ke.com
20240819,朝阳,双桥,101124790284,惠桥小区满五唯一两居室近地铁出行方便看房随时,198万,32722元/平,顶层 (共6层) 2室1厅 | 60.51平米 | 东 西,https://ke-image.ljcdn.com/110000-inspection/pc1_akGsW1gf8.jpg!m_fill,w_280,h_210,f_jpg?from=ke.com
20240819,朝阳,双桥,101124776768,双桥地铁南 双柳巷小区 精装南北两居室 商品房,235万,41469元/平,中楼层 (共5层) | 1979年 | 2室1厅 | 56.67平米 | 南 北,https://ke-image.ljcdn.com/110000-inspection/1b61acc3-b5e8-459f-a42c-08a2aac7e823_1000.jpg!m_fill,w_280,h_210,f_jpg?from=ke.com
20240819,朝阳,双桥,101124737468,双惠苑5号院 2室1厅 西北,299万,39878元/平,顶层 (共6层) | 2004年 | 2室1厅 | 74.98平米 | 西北,https://ke-image.ljcdn.com/110000-inspection/pc1_3gtDxYC2P.jpg!m_fill,w_280,h_210,f_jpg?from=ke.com
20240819,朝阳,双桥,101124735232,商品房小区中间楼位置中高层采光视好,285万,37975元/平,中楼层 (共22层) | 2010年 | 2室1厅 | 75.05平米 | 南,https://ke-image.ljcdn.com/110000-inspection/9f82dfd7-3c51-4203-be0d-4dd598be922e_1000.jpg!m_fill,w_280,h_210,f_jpg?from=ke.com
20240819,朝阳,双桥,101124731803,远洋一方溪语苑 2室1厅 东北,419万,55002元/平,中楼层 (共11层) 2室1厅 | 76.18平米 | 东北,https://ke-image.ljcdn.com/110000-inspection/pc1_GDPyXLPog.jpg!m_fill,w_280,h_210,f_jpg?from=ke.com
20240819,朝阳,双桥,101124726740,花园洋房 南向两居 诚心出售 户型方正,439万,49633元/平,底层 (共11层) 2室1厅 | 88.45平米 | 南,https://ke-image.ljcdn.com/110000-inspection/pc1_jNLLpywxa.jpg!m_fill,w_280,h_210,f_jpg?from=ke.com
20240819,朝阳,双桥,101124715600,艺水芳园 南北通透 圆弧阳台 双卫设计 人车分流,509万,46865元/平,低楼层 (共15层) | 2005年 | 3室1厅 | 108.61平米 | 南 北,https://ke-image.ljcdn.com/110000-inspection/pc1_DCk2S8ZRg_1.jpg!m_fill,w_280,h_210,f_jpg?from=ke.com
20240819,朝阳,双桥,101124701816,东会新村 2室1厅 东 西,280万,37057元/平,高楼层 (共6层) 2室1厅 | 75.56平米 | 东 西,https://ke-image.ljcdn.com/110000-inspection/9cd5a527-691e-4913-9938-e56042e5ef65_1000.jpg!m_fill,w_280,h_210,f_jpg?from=ke.com
20240819,朝阳,双桥,101124690873,朝阳旺角 南北通透3居室 首付200万 看房随时,598万,35999元/平,高楼层 (共6层) | 2006年 | 3室2厅 | 166.12平米 | 南 北,https://ke-image.ljcdn.com/110000-inspection/pc1_UBn0r7P4t.jpg!m_fill,w_280,h_210,f_jpg?from=ke.com
20240819,朝阳,双桥,101124690643,康城别墅一期南北花园中间户联排满五唯一,950万,50077元/平,底层 (共3层) 3室1厅 | 189.71平米 | 南 北,https://ke-image.ljcdn.com/110000-inspection/pc1_PKFWes0um.jpg!m_fill,w_280,h_210,f_jpg?from=ke.com
20240819,朝阳,双桥,101124659957,温泉北里 2室1厅 南,222万,39857元/平,高楼层 (共6层) | 2000年 | 2室1厅 | 55.7平米 | 南,https://ke-image.ljcdn.com/110000-inspection/pc1_jmF7ElXrC.jpg!m_fill,w_280,h_210,f_jpg?from=ke.com
20240819,朝阳,双桥,101124649734,远洋溪语苑 温馨两居室 花园洋房,419万,55205元/平,低楼层 (共11层) 2室1厅 | 75.9平米 | 东北,https://ke-image.ljcdn.com/110000-inspection/pc1_o10pHgbIb.jpg!m_fill,w_280,h_210,f_jpg?from=ke.com
20240819,朝阳,双桥,101124632182,远洋一方溪语苑 3室2厅 南 北,699万,54687元/平,顶层 (共9层) 3室2厅 | 127.82平米 | 南 北,https://ke-image.ljcdn.com/110000-inspection/pc1_RHwfK7fia.jpg!m_fill,w_280,h_210,f_jpg?from=ke.com
20240819,朝阳,双桥,101124621932,满五唯一随时可看。诚心出售。,950万,44894元/平,高楼层 (共20层) | 2009年 | 4室1厅 | 211.61平米 | 南 北,https://ke-image.ljcdn.com/110000-inspection/pc1_WTtWIrLs4.jpg!m_fill,w_280,h_210,f_jpg?from=ke.com
20240819,朝阳,双桥,101124607051,此房装修刚四年高楼层视野无遮挡精装修。,499万,45940元/平,高楼层 (共31层) | 2007年 | 2室1厅 | 108.62平米 | 东 西北,https://ke-image.ljcdn.com/110000-inspection/pc1_Eq6cV6HPc.jpg!m_fill,w_280,h_210,f_jpg?from=ke.com
20240819,朝阳,双桥,101124597196,此房满两年户型方正无浪费采光充足,459万,48281元/平,中楼层 (共17层) | 2008年 | 2室1厅 | 95.07平米 | 东南,https://ke-image.ljcdn.com/110000-inspection/pc1_kJIaXz2pg.jpg!m_fill,w_280,h_210,f_jpg?from=ke.com
20240819,朝阳,双桥,101124581853,远洋一方精装一居室中间楼层采光视野好诚心出售,360万,55884元/平,低楼层 (共15层) 1室1厅 | 64.42平米 | 南,https://ke-image.ljcdn.com/110000-inspection/pc1_41uDm6rf6.jpg!m_fill,w_280,h_210,f_jpg?from=ke.com
20240819,朝阳,双桥,101124573955,双惠苑 南北通透 主卧朝南 随时看房 随时签约,253万,40860元/平,顶层 (共6层) | 2004年 | 1室1厅 | 61.92平米 | 南 北,https://ke-image.ljcdn.com/110000-inspection/pc1_uQOI1e09h_1.jpg!m_fill,w_280,h_210,f_jpg?from=ke.com
20240819,朝阳,双桥,101124572979,东柳西里 1室0厅 南,155万,40177元/平,中楼层 (共5层) | 1987年 | 1室0厅 | 38.58平米 | 南,https://ke-image.ljcdn.com/110000-inspection/pc1_rDLdCyY90.jpg!m_fill,w_280,h_210,f_jpg?from=ke.com
20240819,朝阳,双桥,101124572336,出则繁华入则宁静远洋一方公园里的家。,378万,49823元/平,中楼层 (共11层) 2室1厅 | 75.87平米 | 东北,https://ke-image.ljcdn.com/110000-inspection/fd4d2f4e-7c28-4aad-b777-42e62dc21865_1000.jpg!m_fill,w_280,h_210,f_jpg?from=ke.com
20240819,朝阳,双桥,101124571675,装修保持好产权清晰诚心卖高楼层采光视野佳,635万,55089元/平,中楼层 (共18层) 3室1厅 | 115.27平米 | 南 北,https://ke-image.ljcdn.com/110000-inspection/pc1_kF6s0q6i7.jpg!m_fill,w_280,h_210,f_jpg?from=ke.com
20240819,朝阳,双桥,101124570485,满五唯一中间楼层南北通透近地铁,245万,43279元/平,中楼层 (共5层) 2室0厅 | 56.61平米 | 南 北,https://ke-image.ljcdn.com/110000-inspection/pc1_YtR9QghCE.jpg!m_fill,w_280,h_210,f_jpg?from=ke.com
20240819,朝阳,双桥,101124565785,：满五唯一中间楼层近地铁视野采光好。,210万,41585元/平,中楼层 (共5层) 2室0厅 | 50.5平米 | 南,https://ke-image.ljcdn.com/110000-inspection/pc1_XlULUrYzi.jpg!m_fill,w_280,h_210,f_jpg?from=ke.com
20240819,朝阳,双桥,101124562811,北向一居 满五唯一 落地窗 临河观景,210万,47663元/平,中楼层 (共15层) | 2006年 | 1室1厅 | 44.06平米 | 北,https://ke-image.ljcdn.com/110000-inspection/pc1_GV9kU1Rnj.jpg!m_fill,w_280,h_210,f_jpg?from=ke.com
20240819,朝阳,双桥,101124545957,户型方正 南向一居室 满五唯一 高楼层 视野开阔房主自荐,269万,49586元/平,高楼层 (共15层) 1室1厅 | 54.25平米 | 南,https://ke-image.ljcdn.com/110000-inspection/pc1_IOucuLhFJ.jpg!m_fill,w_280,h_210,f_jpg?from=ke.com
20240819,朝阳,双桥,101124543715,满五年商品房家庭名下北京一套住房南北通透房主自荐,266万,47256元/平,低楼层 (共6层) | 2004年 | 1室1厅 | 56.29平米 | 南 北,https://ke-image.ljcdn.com/110000-inspection/pc1_LyFjgGxzw_1.jpg!m_fill,w_280,h_210,f_jpg?from=ke.com
20240819,朝阳,双桥,101124511959,珠江绿洲 3室1厅 南 东南,1408万,50632元/平,高楼层 (共31层) | 2003年 | 3室1厅 | 278.09平米 | 南 东南,https://ke-image.ljcdn.com/110000-inspection/pc1_8edfHsFuP.jpg!m_fill,w_280,h_210,f_jpg?from=ke.com
20240819,朝阳,双桥,101124505605,朝阳旺角精装修南北通透大三居临河观景视野开阔！,625万,44832元/平,中楼层 (共16层) | 2006年 | 3室1厅 | 139.41平米 | 南 北,https://ke-image.ljcdn.com/110000-inspection/pc1_NgrVfvkRO.jpg!m_fill,w_280,h_210,f_jpg?from=ke.com
20240819,朝阳,双桥,101124496972,水郡长安 满五唯一 商品房 近地铁,249万,44142元/平,低楼层 (共20层) | 2008年 | 1室0厅 | 56.41平米 | 北,https://ke-image.ljcdn.com/110000-inspection/e421c9fc-e268-4385-ac65-50fa36f033c0_1000.jpg!m_fill,w_280,h_210,f_jpg?from=ke.com
20240819,朝阳,双桥,101124496196,店长推荐：远洋一方花语苑 精装复式 业主诚售,1180万,54900元/平,底层 (共7层) 4室1厅 | 214.94平米 | 南 北,https://ke-image.ljcdn.com/110000-inspection/pc1_ufxaX8xwe.jpg!m_fill,w_280,h_210,f_jpg?from=ke.com
20240819,朝阳,双桥,101124469296,水郡长安亲水别墅社区朝南一室一厅诚心出售,345万,49013元/平,底层 (共20层) | 2008年 | 1室1厅 | 70.39平米 | 南,https://ke-image.ljcdn.com/110000-inspection/pc1_fsWTJ9dtf.jpg!m_fill,w_280,h_210,f_jpg?from=ke.com
20240819,朝阳,双桥,101124458556,店长推荐：南北通透两居 满五唯一 业主诚心出售,285万,42304元/平,中楼层 (共6层) 2室1厅 | 67.37平米 | 南 北,https://ke-image.ljcdn.com/110000-inspection/pc1_sQkcUUOPe.jpg!m_fill,w_280,h_210,f_jpg?from=ke.com
20240819,朝阳,双桥,101124448167,康城别墅一期 联排别墅 位置正,1290万,49093元/平,底层 (共3层) | 2002年 | 5室1厅 | 262.77平米 | 南 北,https://ke-image.ljcdn.com/110000-inspection/pc1_6Cag5wBHb_1.jpg!m_fill,w_280,h_210,f_jpg?from=ke.com
20240819,朝阳,双桥,101124433765,康城别墅二期精装上叠直接拎包入住满五年唯一,850万,38367元/平,中楼层 (共5层) | 2004年 | 4室2厅 | 221.55平米 | 南 北,https://ke-image.ljcdn.com/110000-inspection/pc1_ESWpSn0N6.jpg!m_fill,w_280,h_210,f_jpg?from=ke.com
20240819,朝阳,双桥,101124426805,水郡长安亲水别墅社区临河观景明卫南北三居！房主自荐,720万,47689元/平,中楼层 (共19层) 3室1厅 | 150.98平米 | 南 北,https://ke-image.ljcdn.com/110000-inspection/891fee71-0d0e-4be4-a391-0624d229f568_1000.jpg!m_fill,w_280,h_210,f_jpg?from=ke.com
20240819,朝阳,双桥,101124426777,满五唯一随时可看。诚心出售。,500万,47520元/平,中楼层 (共6层) 2室1厅 | 105.22平米 | 北 南,https://ke-image.ljcdn.com/110000-inspection/pc1_YSidmC6UF.jpg!m_fill,w_280,h_210,f_jpg?from=ke.com
20240819,朝阳,双桥,101124396149,双惠苑纯商品房两室双卫生间诚心出售,430万,47746元/平,高楼层 (共7层) 2室1厅 | 90.06平米 | 西 北,https://ke-image.ljcdn.com/110000-inspection/pc1_FWlodsYwd_1.jpg!m_fill,w_280,h_210,f_jpg?from=ke.com
20240819,朝阳,双桥,101124393983,珠江绿洲 3室2厅 南,629万,41187元/平,中楼层 (共31层) 3室2厅 | 152.72平米 | 南,https://ke-image.ljcdn.com/110000-inspection/pc1_f8W1xgvxC.jpg!m_fill,w_280,h_210,f_jpg?from=ke.com
20240819,朝阳,双桥,101124393425,珠江绿洲 3室2厅 南,655万,39862元/平,中楼层 (共31层) | 2004年 | 3室2厅 | 164.32平米 | 南,https://ke-image.ljcdn.com/110000-inspection/0d589a4d-e443-44e4-ba4b-97953572a261_1000.jpg!m_fill,w_280,h_210,f_jpg?from=ke.com
20240819,朝阳,双桥,101124369091,远洋一方花语苑 车位,18万,5207元/平,地下室 (共11层) 1室0厅 | 34.57平米 | 南,https://ke-image.ljcdn.com/110000-inspection/pc1_xLHSPfc3D.jpg!m_fill,w_280,h_210,f_jpg?from=ke.com
20240819,朝阳,双桥,101124348033,水郡长安水系别墅临河观景南北三居拎包入住！,716万,46251元/平,高楼层 (共20层) | 2008年 | 3室1厅 | 154.81平米 | 南 北,https://ke-image.ljcdn.com/110000-inspection/pc1_PGMOq15aL.jpg!m_fill,w_280,h_210,f_jpg?from=ke.com
20240819,朝阳,双桥,101124342409,远洋一方润园 满五唯一 精装商品房 中间层视野开阔房主自荐,266万,49169元/平,中楼层 (共15层) 1室1厅 | 54.1平米 | 南,https://ke-image.ljcdn.com/110000-inspection/pc1_h3aratow0.jpg!m_fill,w_280,h_210,f_jpg?from=ke.com
20240819,朝阳,双桥,101124296362,远洋一方北润园 车位,16万,5054元/平,地下室 (共18层) 1室0厅 | 31.66平米 | 南,https://ke-image.ljcdn.com/110000-inspection/pc1_sSv5hmtBn.jpg!m_fill,w_280,h_210,f_jpg?from=ke.com
20240819,朝阳,双桥,101124279023,双柳巷 2室1厅 南 北,320万,42588元/平,中楼层 (共6层) 2室1厅 | 75.14平米 | 南 北,https://ke-image.ljcdn.com/110000-inspection/pc1_ZGUD6YBba.jpg!m_fill,w_280,h_210,f_jpg?from=ke.com
20240819,朝阳,双桥,101124275922,双惠苑2号院 南北通透 楼层好 近地铁 商品房,450万,50415元/平,低楼层 (共7层) | 2002年 | 2室1厅 | 89.26平米 | 南 北,https://ke-image.ljcdn.com/110000-inspection/pc1_hGmfeTfVp.jpg!m_fill,w_280,h_210,f_jpg?from=ke.com
20240819,朝阳,双桥,101124273250,远洋一方溪语苑  南北通透三居 户型方正 诚心出售,499万,56808元/平,高楼层 (共6层) | 2012年 | 3室1厅 | 87.84平米 | 南 北,https://ke-image.ljcdn.com/110000-inspection/pc1_4wTXFa5Wc.jpg!m_fill,w_280,h_210,f_jpg?from=ke.com
20240819,朝阳,双桥,101124235074,双桥六号井 2室1厅 南 北,207万,34703元/平,中楼层 (共6层) 2室1厅 | 59.65平米 | 南 北,https://ke-image.ljcdn.com/110000-inspection/pc1_LFMFHFqOS.jpg!m_fill,w_280,h_210,f_jpg?from=ke.com
20240819,朝阳,双桥,101124234718,满五年仅有契税！精装修南北通透4居室！,650万,48843元/平,中楼层 (共17层) 4室1厅 | 133.08平米 | 南 北,https://ke-image.ljcdn.com/110000-inspection/pc1_ZubUntyHS.jpg!m_fill,w_280,h_210,f_jpg?from=ke.com
20240819,朝阳,双桥,101124229640,远洋一方林语苑 全明格局 户型方正 精装修,328万,49205元/平,中楼层 (共18层) | 2009年 | 2室1厅 | 66.66平米 | 东北,https://ke-image.ljcdn.com/110000-inspection/pc1_bNqL0iG0Y.jpg!m_fill,w_280,h_210,f_jpg?from=ke.com
20240819,朝阳,双桥,101124228318,温泉东里南北三居室满五年唯一有电梯采光好,428万,37893元/平,低楼层 (共14层) | 2004年 | 3室2厅 | 112.95平米 | 南 北,https://ke-image.ljcdn.com/110000-inspection/pc1_hdJ5UKW6b.jpg!m_fill,w_280,h_210,f_jpg?from=ke.com
20240819,朝阳,双桥,101124219927,水郡长安洋房南北三居一梯两户带电梯,819万,53596元/平,低楼层 (共8层) 3室2厅 | 152.81平米 | 南 北,https://ke-image.ljcdn.com/110000-inspection/pc1_iGLNnk9oq.jpg!m_fill,w_280,h_210,f_jpg?from=ke.com
20240819,朝阳,双桥,101124214878,朝阳旺角商品房满五年楼层好户型通透集中供暖！,422万,41252元/平,低楼层 (共6层) | 2006年 | 2室1厅 | 102.3平米 | 东 西,https://ke-image.ljcdn.com/110000-inspection/pc1_6UqTlGYTn_1.jpg!m_fill,w_280,h_210,f_jpg?from=ke.com
20240819,朝阳,双桥,101124209887,东一时区 南北双通透两居室 看房随时,490万,49838元/平,中楼层 (共10层) 2室1厅 | 98.32平米 | 南 北,https://ke-image.ljcdn.com/110000-inspection/pc1_Qe1YthUaF.jpg!m_fill,w_280,h_210,f_jpg?from=ke.com
20240819,朝阳,双桥,101124208251,双桥中路10号 北院南北通透大两居双阳台。房主自荐,276万,28649元/平,高楼层 (共6层) | 2001年 | 2室1厅 | 96.34平米 | 南 北,https://ke-image.ljcdn.com/110000-inspection/pc1_394F194P6.jpg!m_fill,w_280,h_210,f_jpg?from=ke.com
20240819,朝阳,双桥,101124206426,恭和家园 居家式管家社区 环境优美房主自荐,399万,48388元/平,顶层 (共4层) 1室2厅 | 82.46平米 | 南,https://ke-image.ljcdn.com/110000-inspection/pc1_2eBpqTREY.jpg!m_fill,w_280,h_210,f_jpg?from=ke.com
20240819,朝阳,双桥,101124168370,朝阳旺角 2室1厅 西南房主自荐,460万,43027元/平,低楼层 (共15层) | 2006年 | 2室1厅 | 106.91平米 | 西南,https://ke-image.ljcdn.com/110000-inspection/pc1_u8MYfujLw.jpg!m_fill,w_280,h_210,f_jpg?from=ke.com
20240819,朝阳,双桥,101124157179,双桥温泉东里小区 南北通透采光好 无浪费面积,269万,37424元/平,高楼层 (共6层) 2室1厅 | 71.88平米 | 南 北,https://ke-image.ljcdn.com/110000-inspection/pc1_i21HCTF8j.jpg!m_fill,w_280,h_210,f_jpg?from=ke.com
20240819,朝阳,双桥,101124143008,国贸东  一号线沿线  花园洋房下跃户型房主自荐,998万,46488元/平,底层 (共7层) 5室2厅 | 214.68平米 | 南 北,https://ke-image.ljcdn.com/110000-inspection/f47ee174-b4e6-4db0-9267-ffd32224b87d_1000.jpg!m_fill,w_280,h_210,f_jpg?from=ke.com
20240819,朝阳,双桥,101124131672,满五唯一 全南向 精装修 高楼层,411万,46763元/平,高楼层 (共18层) 2室1厅 | 87.89平米 | 南,https://ke-image.ljcdn.com/110000-inspection/9b36cd33-82d8-436b-85e8-d2d51b1b0b32_1000.jpg!m_fill,w_280,h_210,f_jpg?from=ke.com
20240819,朝阳,双桥,101124125181,远洋一方林语苑 2室1厅 东北,380万,50252元/平,低楼层 (共11层) 2室1厅 | 75.62平米 | 东北,https://ke-image.ljcdn.com/110000-inspection/pc1_C7tYImKOl.jpg!m_fill,w_280,h_210,f_jpg?from=ke.com
20240819,朝阳,双桥,101124122259,高楼层视野好无遮挡正规标准大3居室,549万,39597元/平,高楼层 (共31层) 3室1厅 | 138.65平米 | 西 东北,https://ke-image.ljcdn.com/110000-inspection/50ab384d-596d-4fcc-8e41-6937e1feb8b5_1000.jpg!m_fill,w_280,h_210,f_jpg?from=ke.com
20240819,朝阳,双桥,101124117691,珠江绿洲 跃层一居室 户型方正  视野好,388万,49408元/平,高楼层 (共31层) 1室1厅 | 78.53平米 | 东北,https://ke-image.ljcdn.com/110000-inspection/pc1_kflo3IiIx.jpg!m_fill,w_280,h_210,f_jpg?from=ke.com
20240819,朝阳,双桥,101124096046,珠江绿洲临河南向大三居高层采光好视野开阔满五年唯一,690万,42308元/平,高楼层 (共31层) | 2007年 | 3室2厅 | 163.09平米 | 南,https://ke-image.ljcdn.com/110000-inspection/pc1_UsHdRmErV.jpg!m_fill,w_280,h_210,f_jpg?from=ke.com
20240819,朝阳,双桥,101124095962,此房满五年唯一楼层采光好南北通透,475万,48733元/平,低楼层 (共31层) | 2007年 | 2室1厅 | 97.47平米 | 南 北,https://ke-image.ljcdn.com/110000-inspection/pc1_1RgzoYgJf.jpg!m_fill,w_280,h_210,f_jpg?from=ke.com
20240819,朝阳,双桥,101124084672,满五唯一东向楼层好视野宽阔采光充足配套齐全,236万,44944元/平,中楼层 (共16层) 1室0厅 | 52.51平米 | 东,https://ke-image.ljcdn.com/110000-inspection/pc1_uKgIrXnno.jpg!m_fill,w_280,h_210,f_jpg?from=ke.com
20240819,朝阳,双桥,101124075296,远洋一方北润园 车位,18万,5686元/平,地下室 (共18层) 1室1厅 | 31.66平米 | 南,https://ke-image.ljcdn.com/110000-inspection/pc1_G8gB4R7M8.jpg!m_fill,w_280,h_210,f_jpg?from=ke.com
20240819,朝阳,双桥,101124013049,出门管庄地铁站东会新村南北大两居室有钥匙,299万,39751元/平,高楼层 (共6层) | 1998年 | 2室1厅 | 75.22平米 | 南 北,https://ke-image.ljcdn.com/110000-inspection/pc1_2VbLEVH03.jpg!m_fill,w_280,h_210,f_jpg?from=ke.com
20240819,朝阳,双桥,101123993082,满两年有挑空未封采光充足视野开阔。,1550万,50417元/平,高楼层 (共31层) 5室1厅 | 307.44平米 | 南,https://ke-image.ljcdn.com/110000-inspection/d43ecba8-7f40-460c-b87d-60fc94b8ff17_1000.jpg!m_fill,w_280,h_210,f_jpg?from=ke.com
20240819,朝阳,双桥,101123990291,温泉北里 满五唯一  南北三居 户型方正,289万,29584元/平,高楼层 (共6层) | 2000年 | 3室1厅 | 97.69平米 | 南 北,https://ke-image.ljcdn.com/110000-inspection/pc1_igFSsbYLC_1.jpg!m_fill,w_280,h_210,f_jpg?from=ke.com
20240819,朝阳,双桥,101123989564,华美橡树岭 3室2厅 东南 南,798万,42341元/平,底层 (共6层) 3室2厅 | 188.47平米 | 东南 南,https://ke-image.ljcdn.com/110000-inspection/ee9cc834-a60c-486b-9549-7307f06815a6_1000.jpg!m_fill,w_280,h_210,f_jpg?from=ke.com
20240819,朝阳,双桥,101123951362,南北通透2居中间层  满五年唯一商品房中间楼层,289万,33531元/平,中楼层 (共6层) 2室1厅 | 86.19平米 | 南 北,https://ke-image.ljcdn.com/110000-inspection/pc1_CDdYjlOLF_1.jpg!m_fill,w_280,h_210,f_jpg?from=ke.com
20240819,朝阳,双桥,101123943757,惠桥小区价格便宜南北两居出行方便价格可谈,180万,29748元/平,中楼层 (共6层) 2室1厅 | 60.51平米 | 南 北,https://ke-image.ljcdn.com/110000-inspection/pc1_mgW9tWOBb_1.jpg!m_fill,w_280,h_210,f_jpg?from=ke.com
20240819,朝阳,双桥,101123926317,双桥传媒 商品房 人车分流 满五年唯一 高层视野好,510万,47075元/平,高楼层 (共17层) 3室1厅 | 108.34平米 | 南 北,https://ke-image.ljcdn.com/110000-inspection/pc1_6D9QCBPDk.jpg!m_fill,w_280,h_210,f_jpg?from=ke.com
20240819,朝阳,双桥,101123926000,2002年建成满五唯一近地铁全落地窗,580万,41990元/平,高楼层 (共7层) 4室1厅 | 138.13平米 | 南 北,https://ke-image.ljcdn.com/110000-inspection/pc1_nkDgJWM4X.jpg!m_fill,w_280,h_210,f_jpg?from=ke.com
20240819,朝阳,双桥,101123919525,复式正常层高客厅挑空带电电梯非顶层.,513万,40818元/平,中楼层 (共6层) 3室2厅 | 125.68平米 | 南 北,https://ke-image.ljcdn.com/110000-inspection/6c9779a1-65e5-43e0-b02b-124d8d8a1621_1000.jpg!m_fill,w_280,h_210,f_jpg?from=ke.com
20240819,朝阳,双桥,101123910108,金隅康惠园2号院 2室1厅 东 西,386万,49846元/平,低楼层 (共21层) | 2011年 | 2室1厅 | 77.44平米 | 东 西,https://ke-image.ljcdn.com/110000-inspection/pc1_zutUzAkZi.jpg!m_fill,w_280,h_210,f_jpg?from=ke.com
20240819,朝阳,双桥,101123900739,东会新村 中间层南向一居 诚信出售,208万,41427元/平,中楼层 (共6层) 1室1厅 | 50.21平米 | 南,https://ke-image.ljcdn.com/110000-inspection/fed3b515-11ae-4808-9bb7-91015cf03cd9_1000.jpg!m_fill,w_280,h_210,f_jpg?from=ke.com
20240819,朝阳,双桥,101123894626,满五唯一 户型方正 没遮挡 采光好 业主换房诚意出售,455万,37394元/平,中楼层 (共5层) 2室1厅 | 121.68平米 | 南 北,https://ke-image.ljcdn.com/110000-inspection/pc1_1tVXeWzDJ.jpg!m_fill,w_280,h_210,f_jpg?from=ke.com
20240819,朝阳,双桥,101123894304,带电梯户型方正无浪费业主诚意出售,458万,43171元/平,低楼层 (共15层) | 2006年 | 2室1厅 | 106.09平米 | 西南,https://ke-image.ljcdn.com/110000-inspection/pc1_y8etZ69SL.jpg!m_fill,w_280,h_210,f_jpg?from=ke.com
20240819,朝阳,双桥,101123883534,东一时区 南北双通透H户型两居房主自荐,489万,49995元/平,低楼层 (共9层) | 2005年 | 2室1厅 | 97.81平米 | 南 北,https://ke-image.ljcdn.com/110000-inspection/pc1_uCpNO5CrG.jpg!m_fill,w_280,h_210,f_jpg?from=ke.com
20240819,朝阳,双桥,101123881463,朝阳旺角 全明格局 落地窗 满五唯一商品房,430万,38538元/平,低楼层 (共12层) | 2006年 | 2室1厅 | 111.58平米 | 西南 北,https://ke-image.ljcdn.com/110000-inspection/pc1_cnqjCoTve.jpg!m_fill,w_280,h_210,f_jpg?from=ke.com
20240819,朝阳,双桥,101123870940,南北通透三居室满五年只有契税无遮挡看房随时。房主自荐,499万,38206元/平,中楼层 (共7层) | 2004年 | 3室1厅 | 130.61平米 | 南 北,https://ke-image.ljcdn.com/110000-inspection/pc1_p5S7LnV6j_2.jpg!m_fill,w_280,h_210,f_jpg?from=ke.com
20240819,朝阳,双桥,101123866552,珠江绿洲 跃层一居室 高层 精装修 满五年唯一,370万,50048元/平,高楼层 (共31层) 1室1厅 | 73.93平米 | 西北,https://ke-image.ljcdn.com/110000-inspection/28757803-094f-46e4-821b-af6fd84947e4_1000.jpg!m_fill,w_280,h_210,f_jpg?from=ke.com
20240819,朝阳,双桥,101123866341,远洋一方北润园 精装南向一居 小区中间位置房主自荐,400万,63422元/平,高楼层 (共9层) 1室1厅 | 63.07平米 | 南,https://ke-image.ljcdn.com/110000-inspection/pc1_AUsn1BOw2.jpg!m_fill,w_280,h_210,f_jpg?from=ke.com
20240819,朝阳,双桥,101123866267,远洋一方北润园 2室1厅 东北,349万,47010元/平,顶层 (共18层) 2室1厅 | 74.24平米 | 东北,https://ke-image.ljcdn.com/110000-inspection/pc1_6wYBPHQdo.jpg!m_fill,w_280,h_210,f_jpg?from=ke.com
20240819,朝阳,双桥,101123864724,水郡长安 4室1厅 南 北,1550万,53942元/平,底层 (共3层) | 2006年 | 4室1厅 | 287.35平米 | 南 北,https://ke-image.ljcdn.com/110000-inspection/pc1_9D6qoFiDO.jpg!m_fill,w_280,h_210,f_jpg?from=ke.com
20240819,朝阳,双桥,101123862479,珠江绿洲 西南三居 满五年唯一 高层精装 视野采光好,679万,47101元/平,高楼层 (共31层) | 2003年 | 3室2厅 | 144.16平米 | 西南,https://ke-image.ljcdn.com/110000-inspection/90a46d35-465c-4d50-8125-39ab87eb6f4a_1000.jpg!m_fill,w_280,h_210,f_jpg?from=ke.com
20240819,朝阳,双桥,101123860821,珠江绿洲 西南三居 满五年唯一 高层双卫 采光好,560万,49128元/平,中楼层 (共31层) | 2003年 | 3室2厅 | 113.99平米 | 西南,https://ke-image.ljcdn.com/110000-inspection/pc1_EAA4eK9t9_1.jpg!m_fill,w_280,h_210,f_jpg?from=ke.com
20240819,朝阳,双桥,101123858681,东一时区 满五年唯一 新装修 采光无遮挡,278万,47824元/平,顶层 (共6层) | 2005年 | 2室1厅 | 58.13平米 | 西南,https://ke-image.ljcdn.com/110000-inspection/pc1_zW5vJ7uGW.jpg!m_fill,w_280,h_210,f_jpg?from=ke.com
20240819,朝阳,双桥,101123858646,远洋一方新悦一期 满五年唯一 装修保持干净整洁,465万,52974元/平,中楼层 (共18层) 2室1厅 | 87.78平米 | 南,https://ke-image.ljcdn.com/110000-inspection/pc1_KApsOVv1o.jpg!m_fill,w_280,h_210,f_jpg?from=ke.com
20240819,朝阳,双桥,101123841520,天泰新房苑 电梯一居 南北通透 户型方正,319万,48166元/平,中楼层 (共11层) 1室1厅 | 66.23平米 | 南 北,https://ke-image.ljcdn.com/110000-inspection/pc1_unvIMyhmP.jpg!m_fill,w_280,h_210,f_jpg?from=ke.com
20240819,朝阳,双桥,101123835602,远洋一方润园2号院 精装复式三居 拎包入住,605万,67260元/平,顶层 (共9层) 3室1厅 | 89.95平米 | 南 北,https://ke-image.ljcdn.com/110000-inspection/pc1_4jgq1jTrt.jpg!m_fill,w_280,h_210,f_jpg?from=ke.com
20240819,朝阳,双桥,101123831767,小区里楼龄首新唯一钢混干净安静采光通透佳！,189万,40351元/平,顶层 (共5层) | 1990年 | 2室0厅 | 46.84平米 | 南 北,https://ke-image.ljcdn.com/110000-inspection/pc1_9RQ5vKopx.jpg!m_fill,w_280,h_210,f_jpg?from=ke.com
20240819,朝阳,双桥,101123831673,南北通透大两居 满五唯一 无遮挡 采光视野好,205万,35321元/平,顶层 (共5层) 2室1厅 | 58.04平米 | 南 北,https://ke-image.ljcdn.com/110000-inspection/pc1_4vCXeJrs8.jpg!m_fill,w_280,h_210,f_jpg?from=ke.com
20240819,朝阳,双桥,101123831498,双惠苑1号院 3室1厅 南 北,430万,38448元/平,顶层 (共6层) | 2003年 | 3室1厅 | 111.84平米 | 南 北,https://ke-image.ljcdn.com/110000-inspection/488d536b-d183-40c5-9f82-c2f827349ef7_1000.jpg!m_fill,w_280,h_210,f_jpg?from=ke.com
20240819,朝阳,双桥,101123830057,水郡长安别墅社区南北通透四居室临河观景,960万,45168元/平,中楼层 (共20层) 4室2厅 | 212.54平米 | 南 北,https://ke-image.ljcdn.com/110000-inspection/pc1_BmGs5iRhG.jpg!m_fill,w_280,h_210,f_jpg?from=ke.com
20240819,朝阳,双桥,101123818898,东柳西里 满五年 1990年 采光好 近地铁好房,170万,44122元/平,中楼层 (共5层) 1室0厅 | 38.53平米 | 南,https://ke-image.ljcdn.com/110000-inspection/pc1_1fAEylFis.jpg!m_fill,w_280,h_210,f_jpg?from=ke.com
20240819,朝阳,双桥,101123815981,双桥传媒 复式结构 看房方便 满五年唯一 南北通透,520万,35202元/平,高楼层 (共7层) 3室2厅 | 147.72平米 | 南 北,https://ke-image.ljcdn.com/110000-inspection/0db85111-cb9f-4ec9-b981-bc6fdac6fedd_1000.jpg!m_fill,w_280,h_210,f_jpg?from=ke.com
20240819,朝阳,双桥,101123815823,双惠苑5号院 商品房 三居室 落地窗,410万,41440元/平,高楼层 (共6层) | 2004年 | 3室1厅 | 98.94平米 | 东 西,https://ke-image.ljcdn.com/110000-inspection/pc1_OwmPX9wZl_3.jpg!m_fill,w_280,h_210,f_jpg?from=ke.com
20240819,朝阳,双桥,101123814564,满五唯一明厨明卫正规两居中间楼层随时看房,560万,51556元/平,中楼层 (共31层) | 2007年 | 2室1厅 | 108.62平米 | 东 西北,https://ke-image.ljcdn.com/110000-inspection/pc1_lpITZO3V9.jpg!m_fill,w_280,h_210,f_jpg?from=ke.com
20240819,朝阳,双桥,101123814139,双惠苑4号院 2室1厅 东 西,390万,47371元/平,中楼层 (共6层) | 2004年 | 2室1厅 | 82.33平米 | 东 西,https://ke-image.ljcdn.com/110000-inspection/569f3141-56e8-4ef8-b009-d94c37f78f53_1000.jpg!m_fill,w_280,h_210,f_jpg?from=ke.com
20240819,朝阳,双桥,101123813766,东柳西里 满五唯一 商品房 1990年 采光好 近地铁好房,175万,36642元/平,顶层 (共5层) | 1990年 | 2室0厅 | 47.76平米 | 南 北,https://ke-image.ljcdn.com/110000-inspection/pc1_UlCT3YQU2.jpg!m_fill,w_280,h_210,f_jpg?from=ke.com
20240819,朝阳,双桥,101123813571,2004年建成商品房近地铁落地窗,375万,37833元/平,顶层 (共6层) | 2004年 | 2室1厅 | 99.12平米 | 北 南,https://ke-image.ljcdn.com/110000-inspection/pc1_ef6VQIVDx.jpg!m_fill,w_280,h_210,f_jpg?from=ke.com
20240819,朝阳,双桥,101123812583,2012年商品房社区封闭式管理南北两居室精装修自住房主自荐,408万,45828元/平,顶层 (共15层) 2室1厅 | 89.03平米 | 南 北,https://ke-image.ljcdn.com/110000-inspection/pc1_XHwjGzkw8.jpg!m_fill,w_280,h_210,f_jpg?from=ke.com
20240819,朝阳,双桥,101123811985,远洋一方新悦人车分流西向大一居室满五年唯一,299万,43453元/平,低楼层 (共18层) | 2012年 | 1室1厅 | 68.81平米 | 西,https://ke-image.ljcdn.com/110000-inspection/pc1_6uqzleyDo.jpg!m_fill,w_280,h_210,f_jpg?from=ke.com
20240819,朝阳,双桥,101123811519,水郡长安家园南北通透联排别墅。,1480万,48106元/平,底层 (共3层) 5室3厅 | 307.66平米 | 南 北,https://ke-image.ljcdn.com/110000-inspection/pc1_4UIsmncAf.jpg!m_fill,w_280,h_210,f_jpg?from=ke.com
20240819,朝阳,双桥,101123809725,双惠一号院 满五年唯一商品房 精装修 自住,385万,51396元/平,顶层 (共6层) 2室1厅 | 74.91平米 | 北 南,https://ke-image.ljcdn.com/110000-inspection/pc1_1GZXD2Yl3.jpg!m_fill,w_280,h_210,f_jpg?from=ke.com
20240819,朝阳,双桥,101123809438,远洋一方溪语苑 不临街 中间层 南北通透,589万,65744元/平,中楼层 (共11层) | 2012年 | 2室1厅 | 89.59平米 | 南 北,https://ke-image.ljcdn.com/110000-inspection/pc1_7Vwp88gKX.jpg!m_fill,w_280,h_210,f_jpg?from=ke.com
20240819,朝阳,双桥,101123809382,双惠苑1号院 经典南北两居  采光通风好 近地铁,330万,44053元/平,顶层 (共6层) 2室1厅 | 74.91平米 | 南 北,https://ke-image.ljcdn.com/110000-inspection/pc1_qIYSj646K.jpg!m_fill,w_280,h_210,f_jpg?from=ke.com
20240819,朝阳,双桥,101123808936,远洋一方林语苑 满五唯一 精装修 不临街,480万,53800元/平,低楼层 (共18层) 2室1厅 | 89.22平米 | 南,https://ke-image.ljcdn.com/110000-inspection/pc1_nhyNUKvys.jpg!m_fill,w_280,h_210,f_jpg?from=ke.com
20240819,朝阳,双桥,101123808870,广播大院 3室2厅 南 北,458万,38237元/平,顶层 (共6层) | 2005年 | 3室2厅 | 119.78平米 | 南 北,https://ke-image.ljcdn.com/110000-inspection/pc1_iWxUKcU36.jpg!m_fill,w_280,h_210,f_jpg?from=ke.com
20240819,朝阳,双桥,101123808750,东五环双桥双柳巷南北两居室。,220万,37422元/平,中楼层 (共6层) 2室1厅 | 58.79平米 | 南 北,https://ke-image.ljcdn.com/110000-inspection/f8fd6103-0e0d-45b7-9880-e009496f2d07_1000.jpg!m_fill,w_280,h_210,f_jpg?from=ke.com
20240819,朝阳,双桥,101123807440,珠江绿洲 3室1厅 东 南,595万,41228元/平,高楼层 (共31层) | 2003年 | 3室1厅 | 144.32平米 | 东 南,https://ke-image.ljcdn.com/110000-inspection/dd07985e-b064-40d9-ba60-c05e258a00fa_1000.jpg!m_fill,w_280,h_210,f_jpg?from=ke.com
20240819,朝阳,双桥,101123768971,满五年v一地铁八通线管庄200米南北通透两居诚售,270万,40712元/平,中楼层 (共6层) 2室1厅 | 66.32平米 | 南 北,https://ke-image.ljcdn.com/110000-inspection/pc1_XcJfcSDnw.jpg!m_fill,w_280,h_210,f_jpg?from=ke.com
20240819,朝阳,双桥,101123758686,远洋一方花园洋房社区南北2居室【装修60万】,526万,59148元/平,中楼层 (共11层) | 2012年 | 2室2厅 | 88.93平米 | 南 北,https://ke-image.ljcdn.com/110000-inspection/pc1_2s6NNf9Ao_2.jpg!m_fill,w_280,h_210,f_jpg?from=ke.com
20240819,朝阳,双桥,101123747537,临河景观房满五年业主家庭名下唯一住房,605万,50952元/平,中楼层 (共31层) 3室2厅 | 118.74平米 | 南 西,https://ke-image.ljcdn.com/110000-inspection/b64fb16b-9072-4f8e-b84d-e7e9ff0006fd_1000.jpg!m_fill,w_280,h_210,f_jpg?from=ke.com
20240819,朝阳,双桥,101123746914,远洋一方林语苑 满五唯一 精装修 不临街 无遮挡,498万,56240元/平,低楼层 (共11层) | 2009年 | 2室1厅 | 88.55平米 | 南 北,https://ke-image.ljcdn.com/110000-inspection/9ffd2a79-831d-41bc-a72f-195233c48469_1000.jpg!m_fill,w_280,h_210,f_jpg?from=ke.com
20240819,朝阳,双桥,101123721233,出则繁华入则宁静远洋一方公园里的家,499万,56551元/平,中楼层 (共5层) 3室1厅 | 88.24平米 | 南 北,https://ke-image.ljcdn.com/110000-inspection/pc1_RmTskK760.jpg!m_fill,w_280,h_210,f_jpg?from=ke.com
20240819,朝阳,双桥,101123718488,东一时区满五年唯一南北通透精装修,515万,40978元/平,中楼层 (共6层) 2室1厅 | 125.68平米 | 南 北,https://ke-image.ljcdn.com/110000-inspection/79cbcad7-f7d1-4462-99cf-2d677f30e6ab_1000.jpg!m_fill,w_280,h_210,f_jpg?from=ke.com
20240819,朝阳,双桥,101123701913,珠江绿洲 南北通透两居 满五年唯一 采光充足 随时看,449万,45929元/平,低楼层 (共31层) | 2007年 | 2室1厅 | 97.76平米 | 东南 西北,https://ke-image.ljcdn.com/110000-inspection/pc1_O0TdnaxJv.jpg!m_fill,w_280,h_210,f_jpg?from=ke.com
20240819,朝阳,双桥,101123691365,双桥中路10号南院南北两居视野好采光好,248万,32175元/平,高楼层 (共6层) | 1999年 | 2室1厅 | 77.08平米 | 南 北,https://ke-image.ljcdn.com/110000-inspection/pc1_Y4kuvgFqj_1.jpg!m_fill,w_280,h_210,f_jpg?from=ke.com
20240819,朝阳,双桥,101123676063,朝阳区 东五环外 双桥地铁站南一居室金隅康惠园3号院,240万,39448元/平,低楼层 (共20层) | 2012年 | 1室1厅 | 60.84平米 | 南,https://ke-image.ljcdn.com/110000-inspection/pc1_eug4PeTrs.jpg!m_fill,w_280,h_210,f_jpg?from=ke.com
20240819,朝阳,双桥,101123670770,珠江绿洲 东南三居 出行方便 满五年唯一,575万,39887元/平,底层 (共31层) | 2003年 | 3室2厅 | 144.16平米 | 东南,https://ke-image.ljcdn.com/110000-inspection/pc1_Iin9U3fwC.jpg!m_fill,w_280,h_210,f_jpg?from=ke.com
20240819,朝阳,双桥,101123660254,远洋一方林语苑南北通透三居室中间楼层,499万,55310元/平,中楼层 (共7层) | 2009年 | 3室1厅 | 90.22平米 | 南 北,https://ke-image.ljcdn.com/110000-inspection/pc1_zE7ZEPeGS_1.jpg!m_fill,w_280,h_210,f_jpg?from=ke.com
20240819,朝阳,双桥,101123647165,远洋一方润园2号院  精装南北通透两居 看房随时,465万,52920元/平,低楼层 (共14层) 2室1厅 | 87.87平米 | 南 北,https://ke-image.ljcdn.com/110000-inspection/pc1_pAT5Yjr6b.jpg!m_fill,w_280,h_210,f_jpg?from=ke.com
20240819,朝阳,双桥,101123638928,朝阳旺角 2室1厅 南 北,500万,46664元/平,高楼层 (共6层) | 2006年 | 2室1厅 | 107.15平米 | 南 北,https://ke-image.ljcdn.com/110000-inspection/pc1_E0QWTgyvd.jpg!m_fill,w_280,h_210,f_jpg?from=ke.com
20240819,朝阳,双桥,101123620817,水郡长安 2室1厅 北,450万,39930元/平,高楼层 (共20层) | 2009年 | 2室1厅 | 112.7平米 | 北,https://ke-image.ljcdn.com/110000-inspection/pc1_7CPf728qG.jpg!m_fill,w_280,h_210,f_jpg?from=ke.com
20240819,朝阳,双桥,101123614717,商品房社区 小户型 精装修 满五唯一,245万,55733元/平,中楼层 (共15层) | 2006年 | 1室1厅 | 43.96平米 | 北,https://ke-image.ljcdn.com/110000-inspection/pc1_FhA8a9q1q.jpg!m_fill,w_280,h_210,f_jpg?from=ke.com
20240819,朝阳,双桥,101123603202,业主自住南北通透 前后无遮挡 楼层高 视野好 阳光充足,560万,38018元/平,高楼层 (共7层) | 2004年 | 5室1厅 | 147.3平米 | 南 北,https://ke-image.ljcdn.com/110000-inspection/pc1_VgnJnXpDW_2.jpg!m_fill,w_280,h_210,f_jpg?from=ke.com
20240819,朝阳,双桥,101123598560,东五环3.6米层高商品房小区人车分流,249万,40773元/平,底层 (共17层) | 2006年 | 1室1厅 | 61.07平米 | 西南,https://ke-image.ljcdn.com/110000-inspection/9e0c6b50-c753-4e21-b763-941c5317ab04_1000.jpg!m_fill,w_280,h_210,f_jpg?from=ke.com
20240819,朝阳,双桥,101123571504,远洋一方林语苑 东南角 通风好 户型方正,429万,47885元/平,高楼层 (共18层) 2室1厅 | 89.59平米 | 东南,https://ke-image.ljcdn.com/110000-inspection/20599ab4-d84e-4d88-add9-c3947ed8492a_1000.jpg!m_fill,w_280,h_210,f_jpg?from=ke.com
20240819,朝阳,双桥,101123561713,满五唯一商品房出售精装修可拎包入住业主随时签约,315万,42345元/平,顶层 (共15层) 2室1厅 | 74.39平米 | 东 西,https://ke-image.ljcdn.com/110000-inspection/495b61f2-9829-48e7-aadd-39b63c27040f_1000.jpg!m_fill,w_280,h_210,f_jpg?from=ke.com
20240819,朝阳,双桥,101123561101,珠江绿洲高楼层  视野开阔采光充足,590万,51965元/平,中楼层 (共31层) 3室1厅 | 113.54平米 | 东南,https://ke-image.ljcdn.com/110000-inspection/69566a6a-05d9-46e3-bc97-fa295d41e60a_1000.jpg!m_fill,w_280,h_210,f_jpg?from=ke.com
20240819,朝阳,双桥,101123534039,东会新村 南北两居 看房方便 诚心出售,282万,41356元/平,底层 (共6层) 2室1厅 | 68.19平米 | 南 北,https://ke-image.ljcdn.com/110000-inspection/pc1_8NjJNTT7N.jpg!m_fill,w_280,h_210,f_jpg?from=ke.com
20240819,朝阳,双桥,101123532701,康城别墅二期 精装修下叠满五年唯一诚心出售可谈,1060万,38070元/平,底层 (共5层) 4室2厅 | 278.44平米 | 南 北,https://ke-image.ljcdn.com/110000-inspection/764b9764-ac70-43c5-9951-c4a572a5c0c4_1000.jpg!m_fill,w_280,h_210,f_jpg?from=ke.com
20240819,朝阳,双桥,101123523338,铁路小区 全南向  满五年  商品房 全天采光房主自荐,180万,34358元/平,中楼层 (共5层) | 1982年 | 2室0厅 | 52.39平米 | 南,https://ke-image.ljcdn.com/110000-inspection/pc1_QIjWCP5Ly.jpg!m_fill,w_280,h_210,f_jpg?from=ke.com
20240819,朝阳,双桥,101123503541,一号线水郡长安临河观景复式两居满五唯一,439万,38953元/平,高楼层 (共20层) 2室1厅 | 112.7平米 | 北,https://ke-image.ljcdn.com/110000-inspection/pc1_4WYHqGE4p.jpg!m_fill,w_280,h_210,f_jpg?from=ke.com
20240819,朝阳,双桥,101123500792,满五唯一户型周正采光好视野开阔产权清晰房主自荐,299万,40254元/平,中楼层 (共29层) 2室1厅 | 74.28平米 | 西北,https://ke-image.ljcdn.com/110000-inspection/pc1_EuAsUzs5R.jpg!m_fill,w_280,h_210,f_jpg?from=ke.com
20240819,朝阳,双桥,101123493487,东柳西里 满五唯一 商品房 视野采光好 近地铁好房,147万,33532元/平,顶层 (共5层) 2室0厅 | 43.84平米 | 南,https://ke-image.ljcdn.com/110000-inspection/pc1_CS7WXArf3.jpg!m_fill,w_280,h_210,f_jpg?from=ke.com
20240819,朝阳,双桥,101123493080,双惠苑6号院 商品房 1层 精装修 大落地窗 近地铁,295万,47344元/平,底层 (共6层) | 2004年 | 1室1厅 | 62.31平米 | 东 西,https://ke-image.ljcdn.com/110000-inspection/1f24cb5c-5bd4-4466-be5e-ae8c17820f30_1000.jpg!m_fill,w_280,h_210,f_jpg?from=ke.com
20240819,朝阳,双桥,101123489277,远洋一方润园6号院 精装自住装修 区域主推房源 诚售,330万,44308元/平,中楼层 (共15层) | 2011年 | 2室1厅 | 74.48平米 | 东 西,https://ke-image.ljcdn.com/110000-inspection/d789b179-ac67-4a3b-930a-b94361639d0f_1000.jpg!m_fill,w_280,h_210,f_jpg?from=ke.com
20240819,朝阳,双桥,101123487656,水郡长安南北三居室全明格局看房方便,720万,46347元/平,中楼层 (共20层) | 2008年 | 3室1厅 | 155.35平米 | 南 北,https://ke-image.ljcdn.com/110000-inspection/pc1_vD2Xzj0Td.jpg!m_fill,w_280,h_210,f_jpg?from=ke.com
20240819,朝阳,双桥,101123471040,双桥地铁万达旁 低密洋房社区 1层三居室 改善优选房主自荐,530万,46289元/平,底层 (共6层) | 2004年 | 3室1厅 | 114.5平米 | 南 北,https://ke-image.ljcdn.com/110000-inspection/pc1_sDX7Bscgs.jpg!m_fill,w_280,h_210,f_jpg?from=ke.com
20240819,朝阳,双桥,101123431442,双惠苑1号院 满五唯一 商品房 精装修 近地铁好房,268万,41422元/平,顶层 (共6层) 1室1厅 | 64.7平米 | 南 北,https://ke-image.ljcdn.com/110000-inspection/pc1_rEuTsePzj.jpg!m_fill,w_280,h_210,f_jpg?from=ke.com
20240819,朝阳,双桥,101123423335,珠江绿洲家园 全南户型 采光好,850万,50113元/平,中楼层 (共10层) | 2004年 | 4室1厅 | 169.62平米 | 南,https://ke-image.ljcdn.com/110000-inspection/pc1_BKxRZ3MT6.jpg!m_fill,w_280,h_210,f_jpg?from=ke.com
20240819,朝阳,双桥,101123378086,康城别墅二期 下叠别墅 满五年唯一 诚心出售。,1000万,35450元/平,底层 (共5层) 4室2厅 | 282.09平米 | 南 北,https://ke-image.ljcdn.com/110000-inspection/pc1_AlQ1vagBb.jpg!m_fill,w_280,h_210,f_jpg?from=ke.com
20240819,朝阳,双桥,101123364402,远洋一方润园6号院商品房 精装修1居室,235万,43665元/平,底层 (共15层) 1室1厅 | 53.82平米 | 南,https://ke-image.ljcdn.com/110000-inspection/pc1_V35FdCpup.jpg!m_fill,w_280,h_210,f_jpg?from=ke.com
20240819,朝阳,双桥,101123352466,远洋一方溪语苑高楼层视野开阔 南北通透,795万,61998元/平,顶层 (共9层) 3室1厅 | 128.23平米 | 南 北,https://ke-image.ljcdn.com/110000-inspection/pc1_JBWPcHQVc.jpg!m_fill,w_280,h_210,f_jpg?from=ke.com
20240819,朝阳,双桥,101123335359,康城联排别墅 精装修 有车库 有花园,1280万,50096元/平,底层 (共3层) 5室1厅 | 255.51平米 | 南 北,https://ke-image.ljcdn.com/110000-inspection/pc1_tsvKhyyoX.jpg!m_fill,w_280,h_210,f_jpg?from=ke.com
20240819,朝阳,双桥,101123326722,满五年唯一好楼层方正户型南北通透前后花园视野,445万,44095元/平,中楼层 (共6层) | 2006年 | 2室1厅 | 100.92平米 | 南 北,https://ke-image.ljcdn.com/110000-inspection/pc1_vhVvaL821.jpg!m_fill,w_280,h_210,f_jpg?from=ke.com
20240819,朝阳,双桥,101123322873,远洋一方溪语苑   花园洋房  满五唯一 拎包入住,439万,48822元/平,顶层 (共11层) | 2012年 | 2室1厅 | 89.92平米 | 东南,https://ke-image.ljcdn.com/110000-inspection/93d38a50-75d0-46ef-afaa-ec4b3fef826e_1000.jpg!m_fill,w_280,h_210,f_jpg?from=ke.com
20240819,朝阳,双桥,101123317597,总监推荐 南北两居 精装修 1996年建成,220万,37006元/平,底层 (共6层) 3室1厅 | 59.45平米 | 南 北,https://ke-image.ljcdn.com/110000-inspection/630e6222-f5a2-4b0e-9423-214249231888_1000.jpg!m_fill,w_280,h_210,f_jpg?from=ke.com
20240819,朝阳,双桥,101123306329,此房满五年唯一西南向采光好格局好业主诚售,609万,51923元/平,中楼层 (共31层) | 2007年 | 3室1厅 | 117.29平米 | 西南,https://ke-image.ljcdn.com/110000-inspection/pc1_suNP0iucf.jpg!m_fill,w_280,h_210,f_jpg?from=ke.com
20240819,朝阳,双桥,101123297973,远洋一方润园2号院 经典眼镜户型大三居 看房随时,698万,57691元/平,低楼层 (共9层) 3室1厅 | 120.99平米 | 南 北,https://ke-image.ljcdn.com/110000-inspection/pc1_9fBAS9ArN.jpg!m_fill,w_280,h_210,f_jpg?from=ke.com
20240819,朝阳,双桥,101123296083,双桥六号井 南北通透一居室满五年唯一诚心出售,168万,32521元/平,中楼层 (共6层) 1室1厅 | 51.66平米 | 南 北,https://ke-image.ljcdn.com/110000-inspection/ab34424b-5f84-4f69-a943-461b3bd04051_1000.jpg!m_fill,w_280,h_210,f_jpg?from=ke.com
20240819,朝阳,双桥,101123292088,地铁管庄东一时区南北两居满五年唯一只有契税房主自荐,405万,53115元/平,底层 (共10层) 2室1厅 | 76.25平米 | 南 北,https://ke-image.ljcdn.com/110000-inspection/pc1_cIkVPZzKm.jpg!m_fill,w_280,h_210,f_jpg?from=ke.com
20240819,朝阳,双桥,101123243477,双桥温泉东里小区南北通透大两居单价29000,213万,29633元/平,顶层 (共6层) | 1999年 | 2室1厅 | 71.88平米 | 南 北,https://ke-image.ljcdn.com/110000-inspection/pc1_1MhEwQF33.jpg!m_fill,w_280,h_210,f_jpg?from=ke.com
20240819,朝阳,双桥,101123236985,满五唯一商品房精装拎包入住南北两居配套齐全,350万,51494元/平,底层 (共6层) 2室1厅 | 67.97平米 | 南 北,https://ke-image.ljcdn.com/110000-inspection/pc1_jFbBPeITi.jpg!m_fill,w_280,h_210,f_jpg?from=ke.com
20240819,朝阳,双桥,101123234134,东一时区南北四居满五年自住装修看房方便,767万,42543元/平,低楼层 (共23层) | 2005年 | 4室1厅 | 180.29平米 | 南 北,https://ke-image.ljcdn.com/110000-inspection/pc1_h57ybgYet.jpg!m_fill,w_280,h_210,f_jpg?from=ke.com
20240819,朝阳,双桥,101123201258,远洋一方溪语苑 南北通透 户型方正 高楼层 视野开阔,519万,59085元/平,顶层 (共5层) 3室1厅 | 87.84平米 | 南 北,https://ke-image.ljcdn.com/110000-inspection/pc1_sytyVIvV0.jpg!m_fill,w_280,h_210,f_jpg?from=ke.com
20240819,朝阳,双桥,101123199672,一号线水郡长安南向户型小两居看房方便,349万,49652元/平,底层 (共20层) 2室0厅 | 70.29平米 | 西南,https://ke-image.ljcdn.com/110000-inspection/pc1_jOI1dLbbY.jpg!m_fill,w_280,h_210,f_jpg?from=ke.com
20240819,朝阳,双桥,101123154353,满五唯一 高楼层 无遮挡 采光视野好,150万,39043元/平,顶层 (共5层) | 1984年 | 1室0厅 | 38.42平米 | 南,https://ke-image.ljcdn.com/110000-inspection/pc1_o0F9aZXER.jpg!m_fill,w_280,h_210,f_jpg?from=ke.com
20240819,朝阳,双桥,101123129636,双桥温泉北里 东南三居室  满五唯一 诚心出售,245万,30507元/平,高楼层 (共6层) | 2000年 | 3室1厅 | 80.31平米 | 东南,https://ke-image.ljcdn.com/110000-inspection/pc1_2vwrdZTXL_1.jpg!m_fill,w_280,h_210,f_jpg?from=ke.com
20240819,朝阳,双桥,101123115415,西南向楼层好视野开阔采光充足精装修随时可看,599万,52757元/平,高楼层 (共31层) 3室1厅 | 113.54平米 | 西南,https://ke-image.ljcdn.com/110000-inspection/pc1_aUPstmpqy.jpg!m_fill,w_280,h_210,f_jpg?from=ke.com
20240819,朝阳,双桥,101123104400,金隅康惠园3号院 正规一居室 商品房房主自荐,196万,36143元/平,底层 (共22层) | 2010年 | 1室1厅 | 54.23平米 | 西,https://ke-image.ljcdn.com/110000-inspection/pc1_2as5SLWTb.jpg!m_fill,w_280,h_210,f_jpg?from=ke.com
20240819,朝阳,双桥,101123093363,远洋新悦唯一一个H户型 南北通透两居 满五唯一房主自荐,499万,50176元/平,底层 (共17层) | 2012年 | 2室1厅 | 99.45平米 | 南 北,https://ke-image.ljcdn.com/110000-inspection/pc1_VNWV2umip.jpg!m_fill,w_280,h_210,f_jpg?from=ke.com
20240819,朝阳,双桥,101123075913,康惠园3号院 东南向一居室 明厨明卫 满五唯一,299万,49146元/平,高楼层 (共20层) | 2012年 | 1室1厅 | 60.84平米 | 东南,https://ke-image.ljcdn.com/110000-inspection/pc1_emFE0DrD0_1.jpg!m_fill,w_280,h_210,f_jpg?from=ke.com
20240819,朝阳,双桥,101123050089,双桥嘉园 满五年唯一 高楼层 采光好 视野好,269万,39752元/平,中楼层 (共22层) 2室1厅 | 67.67平米 | 西南,https://ke-image.ljcdn.com/110000-inspection/pc1_LSrbBXwbX.jpg!m_fill,w_280,h_210,f_jpg?from=ke.com
20240819,朝阳,双桥,101123043505,东一时区满五年唯一南北三居户型方正。,445万,32214元/平,中楼层 (共5层) | 2005年 | 3室1厅 | 138.14平米 | 南 北,https://ke-image.ljcdn.com/110000-inspection/pc1_5vUIkBJmZ.jpg!m_fill,w_280,h_210,f_jpg?from=ke.com
20240819,朝阳,双桥,101123038094,此房满五不唯一低楼层采光无遮挡视野好,335万,41761元/平,低楼层 (共20层) | 2012年 | 2室1厅 | 80.22平米 | 南 北,https://ke-image.ljcdn.com/110000-inspection/pc1_X9RnI6cjQ.jpg!m_fill,w_280,h_210,f_jpg?from=ke.com
20240819,朝阳,双桥,101123037560,满五唯一 正南向一居 户型方正 采光好 无遮挡,268万,49013元/平,低楼层 (共15层) | 2006年 | 1室1厅 | 54.68平米 | 南,https://ke-image.ljcdn.com/110000-inspection/pc1_mxUYoUZdc.jpg!m_fill,w_280,h_210,f_jpg?from=ke.com
20240819,朝阳,双桥,101123028200,天泰北双苑 南北三居 满五年唯一 中间楼层 一梯两户,599万,45503元/平,中楼层 (共6层) | 2010年 | 3室2厅 | 131.64平米 | 南 北,https://ke-image.ljcdn.com/110000-inspection/327630a5-f925-40d6-b56d-d266eb847edd_1000.jpg!m_fill,w_280,h_210,f_jpg?from=ke.com
20240819,朝阳,双桥,101123026132,珠江绿洲 板楼南向房型 临通惠河 明厨明卫 2梯四户,595万,56096元/平,低楼层 (共18层) | 2006年 | 3室2厅 | 106.07平米 | 南,https://ke-image.ljcdn.com/110000-inspection/b3ef8e9b-5e72-4297-ae00-1d23236c3dd1_1000.jpg!m_fill,w_280,h_210,f_jpg?from=ke.com
20240819,朝阳,双桥,101123021754,珠江绿洲 温馨跃层一居 满五年唯一 明厨明卫 精装房主自荐,383万,48772元/平,中楼层 (共31层) 1室1厅 | 78.53平米 | 东北,https://ke-image.ljcdn.com/110000-inspection/604176d0-7753-455b-8b4c-25d0979db3df_1000.jpg!m_fill,w_280,h_210,f_jpg?from=ke.com
20240819,朝阳,双桥,101123020458,朝阳旺角 商品房社区 落地窗 明卫,636万,45608元/平,中楼层 (共16层) | 2006年 | 3室1厅 | 139.45平米 | 南 北,https://ke-image.ljcdn.com/110000-inspection/pc1_lhcHjndVn.jpg!m_fill,w_280,h_210,f_jpg?from=ke.com
20240819,朝阳,双桥,101123020356,满五年商品房双卫设计距离地铁站近看房方便,530万,46594元/平,底层 (共31层) | 2003年 | 3室2厅 | 113.75平米 | 东南,https://ke-image.ljcdn.com/110000-inspection/pc1_foqbUVTIU.jpg!m_fill,w_280,h_210,f_jpg?from=ke.com
20240819,朝阳,双桥,101123019894,珠江绿洲 全明格局两居室 视野好 带车位 精装修,565万,53147元/平,中楼层 (共31层) | 2003年 | 2室1厅 | 106.31平米 | 西南 东北,https://ke-image.ljcdn.com/110000-inspection/pc1_tJ5ZN20GA.jpg!m_fill,w_280,h_210,f_jpg?from=ke.com
20240819,朝阳,双桥,101123018066,远洋一方溪语苑 小区中间 下跃户型 南北通透  精装,1000万,46729元/平,底层 (共7层) 4室3厅 | 214平米 | 南 北,https://ke-image.ljcdn.com/110000-inspection/pc1_TYVZx4X7H.jpg!m_fill,w_280,h_210,f_jpg?from=ke.com
20240819,朝阳,双桥,101123006150,远洋一方润园6号院  明厨明卫南北通透三居室,422万,47673元/平,顶层 (共15层) | 2011年 | 3室1厅 | 88.52平米 | 南 北,https://ke-image.ljcdn.com/110000-inspection/pc1_qySJKj0Eu.jpg!m_fill,w_280,h_210,f_jpg?from=ke.com
20240819,朝阳,双桥,101123002728,双桥温泉东里三居室诚意出售随时签约！,388万,38508元/平,中楼层 (共6层) 3室1厅 | 100.76平米 | 南 北,https://ke-image.ljcdn.com/110000-inspection/pc1_BRKxRUMYh.jpg!m_fill,w_280,h_210,f_jpg?from=ke.com
20240819,朝阳,双桥,101123001237,总监推荐 珠江绿洲 板楼南北四居 满五年唯一 带保姆间,808万,47662元/平,低楼层 (共10层) 4室2厅 | 169.53平米 | 南 北,https://ke-image.ljcdn.com/110000-inspection/pc1_yX8oUOIbV.jpg!m_fill,w_280,h_210,f_jpg?from=ke.com
20240819,朝阳,双桥,101122997162,珠江绿洲 板楼南北四居 满五年唯一 一梯三户 三卫,835万,49269元/平,中楼层 (共10层) | 2004年 | 4室2厅 | 169.48平米 | 南 北,https://ke-image.ljcdn.com/110000-inspection/pc1_spE9AM2kx.jpg!m_fill,w_280,h_210,f_jpg?from=ke.com
20240819,朝阳,双桥,101122975639,商品房社区精装修小户型一居室满五年唯一,198万,46809元/平,底层 (共15层) | 2005年 | 1室1厅 | 42.3平米 | 北,https://ke-image.ljcdn.com/110000-inspection/pc1_5XhLZ918u.jpg!m_fill,w_280,h_210,f_jpg?from=ke.com
20240819,朝阳,双桥,101122968336,双惠苑1号院  满五年唯一商品房  带固定车位,370万,47231元/平,顶层 (共6层) 2室1厅 | 78.34平米 | 南 北,https://ke-image.ljcdn.com/110000-inspection/pc1_pU1JK1Q3n.jpg!m_fill,w_280,h_210,f_jpg?from=ke.com
20240819,朝阳,双桥,101122966676,东会新村 2室1厅 南 北,378万,42785元/平,低楼层 (共6层) | 1998年 | 2室1厅 | 88.35平米 | 南 北,https://ke-image.ljcdn.com/110000-inspection/pc1_iEZdKfzGl_1.jpg!m_fill,w_280,h_210,f_jpg?from=ke.com
20240819,朝阳,双桥,101122964758,远洋一方南向3居室业主自住保持不错。,465万,51083元/平,中楼层 (共18层) 2室1厅 | 91.03平米 | 南,https://ke-image.ljcdn.com/110000-inspection/pc1_ftF79gCvR.jpg!m_fill,w_280,h_210,f_jpg?from=ke.com
20240819,朝阳,双桥,101122960509,满五唯一南北通透户型方正采光好没遮挡,295万,51216元/平,高楼层 (共6层) 1室1厅 | 57.6平米 | 南 北,https://ke-image.ljcdn.com/110000-inspection/pc1_LwFxKGonU.jpg!m_fill,w_280,h_210,f_jpg?from=ke.com
20240819,朝阳,双桥,101122959557,总监推荐 远洋一方润园2号院 精装修小三居 边户,542万,60003元/平,高楼层 (共9层) 3室1厅 | 90.33平米 | 南 北,https://ke-image.ljcdn.com/110000-inspection/pc1_rMsBiPrge_1.jpg!m_fill,w_280,h_210,f_jpg?from=ke.com
20240819,朝阳,双桥,101122953843,装修好楼层好位置好小区好诚心出售,500万,44323元/平,中楼层 (共20层) 2室1厅 | 112.81平米 | 北,https://ke-image.ljcdn.com/110000-inspection/pc1_lkO2URZpI.jpg!m_fill,w_280,h_210,f_jpg?from=ke.com
20240819,朝阳,双桥,101122948757,康城别墅一期 联排别墅 有钥匙看房方便,1128万,52303元/平,底层 (共3层) | 2003年 | 3室1厅 | 215.67平米 | 南 北,https://ke-image.ljcdn.com/110000-inspection/pc1_TRgX94jy4_1.jpg!m_fill,w_280,h_210,f_jpg?from=ke.com
20240819,朝阳,双桥,101122921485,房子是满五唯一商品房 南北通透两居室 高楼层,279万,38483元/平,顶层 (共6层) 2室1厅 | 72.5平米 | 南 北,https://ke-image.ljcdn.com/110000-inspection/pc1_CvIPxXRm5_1.jpg!m_fill,w_280,h_210,f_jpg?from=ke.com
20240819,朝阳,双桥,101122901025,满五唯一双卫设计产权清晰采光充足视野开阔。,590万,49743元/平,中楼层 (共31层) | 2004年 | 3室2厅 | 118.61平米 | 东南,https://ke-image.ljcdn.com/110000-inspection/pc1_WGEKFGT6y.jpg!m_fill,w_280,h_210,f_jpg?from=ke.com
20240819,朝阳,双桥,101122882946,满五唯一双卫设计产权清晰采光充足,578万,49113元/平,底层 (共31层) | 2007年 | 3室2厅 | 117.69平米 | 西南,https://ke-image.ljcdn.com/110000-inspection/pc1_CQK7SW9vf.jpg!m_fill,w_280,h_210,f_jpg?from=ke.com
20240819,朝阳,双桥,101122882834,华美橡树岭  花园洋房带电梯 全明格局,390万,44715元/平,低楼层 (共6层) | 2008年 | 2室1厅 | 87.22平米 | 南 北,https://ke-image.ljcdn.com/110000-inspection/pc1_AhwMTYyYE.jpg!m_fill,w_280,h_210,f_jpg?from=ke.com
20240819,朝阳,双桥,101122881662,满五唯一 前方无遮挡 采光视野好 精装修可拎包入住,455万,47515元/平,高楼层 (共6层) 2室1厅 | 95.76平米 | 南 北,https://ke-image.ljcdn.com/110000-inspection/d3d97551-e394-4365-bdae-4bc9776b21b5_1000.jpg!m_fill,w_280,h_210,f_jpg?from=ke.com
20240819,朝阳,双桥,101122881186,艺水芳园 满五唯一 户型方正 三居室,509万,41980元/平,底层 (共17层) | 2008年 | 3室1厅 | 121.25平米 | 南 西,https://ke-image.ljcdn.com/110000-inspection/a95dd8a5-db47-459f-85f5-089976cc5390_1000.jpg!m_fill,w_280,h_210,f_jpg?from=ke.com
20240819,朝阳,双桥,101122880532,双惠小区正规两居室低楼层满五年唯一,455万,44643元/平,中楼层 (共6层) | 2004年 | 2室1厅 | 101.92平米 | 南 北,https://ke-image.ljcdn.com/110000-inspection/pc1_grMp1BRgm.jpg!m_fill,w_280,h_210,f_jpg?from=ke.com
20240819,朝阳,双桥,101122880424,远洋一方润园2号院 南北三居室 一梯两户,530万,59291元/平,低楼层 (共11层) | 2011年 | 3室1厅 | 89.39平米 | 南 北,https://ke-image.ljcdn.com/110000-inspection/pc1_WXKoNhyiI.jpg!m_fill,w_280,h_210,f_jpg?from=ke.com
20240819,朝阳,双桥,101122880335,满五年唯一精装修小3居室保养好看房方便,605万,53187元/平,低楼层 (共31层) | 2003年 | 3室1厅 | 113.75平米 | 东南,https://ke-image.ljcdn.com/110000-inspection/d2992428-232b-43eb-b15f-a4c4ee20a600_1000.jpg!m_fill,w_280,h_210,f_jpg?from=ke.com
20240819,朝阳,双桥,101122880152,户型方正 南北双通透格局前后无遮挡,530万,48305元/平,顶层 (共6层) | 2004年 | 3室1厅 | 109.72平米 | 南 北,https://ke-image.ljcdn.com/110000-inspection/pc1_94E65qscz.jpg!m_fill,w_280,h_210,f_jpg?from=ke.com
20240819,朝阳,双桥,101122880132,满五年 中间楼层 前方无遮挡 采光视野好,182万,39090元/平,中楼层 (共5层) | 1984年 | 2室1厅 | 46.56平米 | 南 北,https://ke-image.ljcdn.com/110000-inspection/pc1_CRFY64uNH_1.jpg!m_fill,w_280,h_210,f_jpg?from=ke.com
20240819,朝阳,双桥,101122879571,满五唯一板楼方正南两居室大落地窗高得房率！房主自荐,465万,50108元/平,中楼层 (共10层) 2室1厅 | 92.8平米 | 南,https://ke-image.ljcdn.com/110000-inspection/pc1_nUnODdK9X.jpg!m_fill,w_280,h_210,f_jpg?from=ke.com
20240819,朝阳,双桥,101122879348,双桥康惠园 西南北三居 诚心出售 看房方便 板楼带电梯,399万,38878元/平,中楼层 (共20层) | 2011年 | 3室1厅 | 102.63平米 | 南 北,https://ke-image.ljcdn.com/110000-inspection/pc1_On3dlNhqk.jpg!m_fill,w_280,h_210,f_jpg?from=ke.com
20240819,朝阳,双桥,101122879215,双惠南北通透三居室 中间楼层业主诚心卖,525万,46338元/平,中楼层 (共6层) 3室1厅 | 113.3平米 | 南 北,https://ke-image.ljcdn.com/110000-inspection/1dc0fa6d-4abc-4d9a-8ccd-6a63949994e3_1000.jpg!m_fill,w_280,h_210,f_jpg?from=ke.com
20240819,朝阳,双桥,101122879209,双惠小区 低楼层 三居室  南北通透,505万,46947元/平,低楼层 (共6层) 3室1厅 | 107.57平米 | 南 北,https://ke-image.ljcdn.com/110000-inspection/pc1_T3VmfxwRQ.jpg!m_fill,w_280,h_210,f_jpg?from=ke.com
20240819,朝阳,双桥,101122879029,双柳巷 2室1厅 南,266万,42821元/平,顶层 (共6层) | 1995年 | 2室1厅 | 62.12平米 | 南,https://ke-image.ljcdn.com/110000-inspection/pc1_jOEabAcBO_1.jpg!m_fill,w_280,h_210,f_jpg?from=ke.com
20240819,朝阳,双桥,101122878991,东柳西里  三居室 低楼层 商品房,248万,47374元/平,底层 (共5层) 3室1厅 | 52.35平米 | 南 北,https://ke-image.ljcdn.com/110000-inspection/4c855ffb-b1f0-4ce8-95e5-2ebc401e8704_1000.jpg!m_fill,w_280,h_210,f_jpg?from=ke.com
20240819,朝阳,双桥,101122878961,701宿舍 满五唯一 中间楼层业主诚心出售,179万,33502元/平,中楼层 (共6层) | 1985年 | 2室0厅 | 53.43平米 | 南 北,https://ke-image.ljcdn.com/110000-inspection/pc1_u3fRSAcPc.jpg!m_fill,w_280,h_210,f_jpg?from=ke.com
20240819,朝阳,双桥,101122878915,此房满5唯一南北通透三居户型好,530万,45428元/平,中楼层 (共6层) | 2003年 | 3室1厅 | 116.67平米 | 南 北,https://ke-image.ljcdn.com/110000-inspection/2fe02207-06b1-4e8f-bbbd-223363c09787_1000.jpg!m_fill,w_280,h_210,f_jpg?from=ke.com
20240819,朝阳,双桥,101122794746,华美橡树岭 南向下跃复式 下沉式花园 有钥匙随时可看,439万,28838元/平,底层 (共6层) 3室2厅 | 152.23平米 | 南,https://ke-image.ljcdn.com/110000-inspection/pc1_DmQiUyjUy.jpg!m_fill,w_280,h_210,f_jpg?from=ke.com
20240819,朝阳,双桥,101122789377,房子满五年唯一南北通透南北向诚意出售,899万,35930元/平,中楼层 (共5层) | 2004年 | 4室1厅 | 250.21平米 | 南 北,https://ke-image.ljcdn.com/110000-inspection/pc1_JX2ivlpkN.jpg!m_fill,w_280,h_210,f_jpg?from=ke.com
20240819,朝阳,双桥,101122787807,华美橡树岭 满五唯一 下跃复式 随时可看,429万,32940元/平,底层 (共6层) | 2008年 | 3室1厅 | 130.24平米 | 南,https://ke-image.ljcdn.com/110000-inspection/pc1_sAzICCKXE.jpg!m_fill,w_280,h_210,f_jpg?from=ke.com
20240819,朝阳,双桥,101122620189,惠桥小区 两居室 满五年 全明格局 业主诚心出售,230万,36753元/平,中楼层 (共6层) | 1995年 | 2室1厅 | 62.58平米 | 东 南 西,https://ke-image.ljcdn.com/110000-inspection/pc1_fFoxFR3BM.jpg!m_fill,w_280,h_210,f_jpg?from=ke.com
20240819,朝阳,双桥,101122614094,2004年建成商品房 2层 南北通透大落地窗 近地铁,320万,50220元/平,低楼层 (共6层) 1室1厅 | 63.72平米 | 南 北,https://ke-image.ljcdn.com/110000-inspection/pc1_uNStI88yM_1.jpg!m_fill,w_280,h_210,f_jpg?from=ke.com
20240819,朝阳,双桥,101122576474,康城别墅二期临湖上叠临湖观景房满五唯一,1050万,41373元/平,中楼层 (共5层) 4室2厅 | 253.79平米 | 南 北,https://ke-image.ljcdn.com/110000-inspection/pc1_9VRjvzXtp_1.jpg!m_fill,w_280,h_210,f_jpg?from=ke.com
20240819,朝阳,双桥,101122567370,满五唯一中间楼层视野好采光足,583万,40442元/平,中楼层 (共31层) | 2003年 | 3室1厅 | 144.16平米 | 西南,https://ke-image.ljcdn.com/110000-inspection/pc1_fkGZM5F21.jpg!m_fill,w_280,h_210,f_jpg?from=ke.com
20240819,朝阳,双桥,101122468759,东柳西里 南北通透两居室中间楼层采光好,179万,34724元/平,中楼层 (共5层) | 1982年 | 2室1厅 | 51.55平米 | 南 西 北,https://ke-image.ljcdn.com/110000-inspection/pc1_sgCG6KgT9_1.jpg!m_fill,w_280,h_210,f_jpg?from=ke.com
20240819,朝阳,双桥,101122430791,双桥温泉东里三居复式户型上下两层带挑高,470万,28741元/平,高楼层 (共7层) | 2002年 | 3室2厅 | 163.53平米 | 南 北,https://ke-image.ljcdn.com/110000-inspection/pc1_xvvctj9dy.jpg!m_fill,w_280,h_210,f_jpg?from=ke.com
20240819,朝阳,双桥,101122379208,远洋一方润园2号院 3室1厅 南 北,406万,45475元/平,底层 (共11层) 3室1厅 | 89.28平米 | 南 北,https://ke-image.ljcdn.com/110000-inspection/pc1_PEwP1M4Fz.jpg!m_fill,w_280,h_210,f_jpg?from=ke.com
20240819,朝阳,双桥,101122378548,临湖观景精装下叠满五年唯一,1480万,46965元/平,底层 (共5层) | 2004年 | 6室2厅 | 315.13平米 | 东 南 北,https://ke-image.ljcdn.com/110000-inspection/pc1_zjOxHjZs6.jpg!m_fill,w_280,h_210,f_jpg?from=ke.com
20240819,朝阳,双桥,101122375026,康惠园1号院满5年限价商品房东西通透电梯两居好房,335万,37054元/平,顶层 (共20层) | 2011年 | 2室1厅 | 90.41平米 | 东 西,https://ke-image.ljcdn.com/110000-inspection/pc1_rnTobEFwE_1.jpg!m_fill,w_280,h_210,f_jpg?from=ke.com
20240819,朝阳,双桥,101122365731,满屋唯一明厨明卫南北通透。无抵押随时能签。,739万,47598元/平,中楼层 (共20层) 3室2厅 | 155.26平米 | 南 北,https://ke-image.ljcdn.com/110000-inspection/pc1_leFldpIjQ.jpg!m_fill,w_280,h_210,f_jpg?from=ke.com
20240819,朝阳,双桥,101122275438,康城别墅一期  联排别墅 位置正 采光充足 精装修,1300万,49379元/平,底层 (共3层) 5室2厅 | 263.27平米 | 南 北,https://ke-image.ljcdn.com/110000-inspection/pc1_FblSfNsQB.jpg!m_fill,w_280,h_210,f_jpg?from=ke.com
20240819,朝阳,双桥,101122248241,总监推荐 经典南北三居 双卧室朝南 电梯板楼！,418万,36561元/平,低楼层 (共14层) 3室1厅 | 114.33平米 | 南 北,https://ke-image.ljcdn.com/110000-inspection/pc1_ha8dmRHQR.jpg!m_fill,w_280,h_210,f_jpg?from=ke.com
20240819,朝阳,双桥,101122246675,珠江绿洲 跃层6居 卧室客厅都正向朝南 视野采光好,1100万,36193元/平,高楼层 (共31层) | 2003年 | 6室2厅 | 303.93平米 | 南,https://ke-image.ljcdn.com/110000-inspection/pc1_rQ22R5K16.jpg!m_fill,w_280,h_210,f_jpg?from=ke.com
20240819,朝阳,双桥,101122242768,东柳西里 满五唯一 商品房 采光好 近地铁好房,240万,42076元/平,中楼层 (共5层) 2室1厅 | 57.04平米 | 南 北,https://ke-image.ljcdn.com/110000-inspection/pc1_yfpC3CD3W.jpg!m_fill,w_280,h_210,f_jpg?from=ke.com
20240819,朝阳,双桥,101122230370,朝阳旺角精装商品房满5年通透采光好看房方便房主自荐,366万,42933元/平,顶层 (共6层) | 2006年 | 2室1厅 | 85.25平米 | 东 西,https://ke-image.ljcdn.com/110000-inspection/bc03bf33-0d39-48bd-9cd0-ce20046db6e4_1000.jpg!m_fill,w_280,h_210,f_jpg?from=ke.com
20240819,朝阳,双桥,101122188547,康城暖山独栋别墅2008年四面大花园,2500万,59981元/平,底层 (共2层) 6室1厅 | 416.8平米 | 东 南 西 北,https://ke-image.ljcdn.com/110000-inspection/ba8bc93a-d47e-4a4b-bfff-429fbc9b7a24_1000.jpg!m_fill,w_280,h_210,f_jpg?from=ke.com
20240819,朝阳,双桥,101122181232,远洋一方润园6号院 精装南向两居 可拎包入住,330万,44391元/平,高楼层 (共15层) 2室1厅 | 74.34平米 | 南,https://ke-image.ljcdn.com/110000-inspection/pc1_cu4PVsL62.jpg!m_fill,w_280,h_210,f_jpg?from=ke.com
20240819,朝阳,双桥,101122172192,东会新村 南北两居非顶层 看房方便 诚心出售,275万,41472元/平,高楼层 (共6层) | 1997年 | 2室1厅 | 66.31平米 | 南 北,https://ke-image.ljcdn.com/110000-inspection/pc1_m2lwkG5Hz.jpg!m_fill,w_280,h_210,f_jpg?from=ke.com
20240819,朝阳,双桥,101122165535,双惠苑 高楼层 南北通透两居室,335万,44919元/平,高楼层 (共6层) 2室1厅 | 74.58平米 | 南 北,https://ke-image.ljcdn.com/110000-inspection/pc1_5B2AAK5MS.jpg!m_fill,w_280,h_210,f_jpg?from=ke.com
20240819,朝阳,双桥,101122138949,远洋一方花语院 南北大三居 满五年唯一 业主诚心出售房主自荐,719万,53244元/平,底层 (共9层) 3室1厅 | 135.04平米 | 南 北,https://ke-image.ljcdn.com/110000-inspection/0ef04d61-172a-4291-9d5f-bd9c2845bd9c_1000.jpg!m_fill,w_280,h_210,f_jpg?from=ke.com
20240819,朝阳,双桥,101122100874,房子满五年南北格局诚心出售随时签约,270万,37386元/平,中楼层 (共6层) | 1999年 | 2室1厅 | 72.22平米 | 南 北,https://ke-image.ljcdn.com/110000-inspection/3188cd47-158a-4e42-b0d6-c1a2b000303d_1000.jpg!m_fill,w_280,h_210,f_jpg?from=ke.com
20240819,朝阳,双桥,101122094938,东柳西里 满五年楼层好采光视野好社区成熟,145万,32410元/平,顶层 (共5层) | 1987年 | 2室1厅 | 44.74平米 | 南 北,https://ke-image.ljcdn.com/110000-inspection/f7db2666-7a9d-4063-8a03-6d811446ba88_1000.jpg!m_fill,w_280,h_210,f_jpg?from=ke.com
20240819,朝阳,双桥,101122057006,东会新村 2室1厅 南 北,358万,40521元/平,高楼层 (共6层) | 1998年 | 2室1厅 | 88.35平米 | 南 北,https://ke-image.ljcdn.com/110000-inspection/pc1_doD9AYE50.jpg!m_fill,w_280,h_210,f_jpg?from=ke.com
20240819,朝阳,双桥,101121940499,珠江绿洲 南向三居 满五年唯一 高层视野采光好,699万,45532元/平,高楼层 (共31层) | 2003年 | 3室2厅 | 153.52平米 | 南,https://ke-image.ljcdn.com/110000-inspection/pc1_7iA5mmjjr.jpg!m_fill,w_280,h_210,f_jpg?from=ke.com
20240819,朝阳,双桥,101121879526,珠江绿洲聚焦跃层方正阳台满五唯一视野无遮挡,319万,40375元/平,高楼层 (共31层) | 2007年 | 1室1厅 | 79.01平米 | 西北,https://ke-image.ljcdn.com/110000-inspection/pc1_CCOCQPune.jpg!m_fill,w_280,h_210,f_jpg?from=ke.com
20240819,朝阳,双桥,101121872540,朝阳旺角商品房满5年户型方正采光好集中供暖,360万,42761元/平,高楼层 (共6层) | 2006年 | 2室1厅 | 84.19平米 | 东南,https://ke-image.ljcdn.com/110000-inspection/pc1_2ePqAjg7E.jpg!m_fill,w_280,h_210,f_jpg?from=ke.com
20240819,朝阳,双桥,101121860425,朝阳旺角 南北两居室 通风好居住舒适,445万,43441元/平,中楼层 (共6层) | 2006年 | 2室1厅 | 102.44平米 | 南 北,https://ke-image.ljcdn.com/110000-inspection/0c75c99a-f9df-4ce2-b5be-a0ddf017eba7_1000.jpg!m_fill,w_280,h_210,f_jpg?from=ke.com
20240819,朝阳,双桥,101121826366,满五唯一南北向板楼带电梯2012年南北通透,373万,46498元/平,高楼层 (共20层) | 2012年 | 2室1厅 | 80.22平米 | 南 北,https://ke-image.ljcdn.com/110000-inspection/pc1_B1AMWfsKs.jpg!m_fill,w_280,h_210,f_jpg?from=ke.com
20240819,朝阳,双桥,101121801625,双惠苑1号院 商品房 3层 精装修 大落地窗 近地铁房主自荐,275万,41762元/平,中楼层 (共6层) 1室1厅 | 65.85平米 | 东 西,https://ke-image.ljcdn.com/110000-inspection/pc1_fgKWhjqSL.jpg!m_fill,w_280,h_210,f_jpg?from=ke.com
20240819,朝阳,双桥,101121794822,朝阳旺角 二居室 落地阳台宽敞明亮,298万,36646元/平,顶层 (共6层) | 2006年 | 2室1厅 | 81.32平米 | 南,https://ke-image.ljcdn.com/110000-inspection/pc1_nElLa8Mjx.jpg!m_fill,w_280,h_210,f_jpg?from=ke.com
20240819,朝阳,双桥,101121768117,双惠苑1号院 商品房 近地铁 首付50万 北京安家,230万,42389元/平,顶层 (共6层) 1室1厅 | 54.26平米 | 东 西,https://ke-image.ljcdn.com/110000-inspection/pc1_SUfKU9nqq.jpg!m_fill,w_280,h_210,f_jpg?from=ke.com
20240819,朝阳,双桥,101121705841,华美橡树岭南向复式2008年有电梯,512万,65810元/平,顶层 (共6层) | 2008年 | 3室1厅 | 77.8平米 | 南,https://ke-image.ljcdn.com/110000-inspection/299ba749-f5e4-4645-adca-eb78d1979d46_1000.jpg!m_fill,w_280,h_210,f_jpg?from=ke.com
20240819,朝阳,双桥,101121697254,水郡长安别墅社区南北三居临河观景看房随时！,716万,46251元/平,低楼层 (共20层) | 2008年 | 3室1厅 | 154.81平米 | 南 北,https://ke-image.ljcdn.com/110000-inspection/ff0cae5e-3fea-43ee-b8e6-1fcc65f03a9e_1000.jpg!m_fill,w_280,h_210,f_jpg?from=ke.com
20240819,朝阳,双桥,101121677411,水郡别墅区大复式300万精装提包入住无增值税,1350万,50345元/平,高楼层 (共7层) | 2009年 | 4室2厅 | 268.15平米 | 南 北,https://ke-image.ljcdn.com/110000-inspection/4de94736-1e4e-49a8-b9cf-781c2ca510c3_1000.jpg!m_fill,w_280,h_210,f_jpg?from=ke.com
20240819,朝阳,双桥,101121544569,满五唯一商品房 精装修2010年建成.近地铁 配套齐全房主自荐,360万,47969元/平,低楼层 (共22层) | 2010年 | 2室1厅 | 75.05平米 | 南 北,https://ke-image.ljcdn.com/110000-inspection/pc1_kDrkfRJdK.jpg!m_fill,w_280,h_210,f_jpg?from=ke.com
20240819,朝阳,双桥,101121403867,远洋一方北润园南向两居视野好,520万,60656元/平,顶层 (共18层) 2室1厅 | 85.73平米 | 南,https://ke-image.ljcdn.com/110000-inspection/02a7766a-4b48-4d5f-b7bc-5431c770314c_1000.jpg!m_fill,w_280,h_210,f_jpg?from=ke.com
20240819,朝阳,双桥,101121385588,康城暖山独栋别墅地上2层地下1层精装修,3200万,76032元/平,底层 (共2层) 8室4厅 | 420.88平米 | 南 北,https://ke-image.ljcdn.com/110000-inspection/43fa724c-2623-4879-bc0b-a10bb0468759_1000.jpg!m_fill,w_280,h_210,f_jpg?from=ke.com
20240819,朝阳,双桥,101121366726,水郡长安 5室2厅 南 北,1280万,41837元/平,底层 (共3层) 5室2厅 | 305.95平米 | 南 北,https://ke-image.ljcdn.com/110000-inspection/pc1_VGDeptc1a.jpg!m_fill,w_280,h_210,f_jpg?from=ke.com
20240819,朝阳,双桥,101121247478,珠江绿洲 3室1厅 西南 北,720万,51844元/平,高楼层 (共31层) | 2003年 | 3室1厅 | 138.88平米 | 西南 北,https://ke-image.ljcdn.com/110000-inspection/pc1_fJhMU1bnM_1.jpg!m_fill,w_280,h_210,f_jpg?from=ke.com
20240819,朝阳,双桥,101120948417,天泰北双苑  精装修南北通透 全明格局一居 无遮挡,235万,40392元/平,高楼层 (共6层) 1室1厅 | 58.18平米 | 南 北,https://ke-image.ljcdn.com/110000-inspection/c4b01451-597e-4b18-9c88-4bf6b481339f_1000.jpg!m_fill,w_280,h_210,f_jpg?from=ke.com
20240819,朝阳,双桥,101120936535,水郡长安精装一居室随时能看随时可签。,318万,51978元/平,低楼层 (共19层) 1室1厅 | 61.18平米 | 北,https://ke-image.ljcdn.com/110000-inspection/pc1_M4TiFSd1Z.jpg!m_fill,w_280,h_210,f_jpg?from=ke.com
20240819,朝阳,双桥,101120878602,金隅康惠园3号院 2室1厅 南 北,320万,39891元/平,低楼层 (共20层) | 2012年 | 2室1厅 | 80.22平米 | 南 北,https://ke-image.ljcdn.com/110000-inspection/pc1_xzB5x0GBJ_1.jpg!m_fill,w_280,h_210,f_jpg?from=ke.com
20240819,朝阳,双桥,101120435482,康城别墅联排别墅满五年唯一南北通透无遮挡,1450万,42059元/平,底层 (共3层) | 2002年 | 7室2厅 | 344.76平米 | 南 北,https://ke-image.ljcdn.com/110000-inspection/prod-ddc7fe08-06a6-4f6b-b9b6-ccb3c288d9b0.jpg!m_fill,w_280,h_210,f_jpg?from=ke.com
20240819,朝阳,双桥,101120392140,东南朝向视野无遮挡采光足视野开阔改善可选,659万,45714元/平,低楼层 (共31层) | 2003年 | 3室1厅 | 144.16平米 | 东南,https://ke-image.ljcdn.com/110000-inspection/pc1_9V1GmrC28.jpg!m_fill,w_280,h_210,f_jpg?from=ke.com
20240819,朝阳,双桥,101119462600,精装修拎包入住 南北通透户型好配套齐全交通方便,370万,46818元/平,低楼层 (共6层) | 2004年 | 2室1厅 | 79.03平米 | 南 北,https://ke-image.ljcdn.com/110000-inspection/pc1_ffKbQH0be.jpg!m_fill,w_280,h_210,f_jpg?from=ke.com
20240819,朝阳,双桥,101119399626,金隅康惠园3号院 电梯房 楼龄新 西南向两居室户型方正,319万,45689元/平,低楼层 (共22层) | 2010年 | 2室1厅 | 69.82平米 | 西南,https://ke-image.ljcdn.com/110000-inspection/pc1_uPswHIsJJ.jpg!m_fill,w_280,h_210,f_jpg?from=ke.com
20240819,朝阳,双桥,101118838375,1号线管庄国贸东城市跃墅满五唯一拎包入住,1530万,65669元/平,顶层 (共6层) 5室2厅 | 232.99平米 | 南 北,https://ke-image.ljcdn.com/110000-inspection/pc1_rBkggzroS.jpg!m_fill,w_280,h_210,f_jpg?from=ke.com
20240819,朝阳,双桥,101118494697,南北通透格局好无浪费面积可直接入住！,1235万,44286元/平,底层 (共5层) | 2005年 | 4室2厅 | 278.87平米 | 南 北,https://ke-image.ljcdn.com/110000-inspection/94b36025-2438-4fdf-ae88-e14a969212c0_1000.jpg!m_fill,w_280,h_210,f_jpg?from=ke.com
20240819,朝阳,双桥,101118364253,广播大院 南北通透三居室中间层满二年商品房,235万,41149元/平,中楼层 (共6层) | 1980年 | 3室1厅 | 57.11平米 | 南 北,https://ke-image.ljcdn.com/110000-inspection/pc1_F4U4K2PJG_1.jpg!m_fill,w_280,h_210,f_jpg?from=ke.com
20240819,朝阳,双桥,101118329369,珠江绿洲 正规三居 普通住宅 精装修,650万,46696元/平,低楼层 (共31层) | 2003年 | 3室1厅 | 139.2平米 | 西南 东北,https://ke-image.ljcdn.com/110000-inspection/00f569dc-40b6-4f7a-92bb-bd3193c65b4a_1000.jpg!m_fill,w_280,h_210,f_jpg?from=ke.com
20240819,朝阳,双桥,101117162856,远洋一方北润园 B1车位 业主诚售,22万,6852元/平,地下室 (共1层) | 2012年 | 1室0厅 | 32.11平米 | 南,https://ke-image.ljcdn.com/110000-inspection/pc1_fCetaaMZ9_1.jpg!m_fill,w_280,h_210,f_jpg?from=ke.com
20240819,朝阳,双桥,101116169522,远洋一方润园2号院 负一层车位 位置好,25万,7660元/平,地下室 (共15层) | 2011年 | 1室0厅 | 32.64平米 | 北,https://ke-image.ljcdn.com/110000-inspection/pc1_AjnHUkaFR.jpg!m_fill,w_280,h_210,f_jpg?from=ke.com
20240819,朝阳,双桥,101126076512,华美橡树岭 1室0厅 西南新上,58万,15438元/平,中楼层 (共6层) 1室0厅 | 37.57平米 | 西南,https://s1.ljcdn.com/pegasus/redskull/images/common/default_house_list.png?_v=2024081414383053
20240819,朝阳,双桥,101126063797,远洋一方新悦二期 2室2厅 南 西南 西新上,420万,47117元/平,低楼层 (共17层) | 2012年 | 2室2厅 | 89.14平米 | 南 西南 西,https://s1.ljcdn.com/pegasus/redskull/images/common/default_house_list.png?_v=2024081414383053
20240819,朝阳,双桥,101126062912,玲珑山 1室0厅 东新上,140万,29094元/平,中楼层 (共14层) 1室0厅 | 48.12平米 | 东,https://s1.ljcdn.com/pegasus/redskull/images/common/default_house_list.png?_v=2024081414383053
20240819,朝阳,双桥,101126051360,华美橡树岭 南北两居室 看房方便价格可谈新上,360万,39539元/平,低楼层 (共6层) | 2008年 | 2室1厅 | 91.05平米 | 南 北,https://s1.ljcdn.com/pegasus/redskull/images/common/default_house_list.png?_v=2024081414383053
20240819,朝阳,双桥,101126012200,满五唯一仅契税视野好无遮挡距离地铁站近；新上,518万,47747元/平,高楼层 (共31层) | 2006年 | 2室1厅 | 108.49平米 | 西 东北,https://s1.ljcdn.com/pegasus/redskull/images/common/default_house_list.png?_v=2024081414383053
20240819,朝阳,双桥,101125995327,此房满五唯一南北通透看房随时采光充足新上,280万,37419元/平,高楼层 (共6层) | 2004年 | 2室1厅 | 74.83平米 | 南 北,https://s1.ljcdn.com/pegasus/redskull/images/common/default_house_list.png?_v=2024081414383053
20240819,朝阳,双桥,101125987124,天泰北双苑 2室1厅 南 北新上,430万,41801元/平,高楼层 (共11层) | 2009年 | 2室1厅 | 102.87平米 | 南 北,https://s1.ljcdn.com/pegasus/redskull/images/common/default_house_list.png?_v=2024081414383053
20240819,朝阳,双桥,101125968696,玲珑山 南向 位置好 楼层高 装修好 随时签合同新上,266万,30745元/平,高楼层 (共14层) 2室1厅 | 86.52平米 | 南,https://s1.ljcdn.com/pegasus/redskull/images/common/default_house_list.png?_v=2024081414383053
20240819,朝阳,双桥,101125968022,金隅可乐优质房子很好旁边就是地铁万达新上,95万,17949元/平,中楼层 (共19层) | 2009年 | 1室1厅 | 52.93平米 | 南,https://s1.ljcdn.com/pegasus/redskull/images/common/default_house_list.png?_v=2024081414383053
20240819,朝阳,双桥,101125967168,康惠园2号院 板楼 东西通透2居室 商品房价格新上,297万,38353元/平,中楼层 (共21层) | 2011年 | 2室1厅 | 77.44平米 | 东 西,https://s1.ljcdn.com/pegasus/redskull/images/common/default_house_list.png?_v=2024081414383053
20240819,朝阳,双桥,101125948148,本房满五年唯一 近地铁  板楼1梯4户  楼龄新新上,235万,40637元/平,低楼层 (共21层) | 2011年 | 1室1厅 | 57.83平米 | 西,https://s1.ljcdn.com/pegasus/redskull/images/common/default_house_list.png?_v=2024081414383053
20240819,朝阳,双桥,101125939847,远洋一方林语苑 高楼层 视野开阔 满五唯一,420万,45952元/平,高楼层 (共18层) 2室1厅 | 91.4平米 | 东南,https://s1.ljcdn.com/pegasus/redskull/images/common/default_house_list.png?_v=2024081414383053
20240819,朝阳,双桥,101125929406,北花园小区3号院 1室1厅 南,170万,33217元/平,中楼层 (共29层) | 2012年 | 1室1厅 | 51.18平米 | 南,https://s1.ljcdn.com/pegasus/redskull/images/common/default_house_list.png?_v=2024081414383053
20240819,朝阳,双桥,101125919553,北花园小区3号院 2室1厅 西北,299万,40264元/平,高楼层 (共29层) | 2012年 | 2室1厅 | 74.26平米 | 西北,https://s1.ljcdn.com/pegasus/redskull/images/common/default_house_list.png?_v=2024081414383053
20240819,朝阳,双桥,101125909122,远洋一方润园6号院 1室1厅 南,195万,36078元/平,底层 (共15层) | 2011年 | 1室1厅 | 54.05平米 | 南,https://s1.ljcdn.com/pegasus/redskull/images/common/default_house_list.png?_v=2024081414383053
20240819,朝阳,双桥,101125900473,双桥温泉东里小区 南北复式 满五年唯一,470万,28729元/平,高楼层 (共7层) 3室2厅 | 163.6平米 | 南 北,https://s1.ljcdn.com/pegasus/redskull/images/common/default_house_list.png?_v=2024081414383053
20240819,朝阳,双桥,101125894539,康城别墅二期 精装修 南北通透 满五唯一,820万,36709元/平,中楼层 (共5层) 3室1厅 | 223.38平米 | 南 北,https://s1.ljcdn.com/pegasus/redskull/images/common/default_house_list.png?_v=2024081414383053
20240819,朝阳,双桥,101125889266,康城别墅二期上叠别墅精装修诚心出售,820万,36645元/平,中楼层 (共5层) | 2004年 | 3室2厅 | 223.77平米 | 南 北,https://s1.ljcdn.com/pegasus/redskull/images/common/default_house_list.png?_v=2024081414383053
20240819,朝阳,双桥,101125887648,玲珑山 双飘窗 一室一客 采光好 视野不错,160万,30734元/平,中楼层 (共14层) 1室1厅 | 52.06平米 | 西,https://s1.ljcdn.com/pegasus/redskull/images/common/default_house_list.png?_v=2024081414383053
20240819,朝阳,双桥,101125868240,金隅康惠园3号院 2室1厅 西南,320万,46942元/平,高楼层 (共22层) | 2010年 | 2室1厅 | 68.17平米 | 西南,https://s1.ljcdn.com/pegasus/redskull/images/common/default_house_list.png?_v=2024081414383053
20240819,朝阳,双桥,101125859607,新房苑南北通透H户型上下复式一梯两户板楼洋房,620万,34481元/平,高楼层 (共11层) 5室2厅 | 179.81平米 | 南 北,https://s1.ljcdn.com/pegasus/redskull/images/common/default_house_list.png?_v=2024081414383053
20240819,朝阳,双桥,101125858648,远洋一方北润园 车位,23万,7483元/平,地下室 (共18层) | 2012年 | 1室0厅 | 30.74平米 | 南,https://s1.ljcdn.com/pegasus/redskull/images/common/default_house_list.png?_v=2024081414383053
20240819,朝阳,双桥,101125849735,金隅康惠园3号院 商品房 两居室 带电梯 南北向,328万,40888元/平,中楼层 (共20层) | 2012年 | 2室1厅 | 80.22平米 | 南 北,https://s1.ljcdn.com/pegasus/redskull/images/common/default_house_list.png?_v=2024081414383053
20240819,朝阳,双桥,101125797774,远洋一方溪语苑 车位,25万,6994元/平,地下室 (共1层) 1室0厅 | 35.75平米 | 南,https://s1.ljcdn.com/pegasus/redskull/images/common/default_house_list.png?_v=2024081414383053
20240819,朝阳,双桥,101125763134,远洋一方润园2号院 3室1厅 南 西 北,618万,52826元/平,低楼层 (共15层) 3室1厅 | 116.99平米 | 南 西 北,https://s1.ljcdn.com/pegasus/redskull/images/common/default_house_list.png?_v=2024081414383053
20240819,朝阳,双桥,101125748225,满五唯一中间楼层双卫设计单层净高2.7米；,320万,43285元/平,中楼层 (共31层) | 2006年 | 2室1厅 | 73.93平米 | 西北,https://s1.ljcdn.com/pegasus/redskull/images/common/default_house_list.png?_v=2024081414383053
20240819,朝阳,双桥,101125701441,此房是正东向两居室精装修拎包住,470万,71407元/平,中楼层 (共15层) | 2023年 | 2室1厅 | 65.82平米 | 东,https://s1.ljcdn.com/pegasus/redskull/images/common/default_house_list.png?_v=2024081414383053
20240819,朝阳,双桥,101125660251,珠江绿洲 3室1厅 南,558万,36538元/平,底层 (共31层) 3室1厅 | 152.72平米 | 南,https://s1.ljcdn.com/pegasus/redskull/images/common/default_house_list.png?_v=2024081414383053
20240819,朝阳,双桥,101125658143,玲珑山 大开间 高楼层 采光好,125万,25961元/平,高楼层 (共9层) 1室0厅 | 48.15平米 | 西,https://s1.ljcdn.com/pegasus/redskull/images/common/default_house_list.png?_v=2024081414383053
20240819,朝阳,双桥,101125656526,金隅可乐 50年产权 可注册公司 近地铁好房,110万,19268元/平,中楼层 (共19层) | 2009年 | 1室0厅 | 57.09平米 | 西南,https://s1.ljcdn.com/pegasus/redskull/images/common/default_house_list.png?_v=2024081414383053
20240819,朝阳,双桥,101125624723,北花园小区3号院 2室1厅 西南,298万,39766元/平,低楼层 (共29层) 2室1厅 | 74.94平米 | 西南,https://s1.ljcdn.com/pegasus/redskull/images/common/default_house_list.png?_v=2024081414383053
20240819,朝阳,双桥,101125594369,地铁南800米50年产权办公用房可注册公司,85万,15730元/平,低楼层 (共19层) | 2009年 | 1室0厅 | 54.04平米 | 东南,https://s1.ljcdn.com/pegasus/redskull/images/common/default_house_list.png?_v=2024081414383053
20240819,朝阳,双桥,101125572846,入则宁静出则繁华远洋一方公园里的家,455万,49603元/平,高楼层 (共6层) 3室2厅 | 91.73平米 | 南 北,https://s1.ljcdn.com/pegasus/redskull/images/common/default_house_list.png?_v=2024081414383053
20240819,朝阳,双桥,101125572708,中建玲珑山 高楼层 视野无遮挡 看房随时 靠谱签约,160万,23572元/平,高楼层 (共14层) | 2013年 | 1室1厅 | 67.88平米 | 东,https://s1.ljcdn.com/pegasus/redskull/images/common/default_house_list.png?_v=2024081414383053
20240819,朝阳,双桥,101125569706,金隅可乐 可注册办公 高楼层 单价1.66万,163万,16633元/平,中楼层 (共19层) | 2009年 | 2室1厅 | 98平米 | 东北,https://s1.ljcdn.com/pegasus/redskull/images/common/default_house_list.png?_v=2024081414383053
20240819,朝阳,双桥,101125527162,50年产权办公用房可注册公司邻双桥地铁站,92万,17025元/平,低楼层 (共19层) | 2009年 | 1室0厅 | 54.04平米 | 东北,https://s1.ljcdn.com/pegasus/redskull/images/common/default_house_list.png?_v=2024081414383053
20240819,朝阳,双桥,101125458982,康惠园1号院 南北通透 9层高带电梯板楼 1梯2户,350万,39185元/平,中楼层 (共9层) | 2010年 | 2室1厅 | 89.32平米 | 南 北,https://s1.ljcdn.com/pegasus/redskull/images/common/default_house_list.png?_v=2024081414383053
20240819,朝阳,双桥,101125433842,水郡长安家园2号院  满五唯一  临河观景,248万,43964元/平,低楼层 (共20层) | 2008年 | 1室1厅 | 56.41平米 | 北,https://s1.ljcdn.com/pegasus/redskull/images/common/default_house_list.png?_v=2024081414383053
20240819,朝阳,双桥,101125411518,挑空户型小复式采光好看房方便,105万,24759元/平,底层 (共4层) 1室1厅 | 42.41平米 | 东南,https://s1.ljcdn.com/pegasus/redskull/images/common/default_house_list.png?_v=2024081414383053
20240819,朝阳,双桥,101125377279,双桥温泉东里小区5-6层复式动静分离,470万,30144元/平,高楼层 (共6层) | 2002年 | 4室2厅 | 155.92平米 | 南 北,https://s1.ljcdn.com/pegasus/redskull/images/common/default_house_list.png?_v=2024081414383053
20240819,朝阳,双桥,101125335700,商品房 一梯两户 电梯楼 满五年唯一 诚信卖房,520万,36731元/平,低楼层 (共11层) 3室2厅 | 141.57平米 | 南 北,https://s1.ljcdn.com/pegasus/redskull/images/common/default_house_list.png?_v=2024081414383053
20240819,朝阳,双桥,101125318102,康城别墅二期 南北通透 精装修,1050万,37743元/平,底层 (共5层) 5室1厅 | 278.2平米 | 南 北,https://s1.ljcdn.com/pegasus/redskull/images/common/default_house_list.png?_v=2024081414383053
20240819,朝阳,双桥,101125167900,东南朝向采光好视野开阔没遮挡满五唯一,598万,48961元/平,顶层 (共31层) | 2007年 | 3室2厅 | 122.14平米 | 东南,https://s1.ljcdn.com/pegasus/redskull/images/common/default_house_list.png?_v=2024081414383053
20240819,朝阳,双桥,101125158066,远洋一方润园2号院 车位,19万,5677元/平,地下室 (共15层) | 2011年 | 1室0厅 | 33.47平米 | 南,https://ke-image.ljcdn.com/110000-inspection/2b140d3b-1ccd-4ce7-bb07-86317074d10e.jpg!m_fill,w_280,h_210,f_jpg?from=ke.com
20240819,朝阳,双桥,101125134918,玲珑山 南向两室一客 高楼层 采光好,225万,26418元/平,高楼层 (共9层) | 2013年 | 2室1厅 | 85.17平米 | 南,https://s1.ljcdn.com/pegasus/redskull/images/common/default_house_list.png?_v=2024081414383053
20240819,朝阳,双桥,101125088837,此房满五唯一南北通透一居室好楼层万达旁边双桥地铁,255万,42621元/平,低楼层 (共6层) 1室1厅 | 59.83平米 | 南 北,https://s1.ljcdn.com/pegasus/redskull/images/common/default_house_list.png?_v=2024081414383053
20240819,朝阳,双桥,101125046576,华美橡树岭 电梯洋房 诚心出售,75万,20392元/平,顶层 (共6层) | 2008年 | 1室0厅 | 36.78平米 | 西,https://s1.ljcdn.com/pegasus/redskull/images/common/default_house_list.png?_v=2024081414383053
20240819,朝阳,双桥,101125043736,北花园小区2号院 2室2厅 南房主自荐,378万,44062元/平,中楼层 (共29层) 2室2厅 | 85.79平米 | 南,https://s1.ljcdn.com/pegasus/redskull/images/common/default_house_list.png?_v=2024081414383053
20240819,朝阳,双桥,101124995446,乐栋300温馨小复式精装修保持好看房方便,145万,29006元/平,中楼层 (共4层) | 2011年 | 1室1厅 | 49.99平米 | 西北,https://s1.ljcdn.com/pegasus/redskull/images/common/default_house_list.png?_v=2024081414383053
20240819,朝阳,双桥,101124980349,地铁管庄站100米板楼南北两居 业主改善诚售。,299万,33843元/平,低楼层 (共6层) 2室1厅 | 88.35平米 | 南 北,https://s1.ljcdn.com/pegasus/redskull/images/common/default_house_list.png?_v=2024081414383053
20240819,朝阳,双桥,101124969307,传媒大学中建玲珑山 商品房 人车分流 产权清晰,265万,31089元/平,低楼层 (共9层) | 2013年 | 2室1厅 | 85.24平米 | 南,https://s1.ljcdn.com/pegasus/redskull/images/common/default_house_list.png?_v=2024081414383053
20240819,朝阳,双桥,101124913780,玲珑山楼层好采光好无遮挡,165万,25669元/平,中楼层 (共14层) 1室1厅 | 64.28平米 | 东,https://s1.ljcdn.com/pegasus/redskull/images/common/default_house_list.png?_v=2024081414383053
20240819,朝阳,双桥,101124866272,满五年唯一住房靠谱出售仅产生契税产权清晰,295万,39817元/平,中楼层 (共29层) | 2012年 | 2室1厅 | 74.09平米 | 西北,https://s1.ljcdn.com/pegasus/redskull/images/common/default_house_list.png?_v=2024081414383053
20240819,朝阳,双桥,101124827945,玲珑山 人车分流东向 飘窗高楼层 视野好精装修,127万,26393元/平,中楼层 (共14层) 1室1厅 | 48.12平米 | 东,https://s1.ljcdn.com/pegasus/redskull/images/common/default_house_list.png?_v=2024081414383053
20240819,朝阳,双桥,101124810985,2008年电梯洋房 满五唯一 诚心出售随时签约,70万,18919元/平,中楼层 (共6层) 1室0厅 | 37平米 | 南 西,https://s1.ljcdn.com/pegasus/redskull/images/common/default_house_list.png?_v=2024081414383053
20240819,朝阳,双桥,101124664975,远洋一方北润园 中楼层 经典小三居,473万,52779元/平,中楼层 (共11层) | 2011年 | 3室1厅 | 89.62平米 | 南 北,https://s1.ljcdn.com/pegasus/redskull/images/common/default_house_list.png?_v=2024081414383053
20240819,朝阳,双桥,101124664261,全明格局 封闭管理近地铁 人车分流,159万,22751元/平,顶层 (共14层) | 2013年 | 1室1厅 | 69.89平米 | 西南,https://s1.ljcdn.com/pegasus/redskull/images/common/default_house_list.png?_v=2024081414383053
20240819,朝阳,双桥,101124542267,金隅可乐 50年产权 可注册公司 近地铁好房,110万,20356元/平,低楼层 (共19层) | 2009年 | 1室0厅 | 54.04平米 | 东南,https://s1.ljcdn.com/pegasus/redskull/images/common/default_house_list.png?_v=2024081414383053
20240819,朝阳,双桥,101124530239,玲珑山全南向 社区安静 地铁方便,174万,32445元/平,中楼层 (共9层) | 2013年 | 1室1厅 | 53.63平米 | 南,https://s1.ljcdn.com/pegasus/redskull/images/common/default_house_list.png?_v=2024081414383053
20240819,朝阳,双桥,101124464185,远洋一方润园2号院 b1产权车位 业主诚售,21万,6434元/平,地下室 (共15层) 1室0厅 | 32.64平米 | 南,https://ke-image.ljcdn.com/110000-inspection/92e90b29-9ae6-466d-b556-971dd7b8baef.jpg!m_fill,w_280,h_210,f_jpg?from=ke.com
20240819,朝阳,双桥,101124466679,玲珑山 双飘窗 不临街 中间楼层 看房方便,160万,31898元/平,中楼层 (共9层) | 2013年 | 1室1厅 | 50.16平米 | 东,https://s1.ljcdn.com/pegasus/redskull/images/common/default_house_list.png?_v=2024081414383053
20240819,朝阳,双桥,101124422983,玲珑山西南精装修诚心出售看房方便,179万,25208元/平,底层 (共14层) | 2013年 | 1室1厅 | 71.01平米 | 西南,https://s1.ljcdn.com/pegasus/redskull/images/common/default_house_list.png?_v=2024081414383053
20240819,朝阳,双桥,101124342792,金隅可乐 1室0厅 西北,120万,22153元/平,高楼层 (共19层) | 2009年 | 1室0厅 | 54.17平米 | 西北,https://s1.ljcdn.com/pegasus/redskull/images/common/default_house_list.png?_v=2024081414383053
20240819,朝阳,双桥,101124324441,玲珑山 一室一客 户型方正高楼层,155万,28854元/平,顶层 (共14层) 1室1厅 | 53.72平米 | 西,https://s1.ljcdn.com/pegasus/redskull/images/common/default_house_list.png?_v=2024081414383053
20240819,朝阳,双桥,101124203319,玲珑山 南向 双飘窗 地暖 新风  层高2.9米,226万,28820元/平,底层 (共14层) | 2013年 | 2室1厅 | 78.42平米 | 南,https://s1.ljcdn.com/pegasus/redskull/images/common/default_house_list.png?_v=2024081414383053
20240819,朝阳,双桥,101124134735,玲珑山 户型方正 一室一客 双飘窗,136万,27525元/平,底层 (共9层) | 2013年 | 1室1厅 | 49.41平米 | 东,https://s1.ljcdn.com/pegasus/redskull/images/common/default_house_list.png?_v=2024081414383053
20240819,朝阳,双桥,101124098280,华美橡树岭 东向开间 2008年花园洋房 有电梯,73万,18370元/平,顶层 (共6层) 1室0厅 | 39.74平米 | 东,https://s1.ljcdn.com/pegasus/redskull/images/common/default_house_list.png?_v=2024081414383053
20240819,朝阳,双桥,101124051709,金隅可乐 50年产权 可注册公司 全景落地窗 近地铁好房,129万,18487元/平,中楼层 (共19层) | 2009年 | 2室1厅 | 69.78平米 | 西南,https://s1.ljcdn.com/pegasus/redskull/images/common/default_house_list.png?_v=2024081414383053
20240819,朝阳,双桥,101124000527,传媒地铁 中建玲珑山 中海物业 户型方正 看房方便,160万,28420元/平,底层 (共9层) | 2013年 | 1室1厅 | 56.3平米 | 东,https://s1.ljcdn.com/pegasus/redskull/images/common/default_house_list.png?_v=2024081414383053
20240819,朝阳,双桥,101123928451,玲珑山 楼层高 南向 朝向小区花园 精装修 双飘窗,269万,31584元/平,中楼层 (共9层) | 2013年 | 2室1厅 | 85.17平米 | 南,https://s1.ljcdn.com/pegasus/redskull/images/common/default_house_list.png?_v=2024081414383053
20240819,朝阳,双桥,101123838563,玲珑山 西向大开间 高楼层 采光好,130万,26838元/平,中楼层 (共9层) | 2013年 | 1室0厅 | 48.44平米 | 西,https://s1.ljcdn.com/pegasus/redskull/images/common/default_house_list.png?_v=2024081414383053
20240819,朝阳,双桥,101123829947,乐栋300一层西向挑空格局看房方便。,129万,35036元/平,底层 (共4层) 1室1厅 | 36.82平米 | 西,https://s1.ljcdn.com/pegasus/redskull/images/common/default_house_list.png?_v=2024081414383053
20240819,朝阳,双桥,101123819108,玲珑山 1室1厅 东,180万,31497元/平,中楼层 (共14层) 1室1厅 | 57.15平米 | 东,https://s1.ljcdn.com/pegasus/redskull/images/common/default_house_list.png?_v=2024081414383053
20240819,朝阳,双桥,101123810483,乐栋300挑空格局朝东向看房方便。,162万,28663元/平,中楼层 (共4层) | 2011年 | 2室1厅 | 56.52平米 | 东,https://s1.ljcdn.com/pegasus/redskull/images/common/default_house_list.png?_v=2024081414383053
20240819,朝阳,双桥,101123809516,金隅可乐 50年产权办公用房可注册公司 业主诚意出售,130万,17441元/平,低楼层 (共19层) | 2009年 | 2室1厅 | 74.54平米 | 西南,https://s1.ljcdn.com/pegasus/redskull/images/common/default_house_list.png?_v=2024081414383053
20240819,朝阳,双桥,101123809365,金隅可乐 1室1厅 西南,165万,20216元/平,中楼层 (共19层) | 2009年 | 1室1厅 | 81.62平米 | 西南,https://s1.ljcdn.com/pegasus/redskull/images/common/default_house_list.png?_v=2024081414383053
20240819,朝阳,双桥,101123753449,玲珑山 1室1厅 西,168万,28509元/平,底层 (共14层) 1室1厅 | 58.93平米 | 西,https://s1.ljcdn.com/pegasus/redskull/images/common/default_house_list.png?_v=2024081414383053
20240819,朝阳,双桥,101123735535,乐栋300挑空复式看房方便,140万,24770元/平,中楼层 (共4层) | 2011年 | 2室1厅 | 56.52平米 | 东,https://s1.ljcdn.com/pegasus/redskull/images/common/default_house_list.png?_v=2024081414383053
20240819,朝阳,双桥,101123694325,玲珑山 品质社区年轻人的选择房主自荐,149万,22286元/平,中楼层 (共14层) 1室1厅 | 66.86平米 | 西,https://s1.ljcdn.com/pegasus/redskull/images/common/default_house_list.png?_v=2024081414383053
20240819,朝阳,双桥,101123641979,玲珑山 高楼层 视野好精装修户型方正,128万,26573元/平,高楼层 (共9层) | 2013年 | 1室0厅 | 48.17平米 | 西,https://s1.ljcdn.com/pegasus/redskull/images/common/default_house_list.png?_v=2024081414383053
20240819,朝阳,双桥,101123592308,远洋一方润园6号院 南北通透3居 满五唯一 业主诚售,350万,39634元/平,低楼层 (共15层) | 2011年 | 3室1厅 | 88.31平米 | 南 北,https://s1.ljcdn.com/pegasus/redskull/images/common/default_house_list.png?_v=2024081414383053
20240819,朝阳,双桥,101123499178,不临街两个飘窗楼层好采光好,230万,26983元/平,底层 (共9层) | 2013年 | 2室1厅 | 85.24平米 | 南,https://s1.ljcdn.com/pegasus/redskull/images/common/default_house_list.png?_v=2024081414383053
20240819,朝阳,双桥,101123499165,不临街两个飘窗楼层好采光好,260万,32163元/平,中楼层 (共14层) 2室1厅 | 80.84平米 | 南,https://s1.ljcdn.com/pegasus/redskull/images/common/default_house_list.png?_v=2024081414383053
20240819,朝阳,双桥,101123406438,金隅可乐50年产权办公用房可注册公司业主诚售,165万,21763元/平,中楼层 (共19层) | 2009年 | 1室1厅 | 75.82平米 | 西南,https://s1.ljcdn.com/pegasus/redskull/images/common/default_house_list.png?_v=2024081414383053
20240819,朝阳,双桥,101123368837,玲珑山 户型方正 双飘窗 不临街 精装修,164万,25962元/平,低楼层 (共9层) 1室1厅 | 63.17平米 | 西,https://s1.ljcdn.com/pegasus/redskull/images/common/default_house_list.png?_v=2024081414383053
20240819,朝阳,双桥,101123340309,双桥地铁 金隅可乐 180度弧形落地窗 高楼层 采光好,120万,18263元/平,高楼层 (共19层) | 2009年 | 1室0厅 | 65.71平米 | 东南,https://s1.ljcdn.com/pegasus/redskull/images/common/default_house_list.png?_v=2024081414383053
20240819,朝阳,双桥,101123220744,双桥金隅可乐 落地窗大开间 户型方正 可注册公司,95万,17528元/平,低楼层 (共19层) | 2009年 | 1室0厅 | 54.2平米 | 东北,https://s1.ljcdn.com/pegasus/redskull/images/common/default_house_list.png?_v=2024081414383053
20240819,朝阳,双桥,101123207726,不临街两个飘窗楼层好采光好,245万,31363元/平,高楼层 (共14层) | 2013年 | 2室1厅 | 78.12平米 | 南,https://s1.ljcdn.com/pegasus/redskull/images/common/default_house_list.png?_v=2024081414383053
20240819,朝阳,双桥,101123086116,玲珑山楼层好采光好无遮挡,180万,31497元/平,顶层 (共14层) 1室1厅 | 57.15平米 | 东,https://s1.ljcdn.com/pegasus/redskull/images/common/default_house_list.png?_v=2024081414383053
20240819,朝阳,双桥,101123005846,珠江绿洲  双层入户  跃层结构   居住舒适 带 有平台,888万,39887元/平,高楼层 (共31层) | 2003年 | 5室2厅 | 222.63平米 | 西南,https://ke-image.ljcdn.com/110000-inspection/dcc9f781-258e-4006-865d-7e642195ecc2.jpg!m_fill,w_280,h_210,f_jpg?from=ke.com
20240819,朝阳,双桥,101122980606,金隅可乐 50年产权 可注册公司 全景落地窗 近地铁好房,125万,19087元/平,低楼层 (共19层) | 2009年 | 1室1厅 | 65.49平米 | 东南 东北,https://s1.ljcdn.com/pegasus/redskull/images/common/default_house_list.png?_v=2024081414383053
20240819,朝阳,双桥,101122963431,精装修、中建开发、中海物业、高楼层无遮挡、大飘窗,145万,30102元/平,高楼层 (共9层) | 2013年 | 1室0厅 | 48.17平米 | 东,https://s1.ljcdn.com/pegasus/redskull/images/common/default_house_list.png?_v=2024081414383053
20240819,朝阳,双桥,101122885478,中建开发玲珑山小区精装修高楼层开间,128万,26573元/平,顶层 (共9层) | 2013年 | 1室0厅 | 48.17平米 | 西,https://s1.ljcdn.com/pegasus/redskull/images/common/default_house_list.png?_v=2024081414383053
20240819,朝阳,双桥,101122879496,50年产权办公用房可注册公司采光好户型方正,108万,19986元/平,低楼层 (共19层) | 2009年 | 1室0厅 | 54.04平米 | 西南,https://s1.ljcdn.com/pegasus/redskull/images/common/default_house_list.png?_v=2024081414383053
20240819,朝阳,双桥,101122836429,玲珑山 南向 朝向小区 安静 双飘窗 不临街,270万,31676元/平,底层 (共9层) | 2013年 | 2室1厅 | 85.24平米 | 南,https://s1.ljcdn.com/pegasus/redskull/images/common/default_house_list.png?_v=2024081414383053
20240819,朝阳,双桥,101122776344,金隅可乐  高楼层 近地铁 可注册 户型方正,110万,16549元/平,高楼层 (共19层) | 2009年 | 1室0厅 | 66.47平米 | 东南,https://s1.ljcdn.com/pegasus/redskull/images/common/default_house_list.png?_v=2024081414383053
20240819,朝阳,双桥,101122776328,金隅可乐 精装开间 可注册公司。,98万,18092元/平,高楼层 (共19层) | 2009年 | 1室0厅 | 54.17平米 | 东南,https://s1.ljcdn.com/pegasus/redskull/images/common/default_house_list.png?_v=2024081414383053
20240819,朝阳,双桥,101122747419,户型方正小复式挑空格局保持好,109.9万,25678元/平,顶层 (共4层) | 2011年 | 1室1厅 | 42.8平米 | 东北,https://s1.ljcdn.com/pegasus/redskull/images/common/default_house_list.png?_v=2024081414383053
20240819,朝阳,双桥,101122538066,不临街  飘窗楼层好采光好,260万,30528元/平,高楼层 (共9层) | 2013年 | 2室1厅 | 85.17平米 | 南,https://s1.ljcdn.com/pegasus/redskull/images/common/default_house_list.png?_v=2024081414383053
20240819,朝阳,双桥,101122413472,远洋一方北润园 车位 诚意出售,13.5万,4265元/平,地下室 (共18层) | 2012年 | 1室0厅 | 31.66平米 | 南,https://ke-image.ljcdn.com/110000-inspection/e55b101d-770d-418d-8a6a-141db1ee5df6.jpg!m_fill,w_280,h_210,f_jpg?from=ke.com
20240819,朝阳,双桥,101122251342,在小区安静位置四周不临街正对小区花园,125万,25950元/平,底层 (共9层) | 2013年 | 1室0厅 | 48.17平米 | 东,https://s1.ljcdn.com/pegasus/redskull/images/common/default_house_list.png?_v=2024081414383053
20240819,朝阳,双桥,101121976891,中高楼层 带电梯 无遮挡 看房方便,110万,20063元/平,中楼层 (共19层) | 2009年 | 1室0厅 | 54.83平米 | 西北,https://s1.ljcdn.com/pegasus/redskull/images/common/default_house_list.png?_v=2024081414383053
20240819,朝阳,双桥,101121948410,远洋一方花语苑 车位,17万,4918元/平,地下室 (共11层) | 2008年 | 1室1厅 | 34.57平米 | 南,https://ke-image.ljcdn.com/110000-inspection/a8b00df4-f200-49c1-b3c5-797e99d06374.jpg!m_fill,w_280,h_210,f_jpg?from=ke.com
20240819,朝阳,双桥,101121854395,天泰北双苑南北通透两居室 户型方正 低层下楼方便,358万,40948元/平,低楼层 (共7层) 2室1厅 | 87.43平米 | 南 北,https://s1.ljcdn.com/pegasus/redskull/images/common/default_house_list.png?_v=2024081414383053
20240819,朝阳,双桥,101121010204,远洋一方溪语苑车位 空间独立 私密性强 可安装充电桩,26万,7077元/平,地下室 (共1层) 1室0厅 | 36.74平米 | 北,https://ke-image.ljcdn.com/110000-inspection/a6c1f5758e93560c76dc32c251e924e9-067.jpg!m_fill,w_280,h_210,f_jpg?from=ke.com
20240819,朝阳,双桥,101120589639,远洋一方花语苑 车位,26万,7521元/平,地下室 (共11层) | 2008年 | 1室0厅 | 34.57平米 | 东,https://ke-image.ljcdn.com/110000-inspection/b9b1c997-74fa-426b-ae3d-1fd1dca0e2d5.jpg!m_fill,w_280,h_210,f_jpg?from=ke.com
20240819,朝阳,双桥,101120553148,远洋一方新悦二期 车位,25万,5916元/平,地下室 厅室未知 | 42.26平米 | 南,https://ke-image.ljcdn.com/110000-inspection/c084d764-b560-4d44-8873-40e0be34aa31.jpg!m_fill,w_280,h_210,f_jpg?from=ke.com
20240819,朝阳,双桥,101120510088,金隅可乐 近地铁 楼层好落地窗 采光好 可注册,100万,16670元/平,低楼层 (共19层) | 2009年 | 1室1厅 | 59.99平米 | 西南,https://s1.ljcdn.com/pegasus/redskull/images/common/default_house_list.png?_v=2024081414383053
20240819,朝阳,双桥,101120354657,远洋一方润园2号院 车位出售 带充电桩,20万,6258元/平,地下室 (共15层) 1室0厅 | 31.96平米 | 南,https://ke-image.ljcdn.com/110000-inspection/b2afff7a-4ca2-4040-9b27-91959e89f2a0.jpg!m_fill,w_280,h_210,f_jpg?from=ke.com
20240819,朝阳,双桥,101120236285,金隅可乐 近地铁 楼层好落地窗 采光好 可注册,137万,21100元/平,低楼层 (共19层) | 2009年 | 1室1厅 | 64.93平米 | 南 西南,https://s1.ljcdn.com/pegasus/redskull/images/common/default_house_list.png?_v=2024081414383053
20240819,朝阳,双桥,101119182637,金隅可乐 楼层好 精装修 近地铁 可以注册公司,100万,16754元/平,低楼层 (共19层) | 2009年 | 1室0厅 | 59.69平米 | 西南,https://s1.ljcdn.com/pegasus/redskull/images/common/default_house_list.png?_v=2024081414383053
20240819,朝阳,双桥,101119031586,乐栋300高挑空户型少看房方便。房主自荐,215万,35473元/平,顶层 (共4层) | 2011年 | 2室1厅 | 60.61平米 | 西 北,https://s1.ljcdn.com/pegasus/redskull/images/common/default_house_list.png?_v=2024081414383053
20240819,朝阳,双桥,101112130591,远洋一方溪语苑诚意出售看房方便,30万,8166元/平,地下室 (共1层) | 2013年 | 1室0厅 | 36.74平米 | 南,https://ke-image.ljcdn.com/110000-inspection/bde81713-e441-4e13-81e3-8e3c742fe2d8.jpg!m_fill,w_280,h_210,f_jpg?from=ke.com
20240819,朝阳,双桥,101106704561,地下1层车位位置好配合签约。,25万,6994元/平,地下室 (共1层) | 2013年 | 1室0厅 | 35.75平米 | 南,https://ke-image.ljcdn.com/110000-inspection/4c4e145c-067c-42d5-adfe-8cc8edb23308.jpg!m_fill,w_280,h_210,f_jpg?from=ke.com
