20241029,东城,朝阳门内,101127049217,朝阳门南小街16号楼带电梯南北三居室 满五年唯一必看好房,850万,100000元/平,中楼层 (共10层) 3室1厅 | 85平米 | 南 北,https://ke-image.ljcdn.com/110000-inspection/c709b8f0-5ff1-49dc-86e7-04a1fa6468ba_1000.jpg!m_fill,w_280,h_210,f_jpg?from=ke.com
20241029,东城,朝阳门内,101126984770,东城区 朝阳门内南小街 竹杆胡同 两居室 商品房必看好房,739万,102639元/平,高楼层 (共9层) 2室1厅 | 72平米 | 东 西,https://ke-image.ljcdn.com/110000-inspection/d9d53ff5-985d-4f2f-8cc3-ed78f5cd0d5c_1000.jpg!m_fill,w_280,h_210,f_jpg?from=ke.com
20241029,东城,朝阳门内,101126680478,豆瓣胡同经典南北通透满五唯一低 总价视野好业主诚售必看好房,868万,121620元/平,中楼层 (共14层) 2室1厅 | 71.37平米 | 南 北,https://ke-image.ljcdn.com/110000-inspection/87c591a7-24d9-42a9-8d91-56031d6738f1_1000.jpg!m_fill,w_280,h_210,f_jpg?from=ke.com
20241029,东城,朝阳门内,101126627842,东城区二环内  朝阳门南小街  南北通透  三居室必看好房,850万,99801元/平,中楼层 (共16层) 3室1厅 | 85.17平米 | 南 北,https://ke-image.ljcdn.com/110000-inspection/a52e3374-1314-4cdf-9eef-cd1a471d72eb_1000.jpg!m_fill,w_280,h_210,f_jpg?from=ke.com
20241029,东城,朝阳门内,101126589486,朝阳北门小街 南北通透中间楼层 采光好 前后不临街必看好房,810万,118526元/平,中楼层 (共4层) 2室1厅 | 68.34平米 | 南 北,https://ke-image.ljcdn.com/110000-inspection/7920bebd-c6ca-4c6c-a0e6-74f1cc4a38d4_1000.jpg!m_fill,w_280,h_210,f_jpg?from=ke.com
20241029,东城,朝阳门内,101126964960,豆瓣胡同3号楼优质2居有装修,925万,130209元/平,中楼层 (共10层) 2室1厅 | 71.04平米 | 南,https://ke-image.ljcdn.com/110000-inspection/b4f55ce7-52e3-4664-a8cf-43ec3ef3c39e_1000.jpg!m_fill,w_280,h_210,f_jpg?from=ke.com
20241029,东城,朝阳门内,101126951470,南弓匠营胡同小区产权干净清晰必看好房,599万,115884元/平,中楼层 (共6层) 1室1厅 | 51.69平米 | 南 北,https://ke-image.ljcdn.com/110000-inspection/64f0ea3f-f9a3-4fef-8a2b-9586302daf34_1000.jpg!m_fill,w_280,h_210,f_jpg?from=ke.com
20241029,东城,朝阳门内,101126848153,南门仓胡同 明厨 明卫 无遮挡诚信出售 小区带车位,828万,102692元/平,中楼层 (共6层) 2室1厅 | 80.63平米 | 东 西 北,https://ke-image.ljcdn.com/110000-inspection/dcfa72b5-8ac4-4828-b05d-2ec578c7fe18_1000.jpg!m_fill,w_280,h_210,f_jpg?from=ke.com
20241029,东城,朝阳门内,101126566223,豆瓣胡同胡同旁 仓南12号院 房改房小区南北两居必看好房,599万,99784元/平,中楼层 (共6层) 2室1厅 | 60.03平米 | 南 北,https://ke-image.ljcdn.com/110000-inspection/b1284013-3776-447c-8af4-93b53717e121_1000.jpg!m_fill,w_280,h_210,f_jpg?from=ke.com
20241029,东城,朝阳门内,101126547554,朝阳门南小街 板楼低楼层南北通透两居室必看好房,720万,105743元/平,底层 (共6层) 2室1厅 | 68.09平米 | 南 北,https://ke-image.ljcdn.com/110000-inspection/a3c7abc4-d68c-487e-978f-1f3fa2055074_1000.jpg!m_fill,w_280,h_210,f_jpg?from=ke.com
20241029,东城,朝阳门内,101126260325,有钥匙 随时看房 朝阳门北小街精装修 东南两居室必看好房,735万,102625元/平,顶层 (共6层) 2室1厅 | 71.62平米 | 南 东,https://ke-image.ljcdn.com/110000-inspection/37dd3c96-89ba-4c4d-a4f0-6f5d1e9dd7a2_1000.jpg!m_fill,w_280,h_210,f_jpg?from=ke.com
20241029,东城,朝阳门内,101125824530,朝阳门北小街 东四社区 豆瓣胡同西侧 中间楼层必看好房,868万,106491元/平,中楼层 (共6层) 2室1厅 | 81.51平米 | 东 西,https://ke-image.ljcdn.com/110000-inspection/c6990351-3842-4713-aacb-fc103a590114_1000.jpg!m_fill,w_280,h_210,f_jpg?from=ke.com
20241029,东城,朝阳门内,101125615717,朝阳首 府商品房小区 南北通透全明三居室 满五唯一必看好房,1600万,87246元/平,中楼层 (共11层) 3室1厅 | 183.39平米 | 南 西 北,https://ke-image.ljcdn.com/110000-inspection/240f3db1-39ea-4ce0-b556-c2b450920551_1000.jpg!m_fill,w_280,h_210,f_jpg?from=ke.com
20241029,东城,朝阳门内,101125327062,朝内小区南区芳嘉园胡同南北三居诚意出售视野好必看好房,899万,98607元/平,顶层 (共6层) 3室1厅 | 91.17平米 | 南 北,https://ke-image.ljcdn.com/110000-inspection/da04db3b-6921-4e26-8d25-9e75c35e1fdc_1000.jpg!m_fill,w_280,h_210,f_jpg?from=ke.com
20241029,东城,朝阳门内,101125072850,竹杆胡同西南向两居有电梯格局方正业主诚意出售必看好房,700万,101347元/平,高楼层 (共9层) 2室1厅 | 69.07平米 | 南,https://ke-image.ljcdn.com/110000-inspection/beb5c3c4-9d6a-4b95-a746-3ef4201f2449_1000.jpg!m_fill,w_280,h_210,f_jpg?from=ke.com
20241029,东城,朝阳门内,101124867055,商务部央产新鲜胡同精装一居满五唯一有钥匙随时看必看好房,499万,113513元/平,中楼层 (共5层) 1室1厅 | 43.96平米 | 东 北,https://ke-image.ljcdn.com/110000-inspection/b0d4ce3c-bfcf-4daf-8075-8caa04929c96_1000.jpg!m_fill,w_280,h_210,f_jpg?from=ke.com
20241029,东城,朝阳门内,101124729132,豆瓣胡同西区 集中供暖 中间层 不临街 有公园必看好房,570万,118652元/平,中楼层 (共10层) 1室1厅 | 48.04平米 | 南,https://ke-image.ljcdn.com/110000-inspection/pc1_jH3bwcdh0_2.jpg!m_fill,w_280,h_210,f_jpg?from=ke.com
20241029,东城,朝阳门内,101124603375,朝内南小街 电梯直达2居室  采光充足 视野宽阔必看好房,720万,90373元/平,中楼层 (共9层) | 2003年 | 2室1厅 | 79.67平米 | 西,https://ke-image.ljcdn.com/110000-inspection/fab072c8-18bf-4fe0-85b2-a76f5c5f6b50_1000.jpg!m_fill,w_280,h_210,f_jpg?from=ke.com
20241029,东城,朝阳门内,101124214366,竹杆胡同 带电梯两居室 中间楼层采光好必看好房,695万,101668元/平,中楼层 (共9层) 2室1厅 | 68.36平米 | 东 南,https://ke-image.ljcdn.com/110000-inspection/9f3f6146-0bf9-4a5e-a74c-8fcec3ff750a_1000.jpg!m_fill,w_280,h_210,f_jpg?from=ke.com
20241029,东城,朝阳门内,101123841671,金宝街朝阳门南小街南北通透带电梯两居室视野采光好必看好房,680万,97157元/平,中楼层 (共14层) 2室1厅 | 69.99平米 | 南 北,https://ke-image.ljcdn.com/110000-inspection/b1eac995-e2ac-43c9-b47a-2b74d9cb3e0f_1000.jpg!m_fill,w_280,h_210,f_jpg?from=ke.com
20241029,东城,朝阳门内,101123510922,房本满五年2003年房龄带电梯 一梯两户,938万,97364元/平,高楼层 (共16层) 3室1厅 | 96.34平米 | 南 北,https://ke-image.ljcdn.com/110000-inspection/ef67b91d-fcaa-45dc-bce0-d22e2e16a6ee_1000.jpg!m_fill,w_280,h_210,f_jpg?from=ke.com
20241029,东城,朝阳门内,101123255562,豆瓣小区 正对公园 无遮挡采光好必看好房,899万,125279元/平,底层 (共15层) 2室1厅 | 71.76平米 | 南,https://ke-image.ljcdn.com/110000-inspection/669347dc-f408-4ce3-a783-143ea2426493_1000.jpg!m_fill,w_280,h_210,f_jpg?from=ke.com
20241029,东城,朝阳门内,101122562869,高年级部旁 2003年豆瓣胡同 带电梯朝南一居室必看好房,650万,135643元/平,中楼层 (共12层) 1室1厅 | 47.92平米 | 南,https://ke-image.ljcdn.com/110000-inspection/71d7baf2-ff51-4756-9b96-9add76097bc3_1000.jpg!m_fill,w_280,h_210,f_jpg?from=ke.com
20241029,东城,朝阳门内,101127167008,自住精装从未出租临街不吵好房子。新上,615万,128152元/平,低楼层 (共21层) 1室1厅 | 47.99平米 | 东,https://ke-image.ljcdn.com/110000-inspection/70e896c0-da73-40d1-a22b-21aaa115cb6b_1000.jpg!m_fill,w_280,h_210,f_jpg?from=ke.com
20241029,东城,朝阳门内,101127036937,朝阳门地铁 豆瓣胡同D区 南北通透无遮挡 诚意出售,920万,129033元/平,中楼层 (共21层) 2室1厅 | 71.3平米 | 南 北,https://ke-image.ljcdn.com/110000-inspection/7215a207-6d64-4ea5-9741-e572e066a406_1000.jpg!m_fill,w_280,h_210,f_jpg?from=ke.com
20241029,东城,朝阳门内,101125062933,朝阳门内仓南胡同 板楼明厨明卫40W装修,830万,102495元/平,中楼层 (共7层) 2室1厅 | 80.98平米 | 东 西,https://ke-image.ljcdn.com/110000-inspection/3e6f36b2-0bfc-4535-b688-f067d8cd0d28_1000.jpg!m_fill,w_280,h_210,f_jpg?from=ke.com
20241029,东城,朝阳门内,101124805208,朝阳门南小街 南北通透带电梯 中高楼层 有钥匙必看好房,630万,90700元/平,中楼层 (共10层) | 2004年 | 2室1厅 | 69.46平米 | 南 北,https://ke-image.ljcdn.com/110000-inspection/71c3c564-8b37-4963-937c-6256ed59e878_1000.jpg!m_fill,w_280,h_210,f_jpg?from=ke.com
20241029,东城,朝阳门内,101124201940,总监推荐 豆瓣5号楼 双卧朝南 高层 明厨明卫 电梯直达,939万,124635元/平,中楼层 (共12层) 2室1厅 | 75.34平米 | 南 北,https://ke-image.ljcdn.com/110000-inspection/01c7925e-4731-46b5-b097-b254701340d0_1000.jpg!m_fill,w_280,h_210,f_jpg?from=ke.com
20241029,东城,朝阳门内,101127245369,朝阳门内外交部家属院有物业管理电梯直达。新上,598万,91676元/平,中楼层 (共16层) 1室1厅 | 65.23平米 | 西 北,https://ke-image.ljcdn.com/110000-inspection/df44e49f-bfcb-4b0f-902c-75d8ff384d7e_1000.jpg!m_fill,w_280,h_210,f_jpg?from=ke.com
20241029,东城,朝阳门内,101127171248,南北通透两居室视野开阔无遮挡满五年唯一住宅新上,815万,120242元/平,中楼层 (共7层) 2室1厅 | 67.78平米 | 南 北,https://ke-image.ljcdn.com/110000-inspection/c00c210d-f5a6-4ba1-9b39-9f479a286546_1000.jpg!m_fill,w_280,h_210,f_jpg?from=ke.com
20241029,东城,朝阳门内,101127152033,朝阳北门小街 A区 通透大两居 中间楼层 朝阳门内,900万,110729元/平,中楼层 (共6层) 2室2厅 | 81.28平米 | 东 西,https://ke-image.ljcdn.com/110000-inspection/ef1538c8-c5b6-4392-8dcc-b65cf8846cad_1000.jpg!m_fill,w_280,h_210,f_jpg?from=ke.com
20241029,东城,朝阳门内,101127077814,朝阳门 中间楼层小区户型方交通便利使用率高,860万,109891元/平,低楼层 (共6层) 2室1厅 | 78.26平米 | 东 西,https://ke-image.ljcdn.com/110000-inspection/7122e521-0566-4db3-ab66-576750fe3500_1000.jpg!m_fill,w_280,h_210,f_jpg?from=ke.com
20241029,东城,朝阳门内,101127018351,禄米仓胡同 1室1厅 南 北,700万,125832元/平,顶层 (共4层) 1室1厅 | 55.63平米 | 南 北,https://ke-image.ljcdn.com/110000-inspection/6a844d95-0e8c-4a80-a8bd-dae771e3b49d_1000.jpg!m_fill,w_280,h_210,f_jpg?from=ke.com
20241029,东城,朝阳门内,101126992308,朝南向采光好视野开阔交通便利配套齐全生活方便房主自荐,520万,102021元/平,高楼层 (共6层) 1室1厅 | 50.97平米 | 南,https://ke-image.ljcdn.com/110000-inspection/33078bac-cdc3-4dab-8c72-361d7d793b18_1000.jpg!m_fill,w_280,h_210,f_jpg?from=ke.com
20241029,东城,朝阳门内,101126928813,朝阳门 豆瓣胡同 西区 南北两居 板楼电梯采光充足,928万,130631元/平,中楼层 (共10层) 2室1厅 | 71.04平米 | 南 北,https://ke-image.ljcdn.com/110000-inspection/7cf8bdaf-127e-4f66-89cb-120822d8d7cb_1000.jpg!m_fill,w_280,h_210,f_jpg?from=ke.com
20241029,东城,朝阳门内,101126761304,朝阳首 府三居室 南北通透全明户型 近地铁 超市,1600万,87246元/平,中楼层 (共11层) 3室1厅 | 183.39平米 | 南 西 北,https://ke-image.ljcdn.com/110000-inspection/5cda3c0f-9007-41c8-8b30-547531d7591b_1000.jpg!m_fill,w_280,h_210,f_jpg?from=ke.com
20241029,东城,朝阳门内,101126741734,央行家属楼满五年中间楼层管理好不临街,1275万,116375元/平,中楼层 (共6层) 3室1厅 | 109.56平米 | 南 北,https://ke-image.ljcdn.com/110000-inspection/caf21256-ba29-4434-8bcc-28edfe63d2e6_1000.jpg!m_fill,w_280,h_210,f_jpg?from=ke.com
20241029,东城,朝阳门内,101126736691,仓南胡同12号院 没有遮挡 采光充足 诚意出售,499万,104700元/平,低楼层 (共6层) 1室1厅 | 47.66平米 | 南,https://ke-image.ljcdn.com/110000-inspection/53c62bd2-58ad-4854-b90f-c357bd9496e5_1000.jpg!m_fill,w_280,h_210,f_jpg?from=ke.com
20241029,东城,朝阳门内,101126730290,仓南胡同 2室1厅 东 西,830万,106684元/平,中楼层 (共7层) 2室1厅 | 77.8平米 | 东 西,https://ke-image.ljcdn.com/110000-inspection/09efe33e-30c7-4235-a43f-ff5eddf3da3a_1000.jpg!m_fill,w_280,h_210,f_jpg?from=ke.com
20241029,东城,朝阳门内,101126728525,豆瓣旁仓南胡同小区南北通透两居房主自荐,590万,111049元/平,地下室 (共6层) 2室1厅 | 53.13平米 | 南 北,https://ke-image.ljcdn.com/110000-inspection/e992a0f1-a276-4203-ad16-8686250b829f_1000.jpg!m_fill,w_280,h_210,f_jpg?from=ke.com
20241029,东城,朝阳门内,101126722642,朝阳门金宝街南北通透中层三居无遮挡可停车,900万,105883元/平,中楼层 (共14层) 3室1厅 | 85平米 | 南 北,https://ke-image.ljcdn.com/110000-inspection/3787f63b-11b6-4b13-8bc7-0ed68f65eb37_1000.jpg!m_fill,w_280,h_210,f_jpg?from=ke.com
20241029,东城,朝阳门内,101126691858,大方家胡同南向一居光线好低楼层。,580万,104599元/平,低楼层 (共6层) 1室1厅 | 55.45平米 | 南,https://ke-image.ljcdn.com/110000-inspection/d723d4e4-2904-4fff-be49-98e8d9092d5f_1000.jpg!m_fill,w_280,h_210,f_jpg?from=ke.com
20241029,东城,朝阳门内,101126662399,朝阳门南小街两居室没有大通道诚意出售随时签约,690万,99310元/平,低楼层 (共12层) | 2004年 | 2室1厅 | 69.48平米 | 东 西,https://ke-image.ljcdn.com/110000-inspection/98db8f9c-4806-4582-8557-227482cfd5d5_1000.jpg!m_fill,w_280,h_210,f_jpg?from=ke.com
20241029,东城,朝阳门内,101126641647,仓南胡同14号院  豆瓣胡同 朝阳门 双卫,1170万,102930元/平,底层 (共6层) | 1993年 | 3室2厅 | 113.67平米 | 南 北,https://ke-image.ljcdn.com/110000-inspection/f29b81cb-6c97-4be8-b68c-7b991c8a081c_1000.jpg!m_fill,w_280,h_210,f_jpg?from=ke.com
20241029,东城,朝阳门内,101126605775,仓南胡同12号院 3室1厅 南 北,585万,89423元/平,地下室 (共6层) 3室1厅 | 65.42平米 | 南 北,https://ke-image.ljcdn.com/110000-inspection/3d89fec2-2fcb-4785-9380-6241ad6f9f3b_1000.jpg!m_fill,w_280,h_210,f_jpg?from=ke.com
20241029,东城,朝阳门内,101126603996,南门仓胡同小区商品房满五年中间楼层精装修东西通,750万,109490元/平,中楼层 (共6层) 2室1厅 | 68.5平米 | 东 西,https://ke-image.ljcdn.com/110000-inspection/a8d65e86-6993-4f36-a846-7e57f9f145a1_1000.jpg!m_fill,w_280,h_210,f_jpg?from=ke.com
20241029,东城,朝阳门内,101126508132,朝阳门南小街禄米仓胡同71号院 南北通透三居室,758万,114243元/平,高楼层 (共6层) 3室1厅 | 66.35平米 | 南 北,https://ke-image.ljcdn.com/110000-inspection/dbb3a2b6-637f-4066-b856-9821d60d567f_1000.jpg!m_fill,w_280,h_210,f_jpg?from=ke.com
20241029,东城,朝阳门内,101126480733,二环内朝阳门2003年电梯房精装朝南两居室房主自荐,710万,92908元/平,低楼层 (共16层) 2室1厅 | 76.42平米 | 南 北,https://ke-image.ljcdn.com/110000-inspection/5be94494-1148-41c1-982f-11123fdbaee5_1000.jpg!m_fill,w_280,h_210,f_jpg?from=ke.com
20241029,东城,朝阳门内,101126474950,东城东水井胡同南北三居室诚意出售房主自荐,790万,88526元/平,低楼层 (共15层) | 2005年 | 3室1厅 | 89.24平米 | 南 北,https://ke-image.ljcdn.com/110000-inspection/7ba34bd1-a933-4b64-b4b3-06b659ab94a4_1000.jpg!m_fill,w_280,h_210,f_jpg?from=ke.com
20241029,东城,朝阳门内,101126416030,东四SHI 家A区 低楼层 商品房 满五年唯一,820万,101889元/平,底层 (共6层) 2室1厅 | 80.48平米 | 东 西,https://ke-image.ljcdn.com/110000-inspection/2a6df745-0276-4d07-98d9-2d4d33f7837b_1000.jpg!m_fill,w_280,h_210,f_jpg?from=ke.com
20241029,东城,朝阳门内,101126303492,朝阳门内大街层高3米诚意出售随时签约,1050万,95006元/平,中楼层 (共5层) 3室2厅 | 110.52平米 | 东 西,https://ke-image.ljcdn.com/110000-inspection/e0971df8-7551-4928-8785-a8c858350f73_1000.jpg!m_fill,w_280,h_210,f_jpg?from=ke.com
20241029,东城,朝阳门内,101126158163,芳嘉园胡同全南向大一居采光视线好房主自荐,520万,93157元/平,顶层 (共6层) 1室1厅 | 55.82平米 | 南,https://ke-image.ljcdn.com/110000-inspection/d23bff76-3d7c-4a6e-ae12-01f685ed4473_1000.jpg!m_fill,w_280,h_210,f_jpg?from=ke.com
20241029,东城,朝阳门内,101126147916,东城区 朝阳门内大街 全南两居室,599万,87446元/平,中楼层 (共5层) 3室1厅 | 68.5平米 | 南,https://ke-image.ljcdn.com/110000-inspection/1add68bc-057d-4d34-9141-5aed13df9df6_1000.jpg!m_fill,w_280,h_210,f_jpg?from=ke.com
20241029,东城,朝阳门内,101126054400,南弓匠营胡同 2室1厅 东 西,996万,123329元/平,中楼层 (共6层) 2室1厅 | 80.76平米 | 东 西,https://ke-image.ljcdn.com/110000-inspection/06f93aa0-e9c0-46ae-a31f-3e82728fb2c8_1000.jpg!m_fill,w_280,h_210,f_jpg?from=ke.com
20241029,东城,朝阳门内,101126002288,优质三居室南北通透阳三台小区环境好,1170万,123379元/平,中楼层 (共6层) 3室1厅 | 94.83平米 | 南 北,https://ke-image.ljcdn.com/110000-inspection/4767efc3-e35e-4d9b-b415-430aea2cd83c_1000.jpg!m_fill,w_280,h_210,f_jpg?from=ke.com
20241029,东城,朝阳门内,101125946768,南弓匠营胡同2003年小区南北向2居中间层,848万,122032元/平,中楼层 (共5层) 2室1厅 | 69.49平米 | 南 北,https://ke-image.ljcdn.com/110000-inspection/274efdc1-dca3-4726-b04b-86ff43f5308d_1000.jpg!m_fill,w_280,h_210,f_jpg?from=ke.com
20241029,东城,朝阳门内,101125931349,豆瓣胡同无抵押没有占用满五唯一博洛尼装修,930万,130307元/平,底层 (共14层) 2室1厅 | 71.37平米 | 南 北,https://ke-image.ljcdn.com/110000-inspection/0d95efc8-97f8-40b4-95ee-b7037611e45e_1000.jpg!m_fill,w_280,h_210,f_jpg?from=ke.com
20241029,东城,朝阳门内,101125821954,朝内小区南竹杆胡同南北3居采光好楼层好停车方便房主自荐,1028万,114515元/平,低楼层 (共6层) 3室1厅 | 89.77平米 | 南 北,https://ke-image.ljcdn.com/110000-inspection/70ba8210-8ff4-43fa-ae70-02f73a711bbd_1000.jpg!m_fill,w_280,h_210,f_jpg?from=ke.com
20241029,东城,朝阳门内,101125771758,仓南胡同14号院 南北通透把边3居 户型好 采光好,1080万,110713元/平,高楼层 (共6层) 3室1厅 | 97.55平米 | 东 南 北,https://ke-image.ljcdn.com/110000-inspection/cd93f66f-0ff7-40be-bcfa-6d3d92ca8452_1000.jpg!m_fill,w_280,h_210,f_jpg?from=ke.com
20241029,东城,朝阳门内,101125730363,朝阳门内 带电梯东南两居格局方正精美装修,749万,108441元/平,中楼层 (共9层) 2室1厅 | 69.07平米 | 东南,https://ke-image.ljcdn.com/110000-inspection/48d509ae-aa8d-4111-8dc6-7707bba2f689_1000.jpg!m_fill,w_280,h_210,f_jpg?from=ke.com
20241029,东城,朝阳门内,101125658378,朝阳门南小街16号 南北通透 前后无遮挡,710万,101444元/平,中楼层 (共10层) 2室1厅 | 69.99平米 | 南 北,https://ke-image.ljcdn.com/110000-inspection/35661249-9ac7-4b34-a241-6a975d919a59_1000.jpg!m_fill,w_280,h_210,f_jpg?from=ke.com
20241029,东城,朝阳门内,101125601287,东城区朝阳门北小街A区板楼中间层带1个车位房主自荐,949万,116058元/平,中楼层 (共6层) 2室1厅 | 81.77平米 | 西 东,https://ke-image.ljcdn.com/110000-inspection/dc3cec7a-1c9c-4ac6-853a-b8eade7cbd18_1000.jpg!m_fill,w_280,h_210,f_jpg?from=ke.com
20241029,东城,朝阳门内,101125593552,东四十条甲34号院   东北向   精装修 近地铁,590万,110198元/平,中楼层 (共7层) 2室1厅 | 53.54平米 | 西北,https://ke-image.ljcdn.com/110000-inspection/pc1_nNg0djlft_1.jpg!m_fill,w_280,h_210,f_jpg?from=ke.com
20241029,东城,朝阳门内,101125583546,二环内 小区安静 人员素质高 带车位 精装修三居室,1380万,124549元/平,中楼层 (共5层) 3室1厅 | 110.8平米 | 东 西 北,https://ke-image.ljcdn.com/110000-inspection/7456913d-cb5b-45c0-80ea-7a8349ecf8e4_1000.jpg!m_fill,w_280,h_210,f_jpg?from=ke.com
20241029,东城,朝阳门内,101125558908,新鲜 南北两居 大客厅 落地窗 采光很好 诚意出售房主自荐,668万,92933元/平,顶层 (共6层) 2室1厅 | 71.88平米 | 南 北,https://ke-image.ljcdn.com/110000-inspection/cd97dd04-a458-4000-a587-58bf8fdd6bbd_1000.jpg!m_fill,w_280,h_210,f_jpg?from=ke.com
20241029,东城,朝阳门内,101125483094,南弓匠营胡同 2室1厅 东 西,860万,106886元/平,高楼层 (共6层) 2室1厅 | 80.46平米 | 东 西,https://ke-image.ljcdn.com/110000-inspection/5fa5d032-1971-43cc-ad82-231159194220_1000.jpg!m_fill,w_280,h_210,f_jpg?from=ke.com
20241029,东城,朝阳门内,101125448487,朝阳门地铁 后芳嘉园胡同 采光好中间楼层方便停车房主自荐,550万,109084元/平,中楼层 (共6层) 1室1厅 | 50.42平米 | 西,https://ke-image.ljcdn.com/110000-inspection/23e9e34b-4dda-41d6-be75-c46734cb1050_1000.jpg!m_fill,w_280,h_210,f_jpg?from=ke.com
20241029,东城,朝阳门内,101125383000,后芳嘉园胡同  此房商品房朝南一居室高楼层采,539万,106903元/平,高楼层 (共6层) 1室1厅 | 50.42平米 | 南,https://ke-image.ljcdn.com/110000-inspection/9acce040-4002-4435-9a08-90082385f90b_1000.jpg!m_fill,w_280,h_210,f_jpg?from=ke.com
20241029,东城,朝阳门内,101125376077,东四危改小区A区南弓匠营胡同南北通透！精装修,638万,123692元/平,底层 (共6层) 1室1厅 | 51.58平米 | 南 北,https://ke-image.ljcdn.com/110000-inspection/pc1_QODlPP3GU_2.jpg!m_fill,w_280,h_210,f_jpg?from=ke.com
20241029,东城,朝阳门内,101125294467,朝阳门南北通透3居配套成熟看房随时,750万,92753元/平,顶层 (共6层) 3室1厅 | 80.86平米 | 南 北,https://ke-image.ljcdn.com/110000-inspection/64efd77d-8a76-4939-9a21-1d11d3432d11_1000.jpg!m_fill,w_280,h_210,f_jpg?from=ke.com
20241029,东城,朝阳门内,101125186608,朝内大街 林业局央产大院 管理好 东西向大两居房主自荐,698万,96905元/平,底层 (共7层) 2室1厅 | 72.03平米 | 东 西,https://ke-image.ljcdn.com/110000-inspection/0afd8b28-ae3d-4585-b764-9fda037fe4cf_1000.jpg!m_fill,w_280,h_210,f_jpg?from=ke.com
20241029,东城,朝阳门内,101125090292,大方家胡同 格局不错不临街低楼层适合老人孩子,499万,97385元/平,底层 (共6层) 2室1厅 | 51.24平米 | 东 西,https://ke-image.ljcdn.com/110000-inspection/ac24ff2e-b12f-4159-9f1e-773260e7ce92_1000.jpg!m_fill,w_280,h_210,f_jpg?from=ke.com
20241029,东城,朝阳门内,101125051412,大方家胡同一梯两户一手业主诚意出售房主自荐,705万,92254元/平,底层 (共16层) 2室1厅 | 76.42平米 | 南 北,https://ke-image.ljcdn.com/110000-inspection/4e15bd61-d915-4751-8c64-030897a6cae1_1000.jpg!m_fill,w_280,h_210,f_jpg?from=ke.com
20241029,东城,朝阳门内,101124989796,东四小区朝阳门小街南门仓胡同 满五年唯一拎包入住,688万,103381元/平,中楼层 (共6层) 1室1厅 | 66.55平米 | 东 南 北,https://ke-image.ljcdn.com/110000-inspection/236056ac-01f9-46f2-b67d-c4dd6d8ccf2b_1000.jpg!m_fill,w_280,h_210,f_jpg?from=ke.com
20241029,东城,朝阳门内,101124969632,东城区 朝阳门南小街 平层电梯 东西通透  两居室,719万,96446元/平,高楼层 (共9层) | 2003年 | 2室1厅 | 74.55平米 | 东 西,https://ke-image.ljcdn.com/110000-inspection/fe348516-e54f-406d-87a7-3a806f0f3406_1000.jpg!m_fill,w_280,h_210,f_jpg?from=ke.com
20241029,东城,朝阳门内,101124917126,东四十条甲34号院  有停车位 南北通透,598万,102450元/平,中楼层 (共7层) 2室1厅 | 58.37平米 | 南 北,https://ke-image.ljcdn.com/110000-inspection/5af036a7-d034-4dac-b543-6dcc4251065b_1000.jpg!m_fill,w_280,h_210,f_jpg?from=ke.com
20241029,东城,朝阳门内,101124908842,仓南14号院 西南向一居 业主诚心出售 不临街安静,456万,101109元/平,底层 (共6层) 1室1厅 | 45.1平米 | 西南,https://ke-image.ljcdn.com/110000-inspection/17ef2597-8e7b-4402-8807-b7dc3fe02f9d_1000.jpg!m_fill,w_280,h_210,f_jpg?from=ke.com
20241029,东城,朝阳门内,101124875209,豆瓣胡同 1室1厅 南,700万,145712元/平,底层 (共10层) 1室1厅 | 48.04平米 | 南,https://ke-image.ljcdn.com/110000-inspection/5cb27c30-e907-46ff-8b9f-f8fbeca57a3a_1000.jpg!m_fill,w_280,h_210,f_jpg?from=ke.com
20241029,东城,朝阳门内,101124871442,北竹杆胡同两居室商品房视野好,518万,76110元/平,顶层 (共6层) 2室1厅 | 68.06平米 | 东 西,https://ke-image.ljcdn.com/110000-inspection/9bccc7f9-2a87-4cec-af3b-2a57ff0a06f1_1000.jpg!m_fill,w_280,h_210,f_jpg?from=ke.com
20241029,东城,朝阳门内,101124852409,仓南胡同小区 南北两居 全明格局 小区已做改造,670万,109157元/平,高楼层 (共6层) 2室1厅 | 61.38平米 | 东 南 北,https://ke-image.ljcdn.com/110000-inspection/a1309ac3-a8ec-4334-a4cf-394db1a52cb3_1000.jpg!m_fill,w_280,h_210,f_jpg?from=ke.com
20241029,东城,朝阳门内,101124815681,朝阳首府高层无遮挡视野开阔业主诚意出售,1830万,99788元/平,顶层 (共11层) 3室1厅 | 183.39平米 | 南 北,https://ke-image.ljcdn.com/110000-inspection/923eaee1-dc59-47d7-99e4-9a637a992a45_1000.jpg!m_fill,w_280,h_210,f_jpg?from=ke.com
20241029,东城,朝阳门内,101124763308,央产房社区 三阳开泰四居室 临朝阳门双地铁,1850万,144917元/平,低楼层 (共6层) 4室1厅 | 127.66平米 | 南 北,https://ke-image.ljcdn.com/110000-inspection/82eaf7a6-452f-4406-8daf-80114c20b2e4_1000.jpg!m_fill,w_280,h_210,f_jpg?from=ke.com
20241029,东城,朝阳门内,101124666461,朝阳门南小街 2室1厅 南 西房主自荐,650万,99924元/平,低楼层 (共11层) 2室1厅 | 65.05平米 | 南 西,https://ke-image.ljcdn.com/110000-inspection/c3951fe8-4774-41c6-80de-134da9d98046_1000.jpg!m_fill,w_280,h_210,f_jpg?from=ke.com
20241029,东城,朝阳门内,101124649281,仓南胡同14号院  南向总 价低一居  满五唯 一,360万,88474元/平,地下室 (共6层) 1室1厅 | 40.69平米 | 南,https://ke-image.ljcdn.com/110000-inspection/70d16979-c11d-43fa-b186-f0fc9e3e0d1b_1000.jpg!m_fill,w_280,h_210,f_jpg?from=ke.com
20241029,东城,朝阳门内,101124614574,仓南胡同14号院 2室1厅 南 北,730万,101728元/平,底层 (共6层) 2室1厅 | 71.76平米 | 南 北,https://ke-image.ljcdn.com/110000-inspection/102b359a-40ef-4ea3-af32-c2743225214e_1000.jpg!m_fill,w_280,h_210,f_jpg?from=ke.com
20241029,东城,朝阳门内,101124588637,竹杆胡同 3室2厅 东 西,930万,95897元/平,中楼层 (共16层) 3室2厅 | 96.98平米 | 东 西,https://ke-image.ljcdn.com/110000-inspection/pc1_gzzmsmzU9_1.jpg!m_fill,w_280,h_210,f_jpg?from=ke.com
20241029,东城,朝阳门内,101124583072,西水井胡同 明厨明卫户型南北板楼2居室房主自荐,720万,104896元/平,顶层 (共6层) 2室1厅 | 68.64平米 | 南 北 西,https://ke-image.ljcdn.com/110000-inspection/cbd8788f-b811-40e3-bf9b-6bf7023fa5f2_1000.jpg!m_fill,w_280,h_210,f_jpg?from=ke.com
20241029,东城,朝阳门内,101124433720,仓南胡同14号院 豆瓣胡同旁 朝阳门 平层三居,850万,105682元/平,高楼层 (共6层) 3室1厅 | 80.43平米 | 南 西 北,https://ke-image.ljcdn.com/110000-inspection/ac813c17-9a96-4c1c-812f-041ead81bc88_1000.jpg!m_fill,w_280,h_210,f_jpg?from=ke.com
20241029,东城,朝阳门内,101124311027,禄米仓胡同71号院满五唯一南北通透房主自荐,750万,113037元/平,高楼层 (共6层) 3室1厅 | 66.35平米 | 南 北,https://ke-image.ljcdn.com/110000-inspection/9736f280-f551-41b8-860a-7a3adda04853_1000.jpg!m_fill,w_280,h_210,f_jpg?from=ke.com
20241029,东城,朝阳门内,101124264358,朝阳门南小街 西向两居室 电梯直达,790万,99160元/平,中楼层 (共9层) | 2003年 | 2室1厅 | 79.67平米 | 西,https://ke-image.ljcdn.com/110000-inspection/pc1_yElCG7zOi_1.jpg!m_fill,w_280,h_210,f_jpg?from=ke.com
20241029,东城,朝阳门内,101124241032,东单 协和 金宝街 平层电梯直达 朝南向两居室,775万,96490元/平,低楼层 (共11层) | 2004年 | 2室1厅 | 80.32平米 | 南,https://ke-image.ljcdn.com/110000-inspection/d7823811-f290-4ae9-b210-46879775abe4_1000.jpg!m_fill,w_280,h_210,f_jpg?from=ke.com
20241029,东城,朝阳门内,101124238107,中间楼层 满五年 南北通透  视野宽阔房主自荐,766万,113684元/平,中楼层 (共6层) 2室1厅 | 67.38平米 | 南 北,https://ke-image.ljcdn.com/110000-inspection/156d2af6-61e3-4a2f-bcd1-8b68ec488c69_1000.jpg!m_fill,w_280,h_210,f_jpg?from=ke.com
20241029,东城,朝阳门内,101124133519,烧酒胡同3号院 3室1厅 南 北,1230万,120459元/平,中楼层 (共6层) 3室1厅 | 102.11平米 | 南 北,https://ke-image.ljcdn.com/110000-inspection/9f1565fe-0e44-4ea7-a39b-7b43fc0311c9_1000.jpg!m_fill,w_280,h_210,f_jpg?from=ke.com
20241029,东城,朝阳门内,101124102518,大方家胡同 采光视野好 精装修,550万,107339元/平,高楼层 (共6层) 2室1厅 | 51.24平米 | 东 西,https://ke-image.ljcdn.com/110000-inspection/850917c7-5c8d-4462-8378-147172a25557_1000.jpg!m_fill,w_280,h_210,f_jpg?from=ke.com
20241029,东城,朝阳门内,101124082091,豆瓣胡同 高层西南两居 视野采光好  电梯直达,899万,129633元/平,顶层 (共21层) 2室1厅 | 69.35平米 | 西南,https://ke-image.ljcdn.com/110000-inspection/1bb31f8d-8ad2-4525-ae0b-148f5baa8228_1000.jpg!m_fill,w_280,h_210,f_jpg?from=ke.com
20241029,东城,朝阳门内,101123960684,朝阳门内 竹杆胡同 南北 两居室 满五年唯一住房,809万,112175元/平,底层 (共6层) 2室1厅 | 72.12平米 | 南 北,https://ke-image.ljcdn.com/110000-inspection/4ef92a87-7d67-4df7-a498-66a31d194bc6_1000.jpg!m_fill,w_280,h_210,f_jpg?from=ke.com
20241029,东城,朝阳门内,101123937145,小雅宝胡同 1室0厅 南,188万,264789元/平,底层 (共1层) 1室0厅 | 7.1平米 | 南,https://ke-image.ljcdn.com/110000-inspection/109405b0-69bf-4101-82a5-a1f02f8fa967_1000.jpg!m_fill,w_280,h_210,f_jpg?from=ke.com
20241029,东城,朝阳门内,101123877027,豆瓣胡同 南北两居 商品房  满五唯一 无遮挡 诚意出售,829万,117041元/平,底层 (共10层) 2室1厅 | 70.83平米 | 南 北,https://ke-image.ljcdn.com/110000-inspection/e39a6a4d-3476-421d-a9f2-a27e951b2419_1000.jpg!m_fill,w_280,h_210,f_jpg?from=ke.com
20241029,东城,朝阳门内,101123838485,朝内南小街 全南两居室落地窗 满五年唯一 高层有电梯房主自荐,880万,108952元/平,中楼层 (共14层) 2室1厅 | 80.77平米 | 南,https://ke-image.ljcdn.com/110000-inspection/4077b256-6079-4235-848c-bf27111eddef_1000.jpg!m_fill,w_280,h_210,f_jpg?from=ke.com
20241029,东城,朝阳门内,101123837505,朝阳门南小街 1室1厅 西,680万,117974元/平,中楼层 (共9层) | 2004年 | 1室1厅 | 57.64平米 | 西,https://ke-image.ljcdn.com/110000-inspection/2adca1df-0c47-49fe-a09f-75e84cdcb7f8_1000.jpg!m_fill,w_280,h_210,f_jpg?from=ke.com
20241029,东城,朝阳门内,101123749463,朝内 北竹竿胡同 南北板楼2居室,758万,105132元/平,底层 (共4层) 2室1厅 | 72.1平米 | 南 北,https://ke-image.ljcdn.com/110000-inspection/pc1_cnQqpkUI8_1.jpg!m_fill,w_280,h_210,f_jpg?from=ke.com
20241029,东城,朝阳门内,101123678289,豆瓣胡同 南北2居 平层电梯 中间楼层 满五年唯一住房,910万,127505元/平,中楼层 (共14层) 2室1厅 | 71.37平米 | 南 北,https://ke-image.ljcdn.com/110000-inspection/2a29d936-22b8-4876-9853-673586799fd3_1000.jpg!m_fill,w_280,h_210,f_jpg?from=ke.com
20241029,东城,朝阳门内,101123555169,总监推荐 电梯直达全南正对小公园视野采光好房主自荐,899万,125279元/平,低楼层 (共15层) 2室1厅 | 71.76平米 | 南 东南,https://ke-image.ljcdn.com/110000-inspection/354f2a2a-20e2-4b5e-908c-434e4868113e_1000.jpg!m_fill,w_280,h_210,f_jpg?from=ke.com
20241029,东城,朝阳门内,101123405024,仓南胡同14号院南向一居室采光好无遮挡,570万,144049元/平,底层 (共6层) | 1994年 | 1室1厅 | 39.57平米 | 南,https://ke-image.ljcdn.com/110000-inspection/919013a7-0eaf-46fa-bc4c-2e1bc4f7f3f0_1000.jpg!m_fill,w_280,h_210,f_jpg?from=ke.com
20241029,东城,朝阳门内,101123394612,大方家胡同 2室1厅 南 北,709万,92850元/平,低楼层 (共16层) 2室1厅 | 76.36平米 | 南 北,https://ke-image.ljcdn.com/110000-inspection/dac0949c-f8cd-4007-81b3-df73e2641eea_1000.jpg!m_fill,w_280,h_210,f_jpg?from=ke.com
20241029,东城,朝阳门内,101123380859,总监推荐 豆瓣 高层全南一居 满五唯一  视野采光好,700万,145712元/平,中楼层 (共10层) 1室1厅 | 48.04平米 | 南,https://ke-image.ljcdn.com/110000-inspection/a52929d6-d330-4f52-8cec-ce9cb388b0e5_1000.jpg!m_fill,w_280,h_210,f_jpg?from=ke.com
20241029,东城,朝阳门内,101123365120,十一期间可看本房附近低总一居,410万,96607元/平,顶层 (共6层) 1室1厅 | 42.44平米 | 南,https://ke-image.ljcdn.com/110000-inspection/5d55731e-9cac-4ae8-a8d2-78e6f3fbf2bd_1000.jpg!m_fill,w_280,h_210,f_jpg?from=ke.com
20241029,东城,朝阳门内,101123342785,东城武学胡同看房方便随时签约,280万,337350元/平,底层 (共1层) 1室0厅 | 8.3平米 | 西,https://ke-image.ljcdn.com/110000-inspection/pc1_FqJwPjQKZ_1.jpg!m_fill,w_280,h_210,f_jpg?from=ke.com
20241029,东城,朝阳门内,101123334521,竹杆胡同 2室1厅 南 北,648万,108199元/平,底层 (共6层) 2室1厅 | 59.89平米 | 南 北,https://ke-image.ljcdn.com/110000-inspection/2ffd5df0-a8d3-4382-9637-7e46d05e5e67_1000.jpg!m_fill,w_280,h_210,f_jpg?from=ke.com
20241029,东城,朝阳门内,101123221993,东二环内 朝阳首 府 高层精装两居室 采光视野好,915万,104381元/平,高楼层 (共15层) 2室1厅 | 87.66平米 | 西,https://ke-image.ljcdn.com/110000-inspection/8056a172-4213-4419-b97e-f7a194463b09_1000.jpg!m_fill,w_280,h_210,f_jpg?from=ke.com
20241029,东城,朝阳门内,101123200354,朝阳门内  户型方正24小时热水 管理好 外交部家属院,1580万,115194元/平,顶层 (共6层) 3室2厅 | 137.16平米 | 南 北,https://ke-image.ljcdn.com/110000-inspection/0906d247-b1d1-4789-9174-b438f323d7f5_1000.jpg!m_fill,w_280,h_210,f_jpg?from=ke.com
20241029,东城,朝阳门内,101123184003,协和  东四  朝阳门内大街小区房主自荐,588万,105870元/平,顶层 (共6层) 2室1厅 | 55.54平米 | 南 北,https://ke-image.ljcdn.com/110000-inspection/0dac5de9-f108-4f92-9e73-081ba05e9d4a_1000.jpg!m_fill,w_280,h_210,f_jpg?from=ke.com
20241029,东城,朝阳门内,101123115431,总监推荐竹杆胡同 无遮挡 视野好 诚意出售,760万,104612元/平,中楼层 (共9层) 2室1厅 | 72.65平米 | 东 西,https://ke-image.ljcdn.com/110000-inspection/7f6eec7c-4df1-484f-86a2-b3ed87a976e5_1000.jpg!m_fill,w_280,h_210,f_jpg?from=ke.com
20241029,东城,朝阳门内,101123054416,仓南胡同小区 诚意出售 随时签约房主自荐,860万,104319元/平,底层 (共4层) 2室1厅 | 82.44平米 | 东 南 西,https://ke-image.ljcdn.com/110000-inspection/662426c7-eca7-4f7e-8e3e-f144735fbebc_1000.jpg!m_fill,w_280,h_210,f_jpg?from=ke.com
20241029,东城,朝阳门内,101123033705,禄米仓东巷 1室1厅 南,258万,257229元/平,底层 (共1层) 1室1厅 | 10.03平米 | 南,https://ke-image.ljcdn.com/110000-inspection/pc1_URNvpsIZB_1.jpg!m_fill,w_280,h_210,f_jpg?from=ke.com
20241029,东城,朝阳门内,101122997031,竹杆胡同经典三居室户型通透格局看房方便房主自荐,835万,91118元/平,底层 (共16层) 3室1厅 | 91.64平米 | 东 西,https://ke-image.ljcdn.com/110000-inspection/508e8ab9-18f2-4601-918e-738eacce80c0_1000.jpg!m_fill,w_280,h_210,f_jpg?from=ke.com
20241029,东城,朝阳门内,101122780320,朝阳门 西水井胡同 南北通透 精装修 带电梯 三居室,1060万,110062元/平,中楼层 (共16层) 3室1厅 | 96.31平米 | 南 北,https://ke-image.ljcdn.com/110000-inspection/6fa5d500-ae96-4682-a9cc-23df4e6bb512_1000.jpg!m_fill,w_280,h_210,f_jpg?from=ke.com
20241029,东城,朝阳门内,101122661140,大方 南北两居室 有电梯 满五唯一 南北大窗户 不遮挡房主自荐,799万,104390元/平,高楼层 (共16层) 2室1厅 | 76.54平米 | 南 北,https://ke-image.ljcdn.com/110000-inspection/22cca917-aeb4-49b2-b58b-9f396c35f4ba_1000.jpg!m_fill,w_280,h_210,f_jpg?from=ke.com
20241029,东城,朝阳门内,101122522321,大雅宝胡同 1室0厅 西,220万,176000元/平,底层 (共1层) | 2020年 | 1室0厅 | 12.5平米 | 西,https://ke-image.ljcdn.com/110000-inspection/919ba7ab-8ddc-4245-a3eb-633d0ebb5e27_1000.jpg!m_fill,w_280,h_210,f_jpg?from=ke.com
20241029,东城,朝阳门内,101122275563,南北通透全明3居室 化纤单位 人员素质高 小区改造完成,880万,108817元/平,高楼层 (共6层) 3室1厅 | 80.87平米 | 南 北 西,https://ke-image.ljcdn.com/110000-inspection/pc1_greMlZqR6_2.jpg!m_fill,w_280,h_210,f_jpg?from=ke.com
20241029,东城,朝阳门内,101122032155,朝阳门南小街16号楼次顶层南北三居室有钥匙看房方便,1120万,131765元/平,高楼层 (共10层) | 2003年 | 3室1厅 | 85平米 | 南 北,https://ke-image.ljcdn.com/110000-inspection/4a4d1444-6beb-4971-a8ce-03b81df89ca0_1000.jpg!m_fill,w_280,h_210,f_jpg?from=ke.com
20241029,东城,朝阳门内,101121981874,豆瓣胡同 精装东向无遮挡两居室,899万,126549元/平,中楼层 (共10层) 2室1厅 | 71.04平米 | 东 南,https://ke-image.ljcdn.com/110000-inspection/3c8d112e-7913-4615-83c4-d585b043ff1b_1000.jpg!m_fill,w_280,h_210,f_jpg?from=ke.com
20241029,东城,朝阳门内,101121947887,竹杆胡同 南北通透 三居室 满五年 家庭一住房,970万,107301元/平,高楼层 (共6层) | 2005年 | 3室1厅 | 90.4平米 | 南 北,https://ke-image.ljcdn.com/110000-inspection/2794f9a4-6781-4b46-84e5-85d7cde87c46_1000.jpg!m_fill,w_280,h_210,f_jpg?from=ke.com
20241029,东城,朝阳门内,101121849282,朝阳首府 3室1厅 西南,1900万,111008元/平,中楼层 (共11层) 3室1厅 | 171.16平米 | 西南,https://ke-image.ljcdn.com/110000-inspection/870fa330-cf10-4362-82fd-a77a143f1dcb_1000.jpg!m_fill,w_280,h_210,f_jpg?from=ke.com
20241029,东城,朝阳门内,101121277850,朝阳门  南北通透两居室 带电梯楼层高 视野好,748万,100565元/平,高楼层 (共15层) 2室1厅 | 74.38平米 | 南 北,https://ke-image.ljcdn.com/110000-inspection/pc1_jsWiktwl6.jpg!m_fill,w_280,h_210,f_jpg?from=ke.com
20241029,东城,朝阳门内,101121171040,武学胡同西向没有遮挡随时可以交易,390万,176471元/平,底层 (共1层) 1室0厅 | 22.1平米 | 东,https://ke-image.ljcdn.com/110000-inspection/bbdabecf-fbf8-4941-8727-95dda83f118e_1000.jpg!m_fill,w_280,h_210,f_jpg?from=ke.com
20241029,东城,朝阳门内,101121148966,武学胡同 1室0厅 东,330万,157895元/平,底层 (共1层) 1室0厅 | 20.9平米 | 东,https://ke-image.ljcdn.com/110000-inspection/d02f3f3d-8e7a-4cd2-83a2-ef3c40070bea_1000.jpg!m_fill,w_280,h_210,f_jpg?from=ke.com
20241029,东城,朝阳门内,101121022100,芳嘉园胡同 南北2居室满五唯一住房,780万,106894元/平,底层 (共6层) 2室1厅 | 72.97平米 | 南 北,https://ke-image.ljcdn.com/110000-inspection/69e2f327-9d7e-4e24-b61e-477b88eef1c5_1000.jpg!m_fill,w_280,h_210,f_jpg?from=ke.com
20241029,东城,朝阳门内,101120998518,仓南胡同12号院 西边套采光好适合人口多的家庭,550万,103520元/平,地下室 (共6层) 2室1厅 | 53.13平米 | 南 北,https://ke-image.ljcdn.com/110000-inspection/6befdd3a-3f46-4b12-b415-6149291f049b_1000.jpg!m_fill,w_280,h_210,f_jpg?from=ke.com
20241029,东城,朝阳门内,101120302403,仓南胡同14号院 南北两居室 诚心出售 看房方便,720万,101984元/平,底层 (共6层) 2室1厅 | 70.6平米 | 南 北,https://ke-image.ljcdn.com/110000-inspection/pc1_HhzI3YyLs_1.jpg!m_fill,w_280,h_210,f_jpg?from=ke.com
20241029,东城,朝阳门内,101119978880,南匠营南北2居诚意出售随时签约,868万,128156元/平,底层 (共6层) 2室1厅 | 67.73平米 | 南 北,https://ke-image.ljcdn.com/110000-inspection/0e8aafa7-4070-4f14-83a2-5c6e8518fe7a_1000.jpg!m_fill,w_280,h_210,f_jpg?from=ke.com
20241029,东城,朝阳门内,101119906322,朝阳门内大街 东西通透三面采光两居室,620万,90525元/平,中楼层 (共5层) 2室1厅 | 68.49平米 | 东 西 北,https://ke-image.ljcdn.com/110000-inspection/666611f0-1c01-495f-b1ce-c36c03a18e84_1000.jpg!m_fill,w_280,h_210,f_jpg?from=ke.com
20241029,东城,朝阳门内,101119798458,北竹杆胡同 双南两居室 精装修  拎包住,766万,99844元/平,顶层 (共4层) 2室1厅 | 76.72平米 | 南,https://ke-image.ljcdn.com/110000-inspection/6b982acb-590c-453e-b866-d6e12940f5c3_1000.jpg!m_fill,w_280,h_210,f_jpg?from=ke.com
20241029,东城,朝阳门内,101119577094,东四危改小区A区板楼洋房 东西通透两居中间层满五唯一房主自荐,958万,118506元/平,中楼层 (共6层) 2室1厅 | 80.84平米 | 东 西,https://ke-image.ljcdn.com/110000-inspection/ecf336d0-991d-413c-98eb-cbba28550d83_1000.jpg!m_fill,w_280,h_210,f_jpg?from=ke.com
20241029,东城,朝阳门内,101119445703,禄米仓东巷20号东巷老北京胡同,255万,263703元/平,底层 (共1层) 1室0厅 | 9.67平米 | 南,https://ke-image.ljcdn.com/110000-inspection/7fe2bd7b-7694-4ea6-bfc7-620024d21887_1000.jpg!m_fill,w_280,h_210,f_jpg?from=ke.com
20241029,东城,朝阳门内,101119379236,朝阳门北小街 东西2居 明厨明卫 诚心出售,700万,143473元/平,顶层 (共4层) 2室1厅 | 48.79平米 | 东 西,https://ke-image.ljcdn.com/110000-inspection/11099045-7b52-4dbb-ba01-f0cce4b0f4b6_1000.jpg!m_fill,w_280,h_210,f_jpg?from=ke.com
20241029,东城,朝阳门内,101118276826,近80平大两居  带固定车位 采光好 楼间距大板楼房主自荐,871万,109629元/平,底层 (共6层) 2室1厅 | 79.45平米 | 东 西,https://ke-image.ljcdn.com/110000-inspection/406bf9ff-8b28-49bc-ae2c-9e9962f901be_1000.jpg!m_fill,w_280,h_210,f_jpg?from=ke.com
20241029,东城,朝阳门内,101118087865,东四危改D区 满五年 东向一居室  精装修 诚意出售,685万,142739元/平,底层 (共21层) 1室1厅 | 47.99平米 | 东,https://ke-image.ljcdn.com/110000-inspection/pc1_IphTn2cTX.jpg!m_fill,w_280,h_210,f_jpg?from=ke.com
20241029,东城,朝阳门内,101118028367,仓南胡同14号院 朝南一居 低楼层 无遮挡随时可看房,580万,128604元/平,底层 (共6层) 1室1厅 | 45.1平米 | 南,https://ke-image.ljcdn.com/110000-inspection/17c43929-fc21-42d1-a123-888df3b81048_1000.jpg!m_fill,w_280,h_210,f_jpg?from=ke.com
20241029,东城,朝阳门内,101117946302,南门仓胡同 南北通透两居 中间层 满五年 随时签约房主自荐,800万,124224元/平,中楼层 (共6层) 2室1厅 | 64.4平米 | 南 北,https://ke-image.ljcdn.com/110000-inspection/34d81eb7-8a05-4549-b9d9-632cb8744521_1000.jpg!m_fill,w_280,h_210,f_jpg?from=ke.com
20241029,东城,朝阳门内,101117155575,朝内 封闭式小区 环境好 低楼层精装修可拎包入住房主自荐,1150万,145111元/平,底层 (共6层) 2室1厅 | 79.25平米 | 东 西,https://ke-image.ljcdn.com/110000-inspection/f5769361-87be-4183-b130-de27c072b5e9_1000.jpg!m_fill,w_280,h_210,f_jpg?from=ke.com
20241029,东城,朝阳门内,101117071921,豆瓣小区 平层电梯 大一居室 诚意出售 配套齐全,710万,127400元/平,低楼层 (共21层) 1室1厅 | 55.73平米 | 东,https://ke-image.ljcdn.com/110000-inspection/b7c8e74a-c126-49b4-ba4c-8fa9894cc610_1000.jpg!m_fill,w_280,h_210,f_jpg?from=ke.com
20241029,东城,朝阳门内,101115465230,商品房满五年唯一 随时交易 精装修拎包住,1050万,115284元/平,中楼层 (共14层) 2室1厅 | 91.08平米 | 东 西,https://ke-image.ljcdn.com/110000-inspection/pc1_CoGuUvXdQ_1.jpg!m_fill,w_280,h_210,f_jpg?from=ke.com
20241029,东城,朝阳门内,101127245067,金宝街 朝阳门南小街电梯房朝南一居室 满五年唯一新上,669万,121416元/平,中楼层 (共14层) 1室1厅 | 55.1平米 | 南,https://ke-image.ljcdn.com/110000-inspection/a8667008-ed8b-4c4b-918a-6c11385dc459_1000.jpg!m_fill,w_280,h_210,f_jpg?from=ke.com
20241029,东城,朝阳门内,101127230187,东水井胡同 2室1厅 南 北新上,900万,100931元/平,中楼层 (共15层) 2室1厅 | 89.17平米 | 南 北,https://ke-image.ljcdn.com/110000-inspection/pc1_HALaXMKWa.jpg!m_fill,w_280,h_210,f_jpg?from=ke.com
20241029,东城,朝阳门内,101127206152,南门仓胡同小区有停车位环境优美新上,620万,120272元/平,中楼层 (共6层) 1室1厅 | 51.55平米 | 南 北,https://ke-image.ljcdn.com/110000-inspection/0b2b9d2e-091a-45a8-b204-7c75db431f4d_1000.jpg!m_fill,w_280,h_210,f_jpg?from=ke.com
20241029,东城,朝阳门内,101127148646,南门仓胡同 4室2厅 南 北,1170万,99507元/平,顶层 (共6层) 4室2厅 | 117.58平米 | 南 北,https://ke-image.ljcdn.com/110000-inspection/a7e1ee6a-c777-478a-b04c-a205b8437c66_1000.jpg!m_fill,w_280,h_210,f_jpg?from=ke.com
20241029,东城,朝阳门内,101127079691,仓南胡同南北两居室商品房满五年唯一住房,460万,86581元/平,地下室 (共6层) 2室1厅 | 53.13平米 | 南 北,https://ke-image.ljcdn.com/110000-inspection/95633a17-d72a-46db-90fa-763654728cb2_1000.jpg!m_fill,w_280,h_210,f_jpg?from=ke.com
20241029,东城,朝阳门内,101127051902,金宝街2003年次新顶层复式大四居商品房满五年,1350万,100672元/平,顶层 (共6层) 4室2厅 | 134.1平米 | 东 西,https://ke-image.ljcdn.com/110000-inspection/33cb1c1a-8d5e-4ee0-ad21-67a485e8369f_1000.jpg!m_fill,w_280,h_210,f_jpg?from=ke.com
20241029,东城,朝阳门内,101127048932,豆瓣胡同 3室1厅 南 北,1138万,132511元/平,底层 (共12层) 3室1厅 | 85.88平米 | 南 北,https://ke-image.ljcdn.com/110000-inspection/30a030e7-fc61-48ff-b41f-2dc8c84811d4_1000.jpg!m_fill,w_280,h_210,f_jpg?from=ke.com
20241029,东城,朝阳门内,101126886723,大方家胡同有电梯复式随时签约,1960万,118073元/平,顶层 (共9层) 6室1厅 | 166平米 | 南 北,https://ke-image.ljcdn.com/110000-inspection/ed19fe41-dcdf-45f8-9bd1-62e70bfafd5c_1000.jpg!m_fill,w_280,h_210,f_jpg?from=ke.com
20241029,东城,朝阳门内,101126815136,西水井胡同  东西通透2居 高楼层 视野好 无遮挡,698万,90768元/平,高楼层 (共16层) 2室1厅 | 76.9平米 | 东 西,https://ke-image.ljcdn.com/110000-inspection/c14d5e64-92d0-4fbd-aaad-6b01d33ac996_1000.jpg!m_fill,w_280,h_210,f_jpg?from=ke.com
20241029,东城,朝阳门内,101126814297,朝阳首 府 商品房两居室 交通便利生活方便,1049万,100182元/平,顶层 (共15层) 2室1厅 | 104.71平米 | 东 北,https://ke-image.ljcdn.com/110000-inspection/a895bf1b-de31-4593-ab5c-6aa61fb7f25e_1000.jpg!m_fill,w_280,h_210,f_jpg?from=ke.com
20241029,东城,朝阳门内,101126804908,花园小区仓南胡同业主诚心出售人车分流管理好,880万,109155元/平,中楼层 (共7层) 2室1厅 | 80.62平米 | 东 西,https://ke-image.ljcdn.com/110000-inspection/f2933dea-2894-4000-8c87-5f59bad0ccdf_1000.jpg!m_fill,w_280,h_210,f_jpg?from=ke.com
20241029,东城,朝阳门内,101126801764,南门仓胡同三南户型南北通透格局楼层好把边户型,958万,113440元/平,高楼层 (共6层) 3室1厅 | 84.45平米 | 南 北,https://ke-image.ljcdn.com/110000-inspection/deb6bb0e-fcf8-47d8-b6f4-5cf616e77b7b_1000.jpg!m_fill,w_280,h_210,f_jpg?from=ke.com
20241029,东城,朝阳门内,101126800157,北竹杆胡同 1室1厅 东,485万,86825元/平,高楼层 (共6层) 1室1厅 | 55.86平米 | 东,https://ke-image.ljcdn.com/110000-inspection/1c55d655-3dd1-433a-9254-30594662a346_1000.jpg!m_fill,w_280,h_210,f_jpg?from=ke.com
20241029,东城,朝阳门内,101126766454,仓南胡同14号院 近地铁 西南一居采光好 满五年,570万,126386元/平,中楼层 (共6层) 1室1厅 | 45.1平米 | 西南,https://ke-image.ljcdn.com/110000-inspection/f3d2f0df-16a3-4a4c-9c3e-62ea97a0a1e2_1000.jpg!m_fill,w_280,h_210,f_jpg?from=ke.com
20241029,东城,朝阳门内,101126707727,豆瓣胡同 2室1厅 南,850万,119651元/平,低楼层 (共10层) 2室1厅 | 71.04平米 | 南,https://ke-image.ljcdn.com/110000-inspection/a00a75fa-9daf-4788-8cf7-972cf85ef49b_1000.jpg!m_fill,w_280,h_210,f_jpg?from=ke.com
20241029,东城,朝阳门内,101126561046,豆瓣小区电梯直达东西通透两居室采光好通风好,795万,111501元/平,低楼层 (共21层) 2室1厅 | 71.3平米 | 东 西,https://ke-image.ljcdn.com/110000-inspection/a9a51050-3736-4b0f-a2d6-114f3f4cd23d_1000.jpg!m_fill,w_280,h_210,f_jpg?from=ke.com
20241029,东城,朝阳门内,101126417252,仓南胡同14号院 豆瓣胡同西层 满五唯一 西南向,550万,121952元/平,低楼层 (共6层) 1室1厅 | 45.1平米 | 西南,https://ke-image.ljcdn.com/110000-inspection/b4020c18-61f5-425d-ba91-7371733b4ddd_1000.jpg!m_fill,w_280,h_210,f_jpg?from=ke.com
20241029,东城,朝阳门内,101126395280,豆瓣胡同 3室1厅 东 西,1120万,130369元/平,中楼层 (共21层) 3室1厅 | 85.91平米 | 东 西,https://ke-image.ljcdn.com/110000-inspection/8394270a-5805-420c-9712-fa1bd31fcc8e_1000.jpg!m_fill,w_280,h_210,f_jpg?from=ke.com
20241029,东城,朝阳门内,101126232167,东四 朝阳门内 朝阳门北小街 全南两居室 带车位,750万,104984元/平,顶层 (共6层) 3室0厅 | 71.44平米 | 东 南,https://ke-image.ljcdn.com/110000-inspection/eb9532f2-f6fe-4307-a511-c68a53b647eb_1000.jpg!m_fill,w_280,h_210,f_jpg?from=ke.com
20241029,东城,朝阳门内,101126159577,朝阳门内大街 2室1厅 南,360万,71203元/平,地下室 (共6层) | 2016年 | 2室1厅 | 50.56平米 | 南,https://ke-image.ljcdn.com/110000-inspection/4c05617d-e3d9-4d40-85fb-bec28ef228d4_1000.jpg!m_fill,w_280,h_210,f_jpg?from=ke.com
20241029,东城,朝阳门内,101125981832,芳嘉园胡同 2室1厅 南 北,670万,96390元/平,中楼层 (共6层) 2室1厅 | 69.51平米 | 南 北,https://ke-image.ljcdn.com/110000-inspection/96ecec32-04d9-49cb-9fdb-20e936a7de2c_1000.jpg!m_fill,w_280,h_210,f_jpg?from=ke.com
20241029,东城,朝阳门内,101125914981,朝阳首 府 商品房两居室 生活方便,998万,113849元/平,低楼层 (共15层) 2室1厅 | 87.66平米 | 西,https://ke-image.ljcdn.com/110000-inspection/cfc5f62f-148c-4628-90bf-7a030e72c8ab_1000.jpg!m_fill,w_280,h_210,f_jpg?from=ke.com
20241029,东城,朝阳门内,101125882406,朝阳首 府 东二环内商品房南向大两居,1250万,103838元/平,高楼层 (共15层) 2室1厅 | 120.38平米 | 南,https://ke-image.ljcdn.com/110000-inspection/43cf001d-421f-4d5f-a240-31e5b6e6a7c4_1000.jpg!m_fill,w_280,h_210,f_jpg?from=ke.com
20241029,东城,朝阳门内,101125815797,朝阳首府西向两居室满五唯一无遮挡视野好房主自荐,938万,107005元/平,高楼层 (共15层) 2室1厅 | 87.66平米 | 西,https://ke-image.ljcdn.com/110000-inspection/pc1_RyOsIZhKT.jpg!m_fill,w_280,h_210,f_jpg?from=ke.com
20241029,东城,朝阳门内,101125794447,朝阳门一层单独入户看房方便价格可谈。房主自荐,660万,86129元/平,底层 (共16层) 2室1厅 | 76.63平米 | 东 西,https://ke-image.ljcdn.com/110000-inspection/pc1_fuJbuvaxy.jpg!m_fill,w_280,h_210,f_jpg?from=ke.com
20241029,东城,朝阳门内,101125784661,东四豆瓣 电梯房南北通透四居 精装修满五年唯一,1968万,123270元/平,高楼层 (共12层) 4室1厅 | 159.65平米 | 南 北,https://ke-image.ljcdn.com/110000-inspection/f5ad9341-ee45-433c-879a-e6ee598309dd_1000.jpg!m_fill,w_280,h_210,f_jpg?from=ke.com
20241029,东城,朝阳门内,101125782608,东四南门仓 商品房 中间楼层通透户型 随时签约,680万,106634元/平,中楼层 (共6层) 1室1厅 | 63.77平米 | 东 西,https://ke-image.ljcdn.com/110000-inspection/pc1_28vtrfUCt.jpg!m_fill,w_280,h_210,f_jpg?from=ke.com
20241029,东城,朝阳门内,101125740783,朝阳门内 东四十条 南北两室 小区安静 交通便利,669万,123182元/平,顶层 (共6层) 2室1厅 | 54.31平米 | 南 北,https://ke-image.ljcdn.com/110000-inspection/pc1_51dyfsxKU.jpg!m_fill,w_280,h_210,f_jpg?from=ke.com
20241029,东城,朝阳门内,101125591761,朝内小区 带电梯 业主家庭满五唯一住房,890万,95545元/平,低楼层 (共15层) 3室1厅 | 93.15平米 | 东 西,https://ke-image.ljcdn.com/110000-inspection/22deb66b-c4d0-45c1-939d-c6f61212426a_1000.jpg!m_fill,w_280,h_210,f_jpg?from=ke.com
20241029,东城,朝阳门内,101125555033,豆瓣小区电梯直达、朝阳门地铁房主自荐,545万,113235元/平,高楼层 (共21层) 1室1厅 | 48.13平米 | 东,https://ke-image.ljcdn.com/110000-inspection/e94e58d1-c077-4101-af69-d3113364df2c_1000.jpg!m_fill,w_280,h_210,f_jpg?from=ke.com
20241029,东城,朝阳门内,101125452720,朝阳门内 央产大院 全南精装修一居房主自荐,565万,142785元/平,低楼层 (共6层) 1室1厅 | 39.57平米 | 南,https://ke-image.ljcdn.com/110000-inspection/b5009a18-caed-42cb-980e-4921de7ef7b0_1000.jpg!m_fill,w_280,h_210,f_jpg?from=ke.com
20241029,东城,朝阳门内,101125385450,烧酒胡同3号院 央行家属楼 精装修,1988万,116955元/平,顶层 (共5层) 6室2厅 | 169.98平米 | 南 北,https://ke-image.ljcdn.com/110000-inspection/da385033-4fee-4a64-a42f-9a73f218c8ff_1000.jpg!m_fill,w_280,h_210,f_jpg?from=ke.com
20241029,东城,朝阳门内,101125191509,豆瓣仓南胡同14号院 板楼小区 南北通透 满五唯一,1950万,127911元/平,顶层 (共6层) 4室1厅 | 152.45平米 | 南 北,https://ke-image.ljcdn.com/110000-inspection/590a00eb-3c11-4bb3-97cf-3ecd5b5e31af_1000.jpg!m_fill,w_280,h_210,f_jpg?from=ke.com
20241029,东城,朝阳门内,101125115030,朝阳门北小街 精装南北复式 前后不临街 满五年,1080万,91425元/平,顶层 (共6层) 4室2厅 | 118.13平米 | 南 北,https://ke-image.ljcdn.com/110000-inspection/pc1_p5vRqMDKi_1.jpg!m_fill,w_280,h_210,f_jpg?from=ke.com
20241029,东城,朝阳门内,101125069230,竹杆胡同南北两居室户型方正,698万,114898元/平,底层 (共6层) 2室1厅 | 60.75平米 | 南 北,https://ke-image.ljcdn.com/110000-inspection/pc1_EjOIIqOAK.jpg!m_fill,w_280,h_210,f_jpg?from=ke.com
20241029,东城,朝阳门内,101125046967,豆瓣南北两居室商品房 满五年唯一 全明格局采光好,850万,112822元/平,底层 (共12层) 2室1厅 | 75.34平米 | 南 北,https://ke-image.ljcdn.com/110000-inspection/pc1_R2eKbXxrD.jpg!m_fill,w_280,h_210,f_jpg?from=ke.com
20241029,东城,朝阳门内,101125019828,朝阳门 竹杆胡同 两居室 满五年 有电梯,880万,117349元/平,顶层 (共9层) | 2007年 | 2室1厅 | 74.99平米 | 东 西 北,https://ke-image.ljcdn.com/110000-inspection/pc1_ImsyPQqLb.jpg!m_fill,w_280,h_210,f_jpg?from=ke.com
20241029,东城,朝阳门内,101124618379,竹杆胡同 2室1厅 东北房主自荐,839万,121895元/平,高楼层 (共9层) 2室1厅 | 68.83平米 | 东北,https://ke-image.ljcdn.com/110000-inspection/pc1_DcAr5vAjU.jpg!m_fill,w_280,h_210,f_jpg?from=ke.com
20241029,东城,朝阳门内,101124582616,朝内大街136号院 3室1厅 南 西,1030万,111076元/平,中楼层 (共16层) 3室1厅 | 92.73平米 | 南 西,https://ke-image.ljcdn.com/110000-inspection/4cae7d81-1b9c-4196-8427-3066fef635f6_1000.jpg!m_fill,w_280,h_210,f_jpg?from=ke.com
20241029,东城,朝阳门内,101124537724,南门仓胡同 东南向2居 户型方正 采光好 不临街,778万,109841元/平,高楼层 (共6层) 2室1厅 | 70.83平米 | 南,https://ke-image.ljcdn.com/110000-inspection/715b9d8e-4935-4a24-9455-1dac779f333d_1000.jpg!m_fill,w_280,h_210,f_jpg?from=ke.com
20241029,东城,朝阳门内,101124352324,竹杆胡同 诚意出售 随时签约 无遮挡,750万,108586元/平,中楼层 (共9层) 2室1厅 | 69.07平米 | 南 西,https://ke-image.ljcdn.com/110000-inspection/cf54d29a-60f2-4571-b4e6-b57ac45437f9_1000.jpg!m_fill,w_280,h_210,f_jpg?from=ke.com
20241029,东城,朝阳门内,101124231841,朝阳门南小街16号楼 2003年后方正一居室,618万,112160元/平,低楼层 (共16层) 1室1厅 | 55.1平米 | 西,https://ke-image.ljcdn.com/110000-inspection/21d27049-b1e3-4b6b-b312-fb4f186d431b_1000.jpg!m_fill,w_280,h_210,f_jpg?from=ke.com
20241029,东城,朝阳门内,101124218852,东四地铁朝阳门满五唯一朝南精装一居室楼龄新,426万,110106元/平,高楼层 (共6层) | 1991年 | 1室1厅 | 38.69平米 | 南,https://ke-image.ljcdn.com/110000-inspection/64c013c4-3faf-4543-9434-f7722184a8e8_1000.jpg!m_fill,w_280,h_210,f_jpg?from=ke.com
20241029,东城,朝阳门内,101124149099,朝阳门金宝街南北通透三居室满五唯一有电梯,890万,104497元/平,中楼层 (共16层) 3室1厅 | 85.17平米 | 南 北,https://ke-image.ljcdn.com/110000-inspection/5db76d42-52ec-4f4b-9634-b79a0f5b83c2_1000.jpg!m_fill,w_280,h_210,f_jpg?from=ke.com
20241029,东城,朝阳门内,101124124338,仓南胡同 朝阳门 化纤宿舍 东四十条,590万,80878元/平,地下室 (共6层) 3室2厅 | 72.95平米 | 南 西 北,https://ke-image.ljcdn.com/110000-inspection/pc1_FE6MWw97C_1.jpg!m_fill,w_280,h_210,f_jpg?from=ke.com
20241029,东城,朝阳门内,101124051618,朝阳门内大街 精装修复式 带卫生间 诚心出售,230万,161972元/平,底层 (共1层) 1室1厅 | 14.2平米 | 北,https://ke-image.ljcdn.com/110000-inspection/d9a63864-b47f-446e-ab39-27f180ba92e3_1000.jpg!m_fill,w_280,h_210,f_jpg?from=ke.com
20241029,东城,朝阳门内,101124021981,北小街精装复式4室2厅三面采光挑高五米视野好,1060万,89732元/平,顶层 (共6层) 4室2厅 | 118.13平米 | 南 北,https://ke-image.ljcdn.com/110000-inspection/pc1_vSuEzkBRD_1.jpg!m_fill,w_280,h_210,f_jpg?from=ke.com
20241029,东城,朝阳门内,101124013947,朝阳门南小街16号 南北通透 带电梯 次顶层 随时签约房主自荐,779万,111573元/平,高楼层 (共10层) 2室1厅 | 69.82平米 | 南 北,https://ke-image.ljcdn.com/110000-inspection/b2f5de1a-7870-4520-95f7-412b18db52fc_1000.jpg!m_fill,w_280,h_210,f_jpg?from=ke.com
20241029,东城,朝阳门内,101123987032,南弓匠营胡同 A区 南北精装修 位置好 装修好 拎包住房主自荐,1160万,99683元/平,顶层 (共6层) 3室2厅 | 116.37平米 | 南 北,https://ke-image.ljcdn.com/110000-inspection/47deefe9-650f-411a-932a-2bf60aff4d30_1000.jpg!m_fill,w_280,h_210,f_jpg?from=ke.com
20241029,东城,朝阳门内,101123974720,豆瓣胡同西区 高层两居室 视野采光好,850万,118848元/平,高楼层 (共10层) 2室1厅 | 71.52平米 | 东 西,https://ke-image.ljcdn.com/110000-inspection/d41f6fbf-c3c8-470c-8396-dc73c15b0f78_1000.jpg!m_fill,w_280,h_210,f_jpg?from=ke.com
20241029,东城,朝阳门内,101123966082,朝阳门北小街 2室1厅 南 北房主自荐,640万,153515元/平,顶层 (共6层) 2室1厅 | 41.69平米 | 南 北,https://ke-image.ljcdn.com/110000-inspection/d8ac9508-66d7-45d1-a56f-b241a6811159_1000.jpg!m_fill,w_280,h_210,f_jpg?from=ke.com
20241029,东城,朝阳门内,101123956306,仓南胡同14号院南北通透两居室次顶层视野好,818万,115865元/平,高楼层 (共6层) 2室1厅 | 70.6平米 | 南 北,https://ke-image.ljcdn.com/110000-inspection/9552844d-d8a2-4d0f-9904-95ca0407cc6a_1000.jpg!m_fill,w_280,h_210,f_jpg?from=ke.com
20241029,东城,朝阳门内,101123914444,金宝街2003年电梯房南向一居室满五唯一房主自荐,680万,123412元/平,中楼层 (共14层) 1室1厅 | 55.1平米 | 南,https://ke-image.ljcdn.com/110000-inspection/793d8f77-ffb8-475a-aa66-d289aa016afe_1000.jpg!m_fill,w_280,h_210,f_jpg?from=ke.com
20241029,东城,朝阳门内,101123857504,朝阳门内 南门仓胡同 全明格局两居 近地铁生活方便,880万,108669元/平,低楼层 (共6层) 2室1厅 | 80.98平米 | 东 西,https://ke-image.ljcdn.com/110000-inspection/299a401e-c64c-4d0e-b17b-55eeb0309cfa_1000.jpg!m_fill,w_280,h_210,f_jpg?from=ke.com
20241029,东城,朝阳门内,101123857187,东单 协和 金宝街 朝阳门南小街小区,728万,106433元/平,顶层 (共16层) | 2004年 | 2室1厅 | 68.4平米 | 东 西,https://ke-image.ljcdn.com/110000-inspection/480527cd-7fd0-4aa6-b403-d71e8148f2ab_1000.jpg!m_fill,w_280,h_210,f_jpg?from=ke.com
20241029,东城,朝阳门内,101123695809,总监推荐 平层电梯房精装大三居 采光视野好,1378万,127428元/平,中楼层 (共10层) 3室1厅 | 108.14平米 | 东南,https://ke-image.ljcdn.com/110000-inspection/7ef90cee-f643-42af-b195-34534f5c54ca_1000.jpg!m_fill,w_280,h_210,f_jpg?from=ke.com
20241029,东城,朝阳门内,101123394472,东城 朝阳门 豆瓣胡同旁 精装复式 拎包住,1750万,119113元/平,顶层 (共6层) 4室3厅 | 146.92平米 | 南 北,https://ke-image.ljcdn.com/110000-inspection/eafdbaf2-5bfb-4c08-9670-f8c163aa656d_1000.jpg!m_fill,w_280,h_210,f_jpg?from=ke.com
20241029,东城,朝阳门内,101123235139,仓南胡同14号院 1室1厅 南,550万,138995元/平,底层 (共6层) | 1994年 | 1室1厅 | 39.57平米 | 南,https://ke-image.ljcdn.com/110000-inspection/3b0b2fd9-4e51-4867-b46e-8b2d51e4aa80_1000.jpg!m_fill,w_280,h_210,f_jpg?from=ke.com
20241029,东城,朝阳门内,101123172155,朝阳门北小街 次新小区 精装修 包费用无土地出让金房主自荐,830万,105585元/平,顶层 (共6层) 2室1厅 | 78.61平米 | 东 西,https://ke-image.ljcdn.com/110000-inspection/pc1_Q514ZWRnt.jpg!m_fill,w_280,h_210,f_jpg?from=ke.com
20241029,东城,朝阳门内,101123158612,朝阳门南小街  电梯直达 视野好,780万,103435元/平,中楼层 (共9层) | 2004年 | 2室1厅 | 75.41平米 | 东 西,https://ke-image.ljcdn.com/110000-inspection/13b31e2e-7e26-4218-9d2f-65ad209a5266_1000.jpg!m_fill,w_280,h_210,f_jpg?from=ke.com
20241029,东城,朝阳门内,101123124096,总监推荐 外交部家属楼 闹中取静 南北通透三居室房主自荐,1160万,120733元/平,中楼层 (共6层) 3室1厅 | 96.08平米 | 南 北,https://ke-image.ljcdn.com/110000-inspection/f4c4bcb0-b09c-49cf-ad96-c91c59ee9a89_1000.jpg!m_fill,w_280,h_210,f_jpg?from=ke.com
20241029,东城,朝阳门内,101123048719,仓南胡同 精装修 豆瓣胡同旁 朝阳门,720万,111732元/平,底层 (共6层) 2室1厅 | 64.44平米 | 东 南,https://ke-image.ljcdn.com/110000-inspection/87ef5619-5765-4ed0-946c-97354962a36b_1000.jpg!m_fill,w_280,h_210,f_jpg?from=ke.com
20241029,东城,朝阳门内,101122670627,豆瓣胡同 高楼层南向1居 不临街 采光好 视野好,789万,164239元/平,高楼层 (共10层) 1室1厅 | 48.04平米 | 南,https://ke-image.ljcdn.com/110000-inspection/ae7fd2ae-c3d9-417e-8bc3-aa6f3e0fda3e_1000.jpg!m_fill,w_280,h_210,f_jpg?from=ke.com
20241029,东城,朝阳门内,101122639480,商品房满五唯一全明格局南北通透双阳台,667万,105605元/平,高楼层 (共6层) | 1994年 | 2室1厅 | 63.16平米 | 南 北 西,https://ke-image.ljcdn.com/110000-inspection/ecc83bcf-9239-4b3a-afe2-f89b0383fa1a_1000.jpg!m_fill,w_280,h_210,f_jpg?from=ke.com
20241029,东城,朝阳门内,101122588318,西水井胡同10号楼东南西三个朝向采光好房主自荐,798万,105808元/平,中楼层 (共16层) 2室1厅 | 75.42平米 | 东 南 西 东南 西南,https://ke-image.ljcdn.com/110000-inspection/9bd0fb82-53b5-4718-a38b-cd5edfd85365_1000.jpg!m_fill,w_280,h_210,f_jpg?from=ke.com
20241029,东城,朝阳门内,101122546867,东二环内 商品房小区两居室 采光好业主诚心出售,1250万,103951元/平,高楼层 (共15层) 2室1厅 | 120.25平米 | 南 西,https://ke-image.ljcdn.com/110000-inspection/8368c4ba-0708-41a3-950d-4dc1aa586d33_1000.jpg!m_fill,w_280,h_210,f_jpg?from=ke.com
20241029,东城,朝阳门内,101122533916,竹杆胡同 低楼层一居室 采光好 业主诚心出售,568万,100354元/平,低楼层 (共9层) 1室1厅 | 56.6平米 | 西,https://ke-image.ljcdn.com/110000-inspection/90c63367-dfc4-4f8e-b712-f6cfb33a0a52_1000.jpg!m_fill,w_280,h_210,f_jpg?from=ke.com
20241029,东城,朝阳门内,101122531693,武学胡同 1室0厅 西,280万,219264元/平,底层 (共1层) 1室0厅 | 12.77平米 | 西,https://ke-image.ljcdn.com/110000-inspection/392f2bee-a220-470a-872c-addc4774d9cd_1000.jpg!m_fill,w_280,h_210,f_jpg?from=ke.com
20241029,东城,朝阳门内,101122518185,南门仓胡同 南北四居室 双卫不临街 无遮挡 随时看房,1080万,92808元/平,顶层 (共6层) 4室2厅 | 116.37平米 | 北 南,https://ke-image.ljcdn.com/110000-inspection/pc1_1xQ3S6PMq.jpg!m_fill,w_280,h_210,f_jpg?from=ke.com
20241029,东城,朝阳门内,101122421693,房子空置看房方便 南北通透板楼采光好无遮挡,699万,100794元/平,高楼层 (共6层) 2室1厅 | 69.35平米 | 南 北,https://ke-image.ljcdn.com/110000-inspection/018d55b6-dc1f-443e-af4f-ea58ed08f54b_1000.jpg!m_fill,w_280,h_210,f_jpg?from=ke.com
20241029,东城,朝阳门内,101122337738,禄米仓胡同南北通透一居室有钥匙看房方便,445万,113002元/平,低楼层 (共6层) | 1981年 | 1室1厅 | 39.38平米 | 南 北,https://ke-image.ljcdn.com/110000-inspection/343dff13-5284-489b-8a0c-fed27749a72c_1000.jpg!m_fill,w_280,h_210,f_jpg?from=ke.com
20241029,东城,朝阳门内,101122243910,东城 朝阳门 东四 仓南胡同南北三居 明厨明卫交通便利,798万,96916元/平,顶层 (共6层) | 1992年 | 3室1厅 | 82.34平米 | 南 北,https://ke-image.ljcdn.com/110000-inspection/pc1_0s9uhn3l1.jpg!m_fill,w_280,h_210,f_jpg?from=ke.com
20241029,东城,朝阳门内,101122054646,小雅宝胡同诚意出售看房随时,257万,172484元/平,底层 (共1层) 1室0厅 | 14.9平米 | 南,https://ke-image.ljcdn.com/110000-inspection/ea9d0126-4297-4d35-9d2c-4c9cd1951515_1000.jpg!m_fill,w_280,h_210,f_jpg?from=ke.com
20241029,东城,朝阳门内,101122033658,西水井胡同满五年唯一两居室诚心出售看房方便房主自荐,700万,91600元/平,底层 (共16层) 2室1厅 | 76.42平米 | 东 西,https://ke-image.ljcdn.com/110000-inspection/pc1_Aaw0ja10p_1.jpg!m_fill,w_280,h_210,f_jpg?from=ke.com
20241029,东城,朝阳门内,101122032431,朝阳门南小街全明格局一居高楼层无遮挡有电梯,699万,114048元/平,高楼层 (共14层) 1室1厅 | 61.29平米 | 东 西,https://ke-image.ljcdn.com/110000-inspection/pc1_NAbJV400o.jpg!m_fill,w_280,h_210,f_jpg?from=ke.com
20241029,东城,朝阳门内,101121935303,南小街16号 1居变2居 满五唯一 有电梯 东西通透楼龄新,720万,117475元/平,中楼层 (共14层) 2室1厅 | 61.29平米 | 东 西,https://ke-image.ljcdn.com/110000-inspection/1c1a0ef6-3fa6-44f3-926a-54fd5df5f194_1000.jpg!m_fill,w_280,h_210,f_jpg?from=ke.com
20241029,东城,朝阳门内,101121823695,朝阳门内大街 南北东通透两居 精装修采光好 交通方便房主自荐,698万,109268元/平,中楼层 (共6层) 2室1厅 | 63.88平米 | 南 北,https://ke-image.ljcdn.com/110000-inspection/088cdd42-8f7a-4e80-9c5f-af484a4abd06_1000.jpg!m_fill,w_280,h_210,f_jpg?from=ke.com
20241029,东城,朝阳门内,101121819348,东四危改A区 示范小区 有车位,998万,74942元/平,顶层 (共6层) 4室2厅 | 133.17平米 | 东 西,https://ke-image.ljcdn.com/110000-inspection/e71a1de9-ab4c-47bd-976b-8832757b72cb_1000.jpg!m_fill,w_280,h_210,f_jpg?from=ke.com
20241029,东城,朝阳门内,101121793098,东二环内  西水井胡同小区 南北两居室 高层无遮挡,730万,98145元/平,高楼层 (共15层) | 2006年 | 2室1厅 | 74.38平米 | 南 北,https://ke-image.ljcdn.com/110000-inspection/c615bba5-68ad-44c3-8967-71baa2208e01_1000.jpg!m_fill,w_280,h_210,f_jpg?from=ke.com
20241029,东城,朝阳门内,101121792253,东二环 朝阳门内 竹杆胡同 低楼层 东南向两居室,759万,111030元/平,底层 (共9层) 2室1厅 | 68.36平米 | 东南,https://ke-image.ljcdn.com/110000-inspection/130f4fc2-1ac6-40d4-82b6-6a67a14636ae_1000.jpg!m_fill,w_280,h_210,f_jpg?from=ke.com
20241029,东城,朝阳门内,101121656745,楼层好中间楼层板楼户型方正户数少业主诚售。,630万,96924元/平,中楼层 (共5层) 2室1厅 | 65平米 | 南 西,https://ke-image.ljcdn.com/110000-inspection/721401a3-fdf2-401a-b0ee-7d005b65486f_1000.jpg!m_fill,w_280,h_210,f_jpg?from=ke.com
20241029,东城,朝阳门内,101121121399,北竹杆胡同低楼层 南向一居 采光好房主自荐,626万,113695元/平,低楼层 (共6层) 1室1厅 | 55.06平米 | 南,https://ke-image.ljcdn.com/110000-inspection/pc1_vug6kbGQY.jpg!m_fill,w_280,h_210,f_jpg?from=ke.com
20241029,东城,朝阳门内,101120947370,小雅宝胡同 1室0厅 南,309万,234091元/平,底层 (共1层) 1室0厅 | 13.2平米 | 南,https://ke-image.ljcdn.com/110000-inspection/f828df38-e875-4e12-99e6-8be376ca8fb3_1000.jpg!m_fill,w_280,h_210,f_jpg?from=ke.com
20241029,东城,朝阳门内,101120896670,总监推荐 仓南胡同 全明格局三居室 把边户型  可停车,768万,94968元/平,顶层 (共6层) 3室1厅 | 80.87平米 | 东 南 北,https://ke-image.ljcdn.com/110000-inspection/pc1_sVpGHGZzc.jpg!m_fill,w_280,h_210,f_jpg?from=ke.com
20241029,东城,朝阳门内,101120850286,仓南胡同  复式两居 采光好无遮挡 格局合理 居住适宜,765万,102602元/平,顶层 (共6层) | 1993年 | 2室2厅 | 74.56平米 | 南 北,https://ke-image.ljcdn.com/110000-inspection/a64288d8-5e2e-4ef6-af2d-d6365381ef22_1000.jpg!m_fill,w_280,h_210,f_jpg?from=ke.com
20241029,东城,朝阳门内,101120840481,豆瓣小区 两居室 全明格局  满5年 唯一 1梯4户,900万,125524元/平,顶层 (共11层) 2室1厅 | 71.7平米 | 东 西,https://ke-image.ljcdn.com/110000-inspection/989d94fc-ec22-467f-9549-3ce67f08a03d_1000.jpg!m_fill,w_280,h_210,f_jpg?from=ke.com
20241029,东城,朝阳门内,101120770876,朝阳门内.豆瓣胡同小区电梯直达业主诚心出售,979万,137173元/平,高楼层 (共14层) 2室1厅 | 71.37平米 | 南 北,https://ke-image.ljcdn.com/110000-inspection/e5b8225b-6e17-4a92-be3b-af7ee0d7c354_1000.jpg!m_fill,w_280,h_210,f_jpg?from=ke.com
20241029,东城,朝阳门内,101120253794,朝阳首府 商品房 满五唯一 高楼层视野好 物业管理好,849万,97598元/平,中楼层 (共15层) 1室1厅 | 86.99平米 | 东北,https://ke-image.ljcdn.com/110000-inspection/cddcead6-6304-41bd-882c-2721f5c954ab_1000.jpg!m_fill,w_280,h_210,f_jpg?from=ke.com
20241029,东城,朝阳门内,101120137294,满五唯一南北通透小三居化纤单位安静小区,920万,122488元/平,中楼层 (共6层) 3室1厅 | 75.11平米 | 南 北,https://ke-image.ljcdn.com/110000-inspection/fd471947-ddd4-418e-b395-807a6106e6f7_1000.jpg!m_fill,w_280,h_210,f_jpg?from=ke.com
20241029,东城,朝阳门内,101119198649,豆瓣胡同小区西向两居 平层电梯高层无遮挡,860万,124009元/平,中楼层 (共21层) 2室1厅 | 69.35平米 | 西,https://ke-image.ljcdn.com/110000-inspection/dece1f9c-afbb-4031-ad20-1d3c3f88a95b_1000.jpg!m_fill,w_280,h_210,f_jpg?from=ke.com
20241029,东城,朝阳门内,101118653964,此房商品房满五唯一精装修南北通透无遮挡房主自荐,590万,111049元/平,地下室 (共6层) 2室1厅 | 53.13平米 | 南 北,https://ke-image.ljcdn.com/110000-inspection/621ab747-5b59-41ab-8215-2b765f997eae_1000.jpg!m_fill,w_280,h_210,f_jpg?from=ke.com
20241029,东城,朝阳门内,101118040141,北京INN 配套齐全 交通方便 精装修,490万,47330元/平,顶层 (共2层) 2室1厅 | 103.53平米 | 北,https://ke-image.ljcdn.com/110000-inspection/46ddedea-8cb7-4c71-bbfc-8a00e662c45c_1000.jpg!m_fill,w_280,h_210,f_jpg?from=ke.com
20241029,东城,朝阳门内,101118031112,朝阳门南小街  朝阳门南小街20号,1200万,90519元/平,顶层 (共9层) | 2003年 | 3室1厅 | 132.57平米 | 东 西,https://ke-image.ljcdn.com/110000-inspection/954fbf3d-7b4c-4adc-9b7c-a98d30705862_1000.jpg!m_fill,w_280,h_210,f_jpg?from=ke.com
20241029,东城,朝阳门内,101117104232,朝内南小街东西通透电梯直达2003年社区,1580万,120823元/平,顶层 (共9层) | 2004年 | 4室1厅 | 130.77平米 | 东 西,https://ke-image.ljcdn.com/110000-inspection/pc1_RR2VGpSPY_1.jpg!m_fill,w_280,h_210,f_jpg?from=ke.com
20241029,东城,朝阳门内,101127308627,金宝街南向低楼层无遮挡有钥匙可停车,520万,141228元/平,底层 (共6层) 1室1厅 | 36.82平米 | 南,https://s1.ljcdn.com/pegasus/redskull/images/common/default_house_list.png?_v=202410161653269
20241029,东城,朝阳门内,101127227304,豆瓣胡同 电梯直达 采光好 通风效果好新上,820万,115008元/平,中楼层 (共21层) 2室1厅 | 71.3平米 | 东 西,https://s1.ljcdn.com/pegasus/redskull/images/common/default_house_list.png?_v=202410161653269
20241029,东城,朝阳门内,101126770287,武学胡同 1室0厅 南,260万,245284元/平,底层 (共1层) 1室0厅 | 10.6平米 | 南,https://s1.ljcdn.com/pegasus/redskull/images/common/default_house_list.png?_v=202410161653269
20241029,东城,朝阳门内,101126558395,豆瓣胡同视野开阔高楼层全南两居室仅契税,945万,131689元/平,顶层 (共15层) 2室1厅 | 71.76平米 | 南,https://s1.ljcdn.com/pegasus/redskull/images/common/default_house_list.png?_v=202410161653269
20241029,东城,朝阳门内,101126366357,北京INN带电梯无遮挡朝东的房子,390万,43392元/平,低楼层 (共12层) 1室1厅 | 89.88平米 | 东,https://s1.ljcdn.com/pegasus/redskull/images/common/default_house_list.png?_v=202410161653269
20241029,东城,朝阳门内,101126227627,北竹杆胡同一居室 诚意出售 南向,520万,94443元/平,顶层 (共6层) 1室1厅 | 55.06平米 | 南,https://s1.ljcdn.com/pegasus/redskull/images/common/default_house_list.png?_v=202410161653269
20241029,东城,朝阳门内,101126185949,南门仓双朝南两居室户型方正采光好。,950万,134124元/平,低楼层 (共6层) 2室1厅 | 70.83平米 | 南,https://s1.ljcdn.com/pegasus/redskull/images/common/default_house_list.png?_v=202410161653269
20241029,东城,朝阳门内,101126133377,北京INN 2室1厅 东,390万,41891元/平,低楼层 (共16层) 2室1厅 | 93.1平米 | 东,https://s1.ljcdn.com/pegasus/redskull/images/common/default_house_list.png?_v=202410161653269
20241029,东城,朝阳门内,101126110242,朝阳门北小街 豆瓣胡同 东四附近 地铁方便,798万,101514元/平,中楼层 (共6层) 2室1厅 | 78.61平米 | 东 西,https://s1.ljcdn.com/pegasus/redskull/images/common/default_house_list.png?_v=202410161653269
20241029,东城,朝阳门内,101125995231,满五年唯一前后对花园有电梯楼层高、视野好,730万,101165元/平,高楼层 (共9层) 2室1厅 | 72.16平米 | 东 南 西,https://s1.ljcdn.com/pegasus/redskull/images/common/default_house_list.png?_v=202410161653269
20241029,东城,朝阳门内,101125884300,仓南胡同12号院 1室1厅 南,460万,108389元/平,高楼层 (共6层) 1室1厅 | 42.44平米 | 南,https://s1.ljcdn.com/pegasus/redskull/images/common/default_house_list.png?_v=202410161653269
20241029,东城,朝阳门内,101125530938,朝阳门内大街精装修南北2居室近地铁停车方便,450万,89004元/平,地下室 (共6层) 2室1厅 | 50.56平米 | 南 北,https://s1.ljcdn.com/pegasus/redskull/images/common/default_house_list.png?_v=202410161653269
20241029,东城,朝阳门内,101125148320,北京INN 1室1厅 西,320万,49284元/平,高楼层 (共7层) 1室1厅 | 64.93平米 | 西,https://s1.ljcdn.com/pegasus/redskull/images/common/default_house_list.png?_v=202410161653269
20241029,东城,朝阳门内,101125031367,朝阳门北京   北竹杆胡同两居室南北,590万,86006元/平,顶层 (共6层) 2室1厅 | 68.6平米 | 南 北,https://s1.ljcdn.com/pegasus/redskull/images/common/default_house_list.png?_v=202410161653269
20241029,东城,朝阳门内,101124102526,北京INN 地铁朝阳门站 50年产权 需要购房资质,239万,46845元/平,高楼层 (共12层) 1室0厅 | 51.02平米 | 北,https://s1.ljcdn.com/pegasus/redskull/images/common/default_house_list.png?_v=202410161653269
20241029,东城,朝阳门内,101124013948,北京INN朝西向精装修看房方便近地铁,360万,46428元/平,中楼层 (共12层) 1室1厅 | 77.54平米 | 西,https://s1.ljcdn.com/pegasus/redskull/images/common/default_house_list.png?_v=202410161653269
20241029,东城,朝阳门内,101123639696,朝阳门内 竹杆胡同 南北通透2居室,680万,99824元/平,顶层 (共6层) 2室1厅 | 68.12平米 | 南 北,https://s1.ljcdn.com/pegasus/redskull/images/common/default_house_list.png?_v=202410161653269
20241029,东城,朝阳门内,101122818267,朝阳门内 商品房两居室 高楼层 采光好房主自荐,1099万,91393元/平,高楼层 (共15层) 2室1厅 | 120.25平米 | 南 西,https://s1.ljcdn.com/pegasus/redskull/images/common/default_house_list.png?_v=202410161653269
20241029,东城,朝阳门内,101122370029,北京INN 2室1厅 东,418万,44913元/平,高楼层 (共7层) 2室1厅 | 93.07平米 | 东,https://s1.ljcdn.com/pegasus/redskull/images/common/default_house_list.png?_v=202410161653269
20241029,东城,朝阳门内,101119936287,朝阳门北小街 东西通透户型两居 视野好 采光好,850万,109199元/平,顶层 (共6层) 2室1厅 | 77.84平米 | 东 西,https://s1.ljcdn.com/pegasus/redskull/images/common/default_house_list.png?_v=202410161653269
20241029,东城,朝阳门内,101119841794,北京INN 1室1厅 西,268万,43706元/平,低楼层 (共16层) 1室1厅 | 61.32平米 | 西,https://s1.ljcdn.com/pegasus/redskull/images/common/default_house_list.png?_v=202410161653269
20241029,东城,朝阳门内,101118837289,东四十条 带电梯精装修三居室 满五年唯一仅契税,872万,115927元/平,低楼层 (共18层) 3室1厅 | 75.22平米 | 东 北,https://s1.ljcdn.com/pegasus/redskull/images/common/default_house_list.png?_v=202410161653269
20241029,东城,朝阳门内,101117260491,北京INN二环内适合办公 可以注册公司,159万,28177元/平,中楼层 (共12层) 1室0厅 | 56.43平米 | 西,https://s1.ljcdn.com/pegasus/redskull/images/common/default_house_list.png?_v=202410161653269
20241029,东城,朝阳门内,101116722778,南向采光好视野好 有电梯看房方便,780万,46974元/平,高楼层 (共16层) 3室2厅 | 166.05平米 | 南,https://s1.ljcdn.com/pegasus/redskull/images/common/default_house_list.png?_v=202410161653269
20241029,东城,朝阳门内,101112645570,中间楼层无遮挡采光好离地铁近,300万,52743元/平,中楼层 (共7层) 1室1厅 | 56.88平米 | 东,https://s1.ljcdn.com/pegasus/redskull/images/common/default_house_list.png?_v=202410161653269
20241029,东城,朝阳门内,101105598055,东城区朝阳门内 朝南向 精装修采光好 交通便利,270万,43761元/平,低楼层 (共12层) 1室0厅 | 61.7平米 | 南,https://s1.ljcdn.com/pegasus/redskull/images/common/default_house_list.png?_v=202410161653269
20241029,东城,朝阳门内,101105418443,房子满二年24小时管家服务旁边有大商场,456万,48980元/平,中楼层 (共16层) | 2007年 | 2室1厅 | 93.1平米 | 东,https://s1.ljcdn.com/pegasus/redskull/images/common/default_house_list.png?_v=202410161653269
