20240923,朝阳,立水桥,101126531987,佳运园 正规南向一居室 无遮挡 采光好 满五唯一必看好房,228万,37513元/平,高楼层 (共6层) 1室1厅 | 60.78平米 | 南,https://ke-image.ljcdn.com/110000-inspection/1ee547ba-487a-4be6-ab51-64a090260e92_1000.jpg!m_fill,w_280,h_210,f_jpg?from=ke.com
20240923,朝阳,立水桥,101126480132,溪城家园商品房满五年唯一地暖看房方便有钥匙必看好房,369万,45321元/平,高楼层 (共15层) | 2010年 | 2室1厅 | 81.42平米 | 南,https://ke-image.ljcdn.com/110000-inspection/dde3c4e0-2286-49b0-9ccc-b7c85073fc51_1000.jpg!m_fill,w_280,h_210,f_jpg?from=ke.com
20240923,朝阳,立水桥,101126477315,溪城家园 精装修 全南两居  商品房必看好房,389万,47777元/平,中楼层 (共15层) | 2010年 | 2室1厅 | 81.42平米 | 南,https://ke-image.ljcdn.com/110000-inspection/c727b4fb-2d53-495c-ac21-236f0b68b9e9_1000.jpg!m_fill,w_280,h_210,f_jpg?from=ke.com
20240923,朝阳,立水桥,101126356868,新上经典户型南北通透 无浪费面积 满五唯一必看好房,358万,40180元/平,底层 (共6层) 2室1厅 | 89.1平米 | 南 北,https://ke-image.ljcdn.com/110000-inspection/2883df7d-132f-4f30-9823-dd6919376ae7_1000.jpg!m_fill,w_280,h_210,f_jpg?from=ke.com
20240923,朝阳,立水桥,101126274715,北京北 3居室 南北通透格局 明厨明卫 户型方正必看好房,620万,54406元/平,中楼层 (共17层) 3室1厅 | 113.96平米 | 南 北,https://ke-image.ljcdn.com/110000-inspection/ed46a214-2f38-404c-abbf-81a4b5cfdeca_1000.jpg!m_fill,w_280,h_210,f_jpg?from=ke.com
20240923,朝阳,立水桥,101126556337,佳运园一期南北通透两居室中间楼层明厨明卫必看好房,319万,39170元/平,中楼层 (共6层) 2室1厅 | 81.44平米 | 东 南 北,https://ke-image.ljcdn.com/110000-inspection/8f8fd179-564b-4504-8d8b-02578e5e69b6_1000.jpg!m_fill,w_280,h_210,f_jpg?from=ke.com
20240923,朝阳,立水桥,101126264558,溪城家园 2室1厅 南 北,370万,45455元/平,中楼层 (共15层) | 2010年 | 2室1厅 | 81.4平米 | 南 北,https://ke-image.ljcdn.com/110000-inspection/f12cb3d9-be62-49cb-8775-73a2ec486bf5_1000.jpg!m_fill,w_280,h_210,f_jpg?from=ke.com
20240923,朝阳,立水桥,101126169156,商品房满五唯一南北通透格局视野宽阔采光好,349万,39642元/平,高楼层 (共6层) 2室1厅 | 88.04平米 | 南 北,https://ke-image.ljcdn.com/110000-inspection/d4ca4672-8985-4e3e-9f84-37c416999abc_1000.jpg!m_fill,w_280,h_210,f_jpg?from=ke.com
20240923,朝阳,立水桥,101126156267,满五年且家庭一套住房南北通透二居室价格买三居室必看好房,385万,32167元/平,底层 (共6层) | 2012年 | 3室2厅 | 119.69平米 | 南 北,https://ke-image.ljcdn.com/110000-inspection/f4cb9b42-2851-4f63-a4e6-6198e526dd2b_1000.jpg!m_fill,w_280,h_210,f_jpg?from=ke.com
20240923,朝阳,立水桥,101126136772,佳运园一期 精装修 东西通透两居 正对森林公园,258万,37053元/平,中楼层 (共6层) 2室1厅 | 69.63平米 | 东 西,https://ke-image.ljcdn.com/110000-inspection/85eb0f44-f1d2-4766-98a0-3e744a98595e_1000.jpg!m_fill,w_280,h_210,f_jpg?from=ke.com
20240923,朝阳,立水桥,101126091482,北京北双卧朝南户型好中高楼层采光好。,460万,53149元/平,中楼层 (共20层) 2室1厅 | 86.55平米 | 东南,https://ke-image.ljcdn.com/110000-inspection/17c995f0-5dd2-41a2-8d1c-ce9b08d2f7ec_1000.jpg!m_fill,w_280,h_210,f_jpg?from=ke.com
20240923,朝阳,立水桥,101126073123,溪城家园 满五唯一 自住精装 拎包入住 视野开阔房主自荐,408万,52061元/平,中楼层 (共15层) | 2010年 | 2室1厅 | 78.37平米 | 南,https://ke-image.ljcdn.com/110000-inspection/4297bb26-616e-47ce-9cd7-fedd562c064d_1000.jpg!m_fill,w_280,h_210,f_jpg?from=ke.com
20240923,朝阳,立水桥,101125989759,商品房满五唯一南北通透格局视野宽阔采光好,500万,42971元/平,中楼层 (共6层) 3室1厅 | 116.36平米 | 南 北,https://ke-image.ljcdn.com/110000-inspection/pc1_LMqnUPIrK.jpg!m_fill,w_280,h_210,f_jpg?from=ke.com
20240923,朝阳,立水桥,101125858533,非顶层 采光好 南北通透 只有契税,348万,40688元/平,高楼层 (共6层) 2室1厅 | 85.53平米 | 南 北,https://ke-image.ljcdn.com/110000-inspection/f7da1d37-4680-4287-9908-fa2df8af5a20_1000.jpg!m_fill,w_280,h_210,f_jpg?from=ke.com
20240923,朝阳,立水桥,101125729923,顶秀青溪 3室1厅 南 北必看好房,752万,51119元/平,高楼层 (共12层) | 2007年 | 3室1厅 | 147.11平米 | 南 北,https://ke-image.ljcdn.com/110000-inspection/22167887-449f-44cc-8fd4-ef915e8184b9_1000.jpg!m_fill,w_280,h_210,f_jpg?from=ke.com
20240923,朝阳,立水桥,101125652343,满五年唯一 次顶层 诚心出售 户型方正 随时签约必看好房,369万,44448元/平,高楼层 (共15层) | 2010年 | 2室1厅 | 83.02平米 | 南 西,https://ke-image.ljcdn.com/110000-inspection/9097d7aa-c2cb-4c46-8298-fd2b7399ad23_1000.jpg!m_fill,w_280,h_210,f_jpg?from=ke.com
20240923,朝阳,立水桥,101125588861,房子商品房满五年 诚心出售 价格能谈 看房方便房主自荐,415万,51521元/平,中楼层 (共15层) | 2010年 | 2室1厅 | 80.55平米 | 南,https://ke-image.ljcdn.com/110000-inspection/f0330f16-3351-4be9-9bb3-08ed00561719_1000.jpg!m_fill,w_280,h_210,f_jpg?from=ke.com
20240923,朝阳,立水桥,101125529926,溪城家园明厨明卫三居室商品房满五年唯一高楼层,419万,47544元/平,高楼层 (共15层) | 2010年 | 3室1厅 | 88.13平米 | 东 南 北,https://ke-image.ljcdn.com/110000-inspection/f6e27aad-9225-49b6-991a-7523e2862221_1000.jpg!m_fill,w_280,h_210,f_jpg?from=ke.com
20240923,朝阳,立水桥,101125502223,商品房满五年  南北通透 视野好 精装修  近公园必看好房,470万,54129元/平,中楼层 (共20层) | 2008年 | 2室1厅 | 86.83平米 | 南 北,https://ke-image.ljcdn.com/110000-inspection/pc1_QK1J3R6qz.jpg!m_fill,w_280,h_210,f_jpg?from=ke.com
20240923,朝阳,立水桥,101125190797,佳运园一期 1室1厅 东,236万,36962元/平,低楼层 (共6层) 1室1厅 | 63.85平米 | 东,https://ke-image.ljcdn.com/110000-inspection/fc35dca9-9df6-4a9c-903e-6a77b6343fcf_1000.jpg!m_fill,w_280,h_210,f_jpg?from=ke.com
20240923,朝阳,立水桥,101124657999,北京北 西南两居室满五唯一位置好中间楼层。必看好房,440万,53718元/平,中楼层 (共20层) | 2009年 | 2室1厅 | 81.91平米 | 南 西,https://ke-image.ljcdn.com/110000-inspection/217b969c-4297-4334-ad28-0dd7bbfcb53d_1000.jpg!m_fill,w_280,h_210,f_jpg?from=ke.com
20240923,朝阳,立水桥,101124585024,佳运园一期 满五年唯一仅契税 采光好 商品房房主自荐,226万,39373元/平,顶层 (共6层) | 1997年 | 2室1厅 | 57.4平米 | 东 西,https://ke-image.ljcdn.com/110000-inspection/342d9bf8-fcf2-4045-b177-564d741a105f_1000.jpg!m_fill,w_280,h_210,f_jpg?from=ke.com
20240923,朝阳,立水桥,101124313965,溪城家园 满5唯一商品房 自住精装修 视野无遮挡必看好房,439万,50373元/平,高楼层 (共15层) | 2010年 | 3室1厅 | 87.15平米 | 东南 北,https://ke-image.ljcdn.com/110000-inspection/dc79d265-e343-4a64-b7aa-394e1734993a_1000.jpg!m_fill,w_280,h_210,f_jpg?from=ke.com
20240923,朝阳,立水桥,101124265233,明天第一城5号院 电梯板楼 南北通透 满五唯一 采光好,495万,50775元/平,中楼层 (共10层) 2室1厅 | 97.49平米 | 南 北,https://ke-image.ljcdn.com/110000-inspection/pc1_LrJV9DIEo.jpg!m_fill,w_280,h_210,f_jpg?from=ke.com
20240923,朝阳,立水桥,101124211414,北苑北 立水桥 顶秀青溪 花园洋房 高层 观公园房主自荐,827万,53383元/平,中楼层 (共11层) | 2007年 | 4室2厅 | 154.92平米 | 南 北,https://ke-image.ljcdn.com/110000-inspection/pc1_E1DhAulTk.jpg!m_fill,w_280,h_210,f_jpg?from=ke.com
20240923,朝阳,立水桥,101123937492,佳运园三期南北一居看房方便精装修中间楼层必看好房,288万,43011元/平,中楼层 (共6层) 2室1厅 | 66.96平米 | 南 北,https://ke-image.ljcdn.com/110000-inspection/c231daca-b81e-4850-87db-859933266747_1000.jpg!m_fill,w_280,h_210,f_jpg?from=ke.com
20240923,朝阳,立水桥,101123590364,立城苑 东西通透两居室电梯板楼地暖精装修,499万,50743元/平,中楼层 (共15层) | 2008年 | 2室1厅 | 98.34平米 | 东 西,https://ke-image.ljcdn.com/110000-inspection/c3129ee9-b33c-4fe8-8d29-ebda1dc81764_1000.jpg!m_fill,w_280,h_210,f_jpg?from=ke.com
20240923,朝阳,立水桥,101123388490,南向大阳台采光通风好商品房社区奥森板块,298万,34603元/平,顶层 (共6层) | 2005年 | 2室1厅 | 86.12平米 | 西南,https://ke-image.ljcdn.com/110000-inspection/40ec35cd-3ae1-446b-a0c2-6041a3d36403_1000.jpg!m_fill,w_280,h_210,f_jpg?from=ke.com
20240923,朝阳,立水桥,101120875541,东西通透客厅带窗户 全明格局 高楼层 无遮挡 采光好必看好房,235万,36294元/平,中楼层 (共6层) 2室1厅 | 64.75平米 | 东 西,https://ke-image.ljcdn.com/110000-inspection/a464755a-a44f-472e-b878-361a1fc003c5_1000.jpg!m_fill,w_280,h_210,f_jpg?from=ke.com
20240923,朝阳,立水桥,101118018867,70年住宅满五年仅一套诚心出售 民水民电 有燃气,310万,46512元/平,中楼层 (共19层) | 2004年 | 1室1厅 | 66.65平米 | 东,https://ke-image.ljcdn.com/110000-inspection/pc1_ZoxD1w3nz.jpg!m_fill,w_280,h_210,f_jpg?from=ke.com
20240923,朝阳,立水桥,101116709404,佳运园三期中楼层满五唯一商品房看房方便,485万,55837元/平,中楼层 (共6层) | 2004年 | 2室1厅 | 86.86平米 | 东 南,https://ke-image.ljcdn.com/110000-inspection/379a6ff9-274e-4a91-81af-7e93cac404a9_1000.jpg!m_fill,w_280,h_210,f_jpg?from=ke.com
20240923,朝阳,立水桥,101115998883,清水园二期  东西朝向  两居室   满五唯一,399万,41546元/平,中楼层 (共7层) | 2003年 | 2室2厅 | 96.04平米 | 东 西,https://ke-image.ljcdn.com/110000-inspection/c32c0204-d00b-4e89-89be-f4d3daa0bd19_1000.jpg!m_fill,w_280,h_210,f_jpg?from=ke.com
20240923,朝阳,立水桥,101126685837,肿瘤医院宿舍 2室1厅 南 北必看好房,247万,36043元/平,中楼层 (共6层) 2室1厅 | 68.53平米 | 南 北,https://ke-image.ljcdn.com/110000-inspection/pc1_oCudw8o1s.jpg!m_fill,w_280,h_210,f_jpg?from=ke.com
20240923,朝阳,立水桥,101126636681,合立方 3室1厅 南 北必看好房,420万,47946元/平,低楼层 (共21层) | 2010年 | 3室1厅 | 87.6平米 | 南 北,https://ke-image.ljcdn.com/110000-inspection/3374d7df-ba0c-4fc2-98e3-0d2dc113640b_1000.jpg!m_fill,w_280,h_210,f_jpg?from=ke.com
20240923,朝阳,立水桥,101126551687,清水园一期 2室1厅 南 北必看好房,279万,41438元/平,低楼层 (共7层) 2室1厅 | 67.33平米 | 南 北,https://ke-image.ljcdn.com/110000-inspection/badee21f-7718-4ea4-999f-2edb32cae238_1000.jpg!m_fill,w_280,h_210,f_jpg?from=ke.com
20240923,朝阳,立水桥,101126275967,清水园二期满五唯一 采光充足中间楼层 不临街不把边必看好房,408万,34565元/平,中楼层 (共7层) 3室2厅 | 118.04平米 | 南 北,https://ke-image.ljcdn.com/110000-inspection/pc1_oWtD1K3Zv.jpg!m_fill,w_280,h_210,f_jpg?from=ke.com
20240923,朝阳,立水桥,101126164895,北京北 5&13号线 龙德广场 森林公园200米,499万,57655元/平,高楼层 (共20层) 2室1厅 | 86.55平米 | 南 北,https://ke-image.ljcdn.com/110000-inspection/pc1_PW7ke1nh5.jpg!m_fill,w_280,h_210,f_jpg?from=ke.com
20240923,朝阳,立水桥,101125861605,北方明珠70年商品房住宅立水桥地铁站,180万,32503元/平,中楼层 (共30层) | 2004年 | 1室0厅 | 55.38平米 | 西北,https://ke-image.ljcdn.com/110000-inspection/95f8c87c-8d80-40db-aa63-cfd356adc354_1000.jpg!m_fill,w_280,h_210,f_jpg?from=ke.com
20240923,朝阳,立水桥,101125812269,本房满五年唯一格局合理采光通风好楼层好,359万,39077元/平,低楼层 (共7层) 2室1厅 | 91.87平米 | 南 西 北,https://ke-image.ljcdn.com/110000-inspection/99d41e0f-ed4c-452c-a3ca-7bc1aacb3aaf_1000.jpg!m_fill,w_280,h_210,f_jpg?from=ke.com
20240923,朝阳,立水桥,101125704363,2004年社区 板楼三居 西侧大公园 满五唯一必看好房,398万,33635元/平,中楼层 (共7层) | 2003年 | 3室2厅 | 118.33平米 | 南 北,https://ke-image.ljcdn.com/110000-inspection/3e515467-2704-4d76-b1cd-aa7622c3d9de_1000.jpg!m_fill,w_280,h_210,f_jpg?from=ke.com
20240923,朝阳,立水桥,101125439945,满五年唯一复式四室两卫地铁双线临公园,360万,36427元/平,顶层 (共5层) | 2003年 | 3室1厅 | 98.83平米 | 南 北,https://ke-image.ljcdn.com/110000-inspection/e85289ca-710f-417b-8fe8-02cddf72a015_1000.jpg!m_fill,w_280,h_210,f_jpg?from=ke.com
20240923,朝阳,立水桥,101125420754,北苑北 立水桥 顶秀青溪 花园洋房 高层 复式房主自荐,759万,65584元/平,顶层 (共7层) 4室2厅 | 115.73平米 | 南 北,https://ke-image.ljcdn.com/110000-inspection/2d9629fd-dfc5-42bb-b322-5442474aaa10_1000.jpg!m_fill,w_280,h_210,f_jpg?from=ke.com
20240923,朝阳,立水桥,101125304941,嘉诚花园二期 3室1厅 南 北必看好房,468万,35606元/平,中楼层 (共7层) 3室1厅 | 131.44平米 | 南 北,https://ke-image.ljcdn.com/110000-inspection/b3345eb7-dd65-46d3-a016-9a75fa4fa608_1000.jpg!m_fill,w_280,h_210,f_jpg?from=ke.com
20240923,朝阳,立水桥,101124732929,立水桥 东辰小区 全明格局 中间层两居,238万,36336元/平,低楼层 (共6层) 2室1厅 | 65.5平米 | 南 西,https://ke-image.ljcdn.com/110000-inspection/2b3965f1-cfea-4d13-bccf-f823e5668a7c_1000.jpg!m_fill,w_280,h_210,f_jpg?from=ke.com
20240923,朝阳,立水桥,101124682205,嘉诚花园 三居室满5年仅契税中间楼层必看好房,450万,34211元/平,中楼层 (共7层) | 2003年 | 3室1厅 | 131.54平米 | 南 北,https://ke-image.ljcdn.com/110000-inspection/pc1_BiVNfmLXP.jpg!m_fill,w_280,h_210,f_jpg?from=ke.com
20240923,朝阳,立水桥,101124332558,满五年唯一 中间楼层 看房方便 随时签约房主自荐,325万,40984元/平,高楼层 (共6层) 3室1厅 | 79.3平米 | 南 北,https://ke-image.ljcdn.com/110000-inspection/a8a7bfcf-0403-48aa-8947-87b58f1a8fc2_1000.jpg!m_fill,w_280,h_210,f_jpg?from=ke.com
20240923,朝阳,立水桥,101123874585,70年住宅满五年朝阳区地铁双轨小区门口必看好房,170万,42768元/平,顶层 (共6层) | 2007年 | 1室1厅 | 39.75平米 | 南,https://ke-image.ljcdn.com/110000-inspection/a51a64c5-a687-4851-97f3-4eafed1f740a_1000.jpg!m_fill,w_280,h_210,f_jpg?from=ke.com
20240923,朝阳,立水桥,101123552024,合立方商满五年唯一首付68万近地铁带电梯,310万,42310元/平,低楼层 (共21层) | 2010年 | 2室1厅 | 73.27平米 | 西,https://ke-image.ljcdn.com/110000-inspection/pc1_R1CHQyzyM.jpg!m_fill,w_280,h_210,f_jpg?from=ke.com
20240923,朝阳,立水桥,101123180015,有花园 南北通透三居室 户型方正 看房方便,508万,42525元/平,底层 (共6层) 3室2厅 | 119.46平米 | 南 北,https://ke-image.ljcdn.com/110000-inspection/4f770b12-7760-4e6d-901d-a6ca5d9b28b5_1000.jpg!m_fill,w_280,h_210,f_jpg?from=ke.com
20240923,朝阳,立水桥,101123161763,溪城家园 商品房满五年且唯一 无遮挡视野开阔必看好房,339万,40546元/平,低楼层 (共15层) | 2010年 | 2室1厅 | 83.61平米 | 西南,https://ke-image.ljcdn.com/110000-inspection/997924c5-9204-4a44-a81a-f6743eb7ea6a_1000.jpg!m_fill,w_280,h_210,f_jpg?from=ke.com
20240923,朝阳,立水桥,101123133108,顶秀青溪花园洋房观立水桥公园刚需房房主自荐,475万,55156元/平,低楼层 (共15层) | 2007年 | 2室1厅 | 86.12平米 | 南,https://ke-image.ljcdn.com/110000-inspection/fee6f7de-86e5-4f6b-bc92-0d19d7cd9218_1000.jpg!m_fill,w_280,h_210,f_jpg?from=ke.com
20240923,朝阳,立水桥,101126640275,朝阳立水桥 明天第一城6号院 13号线5号线必看好房,238万,28459元/平,低楼层 (共21层) | 2007年 | 2室1厅 | 83.63平米 | 南,https://s1.ljcdn.com/pegasus/redskull/images/common/default_house_list.png?_v=20240826145726
20240923,朝阳,立水桥,101126636916,润枫欣尚精装修户型方正交通便利诚意出售必看好房,142万,22469元/平,低楼层 (共20层) | 2011年 | 2室1厅 | 63.2平米 | 东,https://s1.ljcdn.com/pegasus/redskull/images/common/default_house_list.png?_v=20240826145726
20240923,朝阳,立水桥,101126524457,明天第一城7号院 商办类需要全款购买,228万,32516元/平,中楼层 (共21层) | 2007年 | 2室1厅 | 70.12平米 | 东,https://s1.ljcdn.com/pegasus/redskull/images/common/default_house_list.png?_v=20240826145726
20240923,朝阳,立水桥,101126207918,交通便利 配套齐全 高楼层 视野开阔 采光充足,169万,30611元/平,高楼层 (共27层) | 2008年 | 1室1厅 | 55.21平米 | 北,https://s1.ljcdn.com/pegasus/redskull/images/common/default_house_list.png?_v=20240826145726
20240923,朝阳,立水桥,101125598660,明天生活馆 1室0厅 北必看好房,84万,21484元/平,中楼层 (共14层) | 2007年 | 1室0厅 | 39.1平米 | 北,https://s1.ljcdn.com/pegasus/redskull/images/common/default_house_list.png?_v=20240826145726
20240923,朝阳,立水桥,101125577853,东亚奥北中心北区 南向 交通便利 购物方便,228万,26767元/平,中楼层 (共20层) | 2008年 | 2室1厅 | 85.18平米 | 南,https://s1.ljcdn.com/pegasus/redskull/images/common/default_house_list.png?_v=20240826145726
20240923,朝阳,立水桥,101125542584,立水桥东亚奥北中心北区交通方便视野好必看好房,93万,30166元/平,高楼层 (共20层) | 2008年 | 1室0厅 | 30.83平米 | 北,https://s1.ljcdn.com/pegasus/redskull/images/common/default_house_list.png?_v=20240826145726
20240923,朝阳,立水桥,101125158296,立水桥双轨交汇 南北通透高楼层采光视野好精装电梯房,299万,33427元/平,高楼层 (共21层) | 2007年 | 2室1厅 | 89.45平米 | 南 北,https://s1.ljcdn.com/pegasus/redskull/images/common/default_house_list.png?_v=20240826145726
20240923,朝阳,立水桥,101124760015,270°采光阳光充足南北通透全明格局通风好,729万,47378元/平,高楼层 (共15层) | 2007年 | 3室2厅 | 153.87平米 | 西南 北,https://s1.ljcdn.com/pegasus/redskull/images/common/default_house_list.png?_v=20240826145726
20240923,朝阳,立水桥,101122727736,立水桥 朝阳产权东南朝向 视野采光好 落地窗必看好房,149万,23513元/平,中楼层 (共21层) | 2007年 | 1室1厅 | 63.37平米 | 东南,https://s1.ljcdn.com/pegasus/redskull/images/common/default_house_list.png?_v=20240826145726
20240923,朝阳,立水桥,101126688984,佳运园一期 2室1厅 西新上,278万,37087元/平,底层 (共6层) 2室1厅 | 74.96平米 | 西,https://ke-image.ljcdn.com/110000-inspection/pc1_9KXDHj47Q.jpg!m_fill,w_280,h_210,f_jpg?from=ke.com
20240923,朝阳,立水桥,101126620552,次顶层 南向两居 采光好 近公园新上,398万,51468元/平,中楼层 (共15层) | 2010年 | 2室1厅 | 77.33平米 | 南,https://ke-image.ljcdn.com/110000-inspection/1a0e8f4c-a560-45cb-9947-6892eb397d99_1000.jpg!m_fill,w_280,h_210,f_jpg?from=ke.com
20240923,朝阳,立水桥,101126615491,南北通透 中间楼层房屋采光好 居住适宜新上,320万,39159元/平,中楼层 (共6层) 2室1厅 | 81.72平米 | 南 北,https://ke-image.ljcdn.com/110000-inspection/bdeca5ff-3633-41f5-8adb-4280a31226b3_1000.jpg!m_fill,w_280,h_210,f_jpg?from=ke.com
20240923,朝阳,立水桥,101126558912,北方明珠 1室1厅 北,210万,34529元/平,高楼层 (共19层) | 2004年 | 1室1厅 | 60.82平米 | 北,https://ke-image.ljcdn.com/110000-inspection/626989b8-f438-4c9a-ae7d-8fceacf06490_1000.jpg!m_fill,w_280,h_210,f_jpg?from=ke.com
20240923,朝阳,立水桥,101126544177,溪城家园 2室1厅 南 北,386万,48627元/平,低楼层 (共15层) | 2010年 | 2室1厅 | 79.38平米 | 南 北,https://ke-image.ljcdn.com/110000-inspection/84cd7c32-cd18-42be-b6a9-aca07f744eab_1000.jpg!m_fill,w_280,h_210,f_jpg?from=ke.com
20240923,朝阳,立水桥,101126527756,立城苑 满五唯一 眼镜房 南北通透,565万,38813元/平,顶层 (共6层) | 2008年 | 3室2厅 | 145.57平米 | 南 北,https://ke-image.ljcdn.com/110000-inspection/da891cce-d2e3-46c5-9249-be26052013a9_1000.jpg!m_fill,w_280,h_210,f_jpg?from=ke.com
20240923,朝阳,立水桥,101126476696,合立方 东南朝向 3居室 满五唯一 户型方正,520万,60898元/平,低楼层 (共21层) | 2010年 | 3室1厅 | 85.39平米 | 东南,https://ke-image.ljcdn.com/110000-inspection/157f08cf-04d8-43d6-baa8-d5fca46813f2_1000.jpg!m_fill,w_280,h_210,f_jpg?from=ke.com
20240923,朝阳,立水桥,101126466021,合立方 精装修三居  视野对着公园,423万,48761元/平,高楼层 (共21层) | 2010年 | 3室1厅 | 86.75平米 | 西南,https://ke-image.ljcdn.com/110000-inspection/c1385ec6-5ee2-4660-bedd-3718df2bed0a_1000.jpg!m_fill,w_280,h_210,f_jpg?from=ke.com
20240923,朝阳,立水桥,101126449474,洋房三居 满五唯一 全明格局 随时可看,850万,54868元/平,中楼层 (共11层) | 2007年 | 3室2厅 | 154.92平米 | 东南 北,https://ke-image.ljcdn.com/110000-inspection/f406e4ee-f671-4771-8875-87b0cbf5d549_1000.jpg!m_fill,w_280,h_210,f_jpg?from=ke.com
20240923,朝阳,立水桥,101126433192,北京北 不临街 商品房社区 小区环境好,435万,53121元/平,中楼层 (共20层) | 2009年 | 2室1厅 | 81.89平米 | 东南,https://ke-image.ljcdn.com/110000-inspection/91b2069d-cc70-430a-a41c-64826b28cdff_1000.jpg!m_fill,w_280,h_210,f_jpg?from=ke.com
20240923,朝阳,立水桥,101126431716,明天第一城5号院 2室1厅 南 北,537万,56820元/平,中楼层 (共9层) 2室1厅 | 94.51平米 | 南 北,https://ke-image.ljcdn.com/110000-inspection/f64e0311-f8cd-49ce-acc8-a128e0058df2_1000.jpg!m_fill,w_280,h_210,f_jpg?from=ke.com
20240923,朝阳,立水桥,101126422070,佳运园二期 不临街 出行便利 满五年唯一 方便看,365万,41160元/平,底层 (共6层) 2室1厅 | 88.68平米 | 南 北,https://ke-image.ljcdn.com/110000-inspection/dbb716b1-ab5d-4294-92e5-c9c278fad7de_1000.jpg!m_fill,w_280,h_210,f_jpg?from=ke.com
20240923,朝阳,立水桥,101126371054,佳运园二期 采光好 满五年唯一 诚心出售 不临街,365万,41160元/平,高楼层 (共6层) 2室1厅 | 88.68平米 | 南 北,https://ke-image.ljcdn.com/110000-inspection/6ac89072-ef74-43b1-acaa-399e6aa568fe_1000.jpg!m_fill,w_280,h_210,f_jpg?from=ke.com
20240923,朝阳,立水桥,101126335186,佳运园二期 2室1厅 南 北,396万,45983元/平,底层 (共6层) 2室1厅 | 86.12平米 | 南 北,https://ke-image.ljcdn.com/110000-inspection/6952287f-7925-432d-b099-d553a249c68b_1000.jpg!m_fill,w_280,h_210,f_jpg?from=ke.com
20240923,朝阳,立水桥,101126277691,正辰小区 户型方正 交通便利,425万,45773元/平,底层 (共18层) 2室1厅 | 92.85平米 | 南 北,https://ke-image.ljcdn.com/110000-inspection/c51656a5-774f-4107-89b5-e04b507f2154_1000.jpg!m_fill,w_280,h_210,f_jpg?from=ke.com
20240923,朝阳,立水桥,101126258454,顶秀青溪洋房三居  南北户型双明卫,960万,70849元/平,中楼层 (共7层) | 2007年 | 3室2厅 | 135.5平米 | 南 北,https://ke-image.ljcdn.com/110000-inspection/8a6008dc-74b8-4025-a5c4-0be6c760afe5_1000.jpg!m_fill,w_280,h_210,f_jpg?from=ke.com
20240923,朝阳,立水桥,101126241566,明天第一城5号院 2室1厅 南 北,540万,64571元/平,中楼层 (共6层) | 2007年 | 2室1厅 | 83.63平米 | 南 北,https://ke-image.ljcdn.com/110000-inspection/91694139-a732-4a02-ba9b-f5e96e98e56f_1000.jpg!m_fill,w_280,h_210,f_jpg?from=ke.com
20240923,朝阳,立水桥,101126181318,溪城家园商品房满五年唯一精装修看房方便,380万,46689元/平,低楼层 (共15层) | 2010年 | 2室1厅 | 81.39平米 | 南 北,https://ke-image.ljcdn.com/110000-inspection/pc1_sybaZNGGS.jpg!m_fill,w_280,h_210,f_jpg?from=ke.com
20240923,朝阳,立水桥,101126143645,立水桥 地铁5+13号线双地铁 精装修 落地阳台,490万,46873元/平,低楼层 (共18层) 2室1厅 | 104.54平米 | 西南,https://ke-image.ljcdn.com/110000-inspection/e2ffb078-60f6-465a-bdde-1b90bd6e9907_1000.jpg!m_fill,w_280,h_210,f_jpg?from=ke.com
20240923,朝阳,立水桥,101126107152,立城苑 2室1厅 南 北,608万,58299元/平,高楼层 (共15层) 2室1厅 | 104.29平米 | 南 北,https://ke-image.ljcdn.com/110000-inspection/8c597b87-977d-4d78-b2f5-de3d4f87dd33_1000.jpg!m_fill,w_280,h_210,f_jpg?from=ke.com
20240923,朝阳,立水桥,101126107031,立城苑 2室1厅 南 北房主自荐,550万,52738元/平,低楼层 (共15层) 2室1厅 | 104.29平米 | 南 北,https://ke-image.ljcdn.com/110000-inspection/d9e226ae-952d-4f5e-8420-89d0de62fadd_1000.jpg!m_fill,w_280,h_210,f_jpg?from=ke.com
20240923,朝阳,立水桥,101126099730,明天第一城1号院朝阳区小户型全南向采光充足,219万,55095元/平,中楼层 (共6层) | 2007年 | 1室1厅 | 39.75平米 | 南,https://ke-image.ljcdn.com/110000-inspection/d864ceda-81e8-49e5-86eb-381b6119ddd8_1000.jpg!m_fill,w_280,h_210,f_jpg?from=ke.com
20240923,朝阳,立水桥,101126051590,城建集团家属楼 2室1厅 南,312万,55076元/平,中楼层 (共6层) | 1990年 | 2室1厅 | 56.65平米 | 南,https://ke-image.ljcdn.com/110000-inspection/295b977a-c259-48ee-9002-ce5ee8de13be_1000.jpg!m_fill,w_280,h_210,f_jpg?from=ke.com
20240923,朝阳,立水桥,101126047023,北京北带电梯 立水桥地铁站 环境好 南向户型房主自荐,349万,62422元/平,中楼层 (共20层) 1室1厅 | 55.91平米 | 南,https://ke-image.ljcdn.com/110000-inspection/91eeaebf-c0ec-4104-9321-5cc73d016b62_1000.jpg!m_fill,w_280,h_210,f_jpg?from=ke.com
20240923,朝阳,立水桥,101126016827,楼层好采光好南北通透客厅带阳台诚心出售,389万,43831元/平,低楼层 (共6层) 2室1厅 | 88.75平米 | 南 北,https://ke-image.ljcdn.com/110000-inspection/cabad541-2c15-4575-8856-c67c7c668c88_1000.jpg!m_fill,w_280,h_210,f_jpg?from=ke.com
20240923,朝阳,立水桥,101126011719,立水桥 北京北 全明格局一居 次顶层 视野好,342万,60757元/平,高楼层 (共20层) 1室1厅 | 56.29平米 | 西 北,https://ke-image.ljcdn.com/110000-inspection/9004b0ed-d2ed-41d0-b9ef-1265863db65a_1000.jpg!m_fill,w_280,h_210,f_jpg?from=ke.com
20240923,朝阳,立水桥,101125994255,首付60万 近地铁 视野好 满五年唯一房主自荐,280万,48443元/平,顶层 (共6层) | 1984年 | 2室1厅 | 57.8平米 | 南 北,https://ke-image.ljcdn.com/110000-inspection/b45fb313-3aea-40eb-9d7f-f24de2b7680f_1000.jpg!m_fill,w_280,h_210,f_jpg?from=ke.com
20240923,朝阳,立水桥,101125941883,佳运园二期 2室1厅 南 北,395万,44543元/平,中楼层 (共6层) 2室1厅 | 88.68平米 | 南 北,https://ke-image.ljcdn.com/110000-inspection/fc318bf9-2345-4fe0-bc00-650f170ac342_1000.jpg!m_fill,w_280,h_210,f_jpg?from=ke.com
20240923,朝阳,立水桥,101125915192,立水桥地铁站龙德广场2014年小区房主自荐,510万,67488元/平,中楼层 (共18层) | 2014年 | 2室1厅 | 75.57平米 | 南 北,https://ke-image.ljcdn.com/110000-inspection/00aa0029-ca51-4217-a814-1ff937cbc13a_1000.jpg!m_fill,w_280,h_210,f_jpg?from=ke.com
20240923,朝阳,立水桥,101125869016,满五年唯一商品房 全南一居室 高楼层 采光好房主自荐,220万,42341元/平,顶层 (共6层) | 1997年 | 1室1厅 | 51.96平米 | 南,https://ke-image.ljcdn.com/110000-inspection/0e527e41-eb34-4a90-9099-48728cedb18b_1000.jpg!m_fill,w_280,h_210,f_jpg?from=ke.com
20240923,朝阳,立水桥,101125820243,东辰小区 中层精装 采光充足 视野开阔,373万,50756元/平,高楼层 (共6层) | 1996年 | 3室1厅 | 73.49平米 | 东 西,https://ke-image.ljcdn.com/110000-inspection/ba18283e-58e1-4008-a1dc-1ab8f5e2cef3_1000.jpg!m_fill,w_280,h_210,f_jpg?from=ke.com
20240923,朝阳,立水桥,101125817160,立城苑朝阳产权立水桥地铁站龙德广场立水桥公园,590万,45392元/平,中楼层 (共15层) | 2004年 | 3室1厅 | 129.98平米 | 南 北,https://ke-image.ljcdn.com/110000-inspection/c09562d7-8615-4d29-ba94-21f57743aa70_1000.jpg!m_fill,w_280,h_210,f_jpg?from=ke.com
20240923,朝阳,立水桥,101125815328,北方明珠 3室2厅 南 西,488万,28737元/平,高楼层 (共30层) | 2004年 | 3室2厅 | 169.82平米 | 南 西,https://ke-image.ljcdn.com/110000-inspection/e5b9e71b-9d13-443d-bb85-c02297d43d5e_1000.jpg!m_fill,w_280,h_210,f_jpg?from=ke.com
20240923,朝阳,立水桥,101125765793,东辰南区 南向3居室  精装修 满5年唯一,249万,40455元/平,高楼层 (共6层) 3室1厅 | 61.55平米 | 南,https://ke-image.ljcdn.com/110000-inspection/314fd2b6-fbc9-4dea-b84b-bbfc8b5bd630_1000.jpg!m_fill,w_280,h_210,f_jpg?from=ke.com
20240923,朝阳,立水桥,101125764764,立城苑 3室1厅 南 北,669万,52348元/平,高楼层 (共15层) | 2008年 | 3室1厅 | 127.8平米 | 南 北,https://ke-image.ljcdn.com/110000-inspection/6e2a7d59-af2b-4f7a-8320-8cf1fbcafd39_1000.jpg!m_fill,w_280,h_210,f_jpg?from=ke.com
20240923,朝阳,立水桥,101125741201,佳运园二期 精装二居 中间楼层 满五唯一 商品房,410万,47608元/平,低楼层 (共6层) 2室1厅 | 86.12平米 | 西南,https://ke-image.ljcdn.com/110000-inspection/b97f2030-32fe-4593-9a88-a07f89635ea8_1000.jpg!m_fill,w_280,h_210,f_jpg?from=ke.com
20240923,朝阳,立水桥,101125717597,北京北 精装修 南北通透三居室 满五唯一拎包入住,618万,54686元/平,中楼层 (共17层) | 2009年 | 3室2厅 | 113.01平米 | 南 北,https://ke-image.ljcdn.com/110000-inspection/9369d9a8-9c0c-42f0-93a9-cea040c209ed_1000.jpg!m_fill,w_280,h_210,f_jpg?from=ke.com
20240923,朝阳,立水桥,101125717354,北京北 精装修 南北通透三居室 满五唯一 拎包入住,630万,53916元/平,低楼层 (共17层) 3室1厅 | 116.85平米 | 南 北,https://ke-image.ljcdn.com/110000-inspection/c3cef8b6-88d0-4a65-bd57-74b2510c16f9_1000.jpg!m_fill,w_280,h_210,f_jpg?from=ke.com
20240923,朝阳,立水桥,101125672971,佳运园二期满5唯一 看房方便 随时可签 拎包入住房主自荐,335万,39205元/平,高楼层 (共6层) 2室2厅 | 85.45平米 | 南 北,https://ke-image.ljcdn.com/110000-inspection/3bfe75f0-ae0f-4c14-b04b-a1b85747c0ec_1000.jpg!m_fill,w_280,h_210,f_jpg?from=ke.com
20240923,朝阳,立水桥,101125666861,满5唯一 南北通透 楼层3层 看房方便 诚心出售,452万,38966元/平,中楼层 (共6层) | 2005年 | 3室1厅 | 116平米 | 南 北,https://ke-image.ljcdn.com/110000-inspection/54224436-4564-44ad-94df-0d26e58b0f15_1000.jpg!m_fill,w_280,h_210,f_jpg?from=ke.com
20240923,朝阳,立水桥,101125646556,立水桥 北京北 精装南向一居室 诚心出售 看房方便房主自荐,378万,61998元/平,低楼层 (共20层) 1室1厅 | 60.97平米 | 南 东,https://ke-image.ljcdn.com/110000-inspection/4c2cce71-45ca-4f2c-84fb-2a0b65ad3d73_1000.jpg!m_fill,w_280,h_210,f_jpg?from=ke.com
20240923,朝阳,立水桥,101125605418,溪城家园 2室1厅 西南,349万,42039元/平,底层 (共15层) 2室1厅 | 83.02平米 | 西南,https://ke-image.ljcdn.com/110000-inspection/ce572171-b477-4f99-8ec9-e84ace0e778d_1000.jpg!m_fill,w_280,h_210,f_jpg?from=ke.com
20240923,朝阳,立水桥,101125568564,立水桥大产权 通透户型 精装一居室 好楼层 仅契税,205万,45556元/平,低楼层 (共6层) 1室1厅 | 45平米 | 南,https://ke-image.ljcdn.com/110000-inspection/153e9099-72ce-4feb-aee2-6df80de9e231_1000.jpg!m_fill,w_280,h_210,f_jpg?from=ke.com
20240923,朝阳,立水桥,101125503736,北京北全明一居自住精装业主诚心出售价格可谈房主自荐,355万,62468元/平,低楼层 (共20层) 1室1厅 | 56.83平米 | 东北,https://ke-image.ljcdn.com/110000-inspection/f3a0077a-53a4-4471-8ad3-fae6bd9c6813_1000.jpg!m_fill,w_280,h_210,f_jpg?from=ke.com
20240923,朝阳,立水桥,101125503638,溪城家园 南北2居室 商品房 带电梯楼层好,369万,45338元/平,低楼层 (共15层) | 2010年 | 2室1厅 | 81.39平米 | 南 北,https://ke-image.ljcdn.com/110000-inspection/a37b3289-642f-4f80-bec9-7e60b359ec13_1000.jpg!m_fill,w_280,h_210,f_jpg?from=ke.com
20240923,朝阳,立水桥,101125494952,临立水桥地铁站临龙德广场西南两居好楼层好视野,420万,49343元/平,中楼层 (共18层) | 2014年 | 2室1厅 | 85.12平米 | 西南,https://ke-image.ljcdn.com/110000-inspection/711f529a-a9cb-45c1-a574-7ce4f2b34354_1000.jpg!m_fill,w_280,h_210,f_jpg?from=ke.com
20240923,朝阳,立水桥,101125448583,朝阳区 地铁边 2007年 H户型利用率89.5%,425万,50820元/平,高楼层 (共6层) 2室1厅 | 83.63平米 | 南 北,https://ke-image.ljcdn.com/110000-inspection/f9ad1a11-32ac-42c6-966f-6cdeaed7b29d_1000.jpg!m_fill,w_280,h_210,f_jpg?from=ke.com
20240923,朝阳,立水桥,101125441891,商品房 三室两卫 客厅带阳台 精装修,760万,56143元/平,低楼层 (共21层) | 2010年 | 3室2厅 | 135.37平米 | 南 北,https://ke-image.ljcdn.com/110000-inspection/66eaa6dc-d036-4b88-a360-bbfd4cef5f29_1000.jpg!m_fill,w_280,h_210,f_jpg?from=ke.com
20240923,朝阳,立水桥,101125363424,此房满五唯一无抵押产权清晰诚意出售中间楼层,298万,44927元/平,低楼层 (共6层) 1室1厅 | 66.33平米 | 南 北,https://ke-image.ljcdn.com/110000-inspection/afffe9b3-73e5-4474-9c28-52ec193989e5_1000.jpg!m_fill,w_280,h_210,f_jpg?from=ke.com
20240923,朝阳,立水桥,101125328871,正辰小区 南北通透两居室三面采光精装修,430万,43221元/平,高楼层 (共18层) 2室1厅 | 99.49平米 | 南 北,https://ke-image.ljcdn.com/110000-inspection/347b6e9e-56d3-4d98-a5e8-a41708aaa2a8_1000.jpg!m_fill,w_280,h_210,f_jpg?from=ke.com
20240923,朝阳,立水桥,101125278694,佳运园二期 2室1厅 南 北,349万,40963元/平,顶层 (共6层) 2室1厅 | 85.2平米 | 南 北,https://ke-image.ljcdn.com/110000-inspection/dd574130-5785-4dab-9368-1f27a649e8af_1000.jpg!m_fill,w_280,h_210,f_jpg?from=ke.com
20240923,朝阳,立水桥,101125258412,卢卡新天地 2室1厅 南 北,470万,48796元/平,中楼层 (共18层) | 2014年 | 2室1厅 | 96.32平米 | 南 北,https://ke-image.ljcdn.com/110000-inspection/d914ecb4-c1d1-49a2-a9e5-3c1ff60ceaa6_1000.jpg!m_fill,w_280,h_210,f_jpg?from=ke.com
20240923,朝阳,立水桥,101125245486,嘉诚花园二期 3室1厅 东 南 西,466万,38625元/平,中楼层 (共7层) 3室1厅 | 120.65平米 | 东 南 西,https://ke-image.ljcdn.com/110000-inspection/bdb63348-3275-4e41-a85f-cff5b1db41ad_1000.jpg!m_fill,w_280,h_210,f_jpg?from=ke.com
20240923,朝阳,立水桥,101125230227,佳运园一期 2室1厅 南 北,310万,46097元/平,顶层 (共6层) | 1996年 | 2室1厅 | 67.25平米 | 南 北,https://ke-image.ljcdn.com/110000-inspection/ea94bb58-adf7-42a8-85ca-155ecc01b692_1000.jpg!m_fill,w_280,h_210,f_jpg?from=ke.com
20240923,朝阳,立水桥,101125214788,立水桥清水园二期南北通透三居室中间楼层,550万,46595元/平,中楼层 (共7层) 3室2厅 | 118.04平米 | 南 北,https://ke-image.ljcdn.com/110000-inspection/1ca0286d-4474-4c06-a35e-07ca7bd0afe4_1000.jpg!m_fill,w_280,h_210,f_jpg?from=ke.com
20240923,朝阳,立水桥,101125204613,溪城家园南向两居  高层景观好主流户型 满五唯一,448万,55896元/平,高楼层 (共15层) | 2010年 | 2室1厅 | 80.15平米 | 南,https://ke-image.ljcdn.com/110000-inspection/pc1_7mfzWXNW7.jpg!m_fill,w_280,h_210,f_jpg?from=ke.com
20240923,朝阳,立水桥,101125204242,立水桥首付60万买2010年电梯双地铁全南两居室,269万,36714元/平,低楼层 (共21层) | 2010年 | 2室1厅 | 73.27平米 | 南,https://ke-image.ljcdn.com/110000-inspection/deb581cc-14b0-4b88-ab6f-94bf45e1bf67_1000.jpg!m_fill,w_280,h_210,f_jpg?from=ke.com
20240923,朝阳,立水桥,101125196671,北京北 一居室 全明格局 户型方正房主自荐,335万,59219元/平,中楼层 (共20层) | 2008年 | 1室1厅 | 56.57平米 | 西北,https://ke-image.ljcdn.com/110000-inspection/pc1_jF5S8wCvS.jpg!m_fill,w_280,h_210,f_jpg?from=ke.com
20240923,朝阳,立水桥,101125192860,佳运园二期 3室1厅 南 北,550万,47719元/平,中楼层 (共6层) | 2005年 | 3室1厅 | 115.26平米 | 南 北,https://ke-image.ljcdn.com/110000-inspection/pc1_c0Om0CFPn.jpg!m_fill,w_280,h_210,f_jpg?from=ke.com
20240923,朝阳,立水桥,101125178766,合立方小区精装修三居室看房方便。,465万,53040元/平,中楼层 (共21层) | 2010年 | 3室1厅 | 87.67平米 | 西北,https://ke-image.ljcdn.com/110000-inspection/pc1_UOBtxHDmO.jpg!m_fill,w_280,h_210,f_jpg?from=ke.com
20240923,朝阳,立水桥,101125141537,北京北小区优质两居室视野开阔采光好正对公园,478万,53325元/平,高楼层 (共20层) | 2008年 | 2室1厅 | 89.64平米 | 西南,https://ke-image.ljcdn.com/110000-inspection/895f0428-7a85-4622-8fc6-854cb05c560a_1000.jpg!m_fill,w_280,h_210,f_jpg?from=ke.com
20240923,朝阳,立水桥,101125083099,溪城家园 满5唯一 明厨明卫 看房方便 随时签约,446万,50556元/平,中楼层 (共15层) | 2010年 | 3室1厅 | 88.22平米 | 东南 北,https://ke-image.ljcdn.com/110000-inspection/pc1_ibjhVraWZ.jpg!m_fill,w_280,h_210,f_jpg?from=ke.com
20240923,朝阳,立水桥,101125064478,观景东小口公园视野开阔满五唯一两居室户型方正房主自荐,230万,38168元/平,高楼层 (共6层) 2室1厅 | 60.26平米 | 西,https://ke-image.ljcdn.com/110000-inspection/f5d8d9c9-1b1f-487b-b382-86d09a274039_1000.jpg!m_fill,w_280,h_210,f_jpg?from=ke.com
20240923,朝阳,立水桥,101125057834,顶秀青溪 3室1厅 西南 北,770万,50960元/平,低楼层 (共12层) | 2007年 | 3室1厅 | 151.1平米 | 西南 北,https://ke-image.ljcdn.com/110000-inspection/pc1_Ixk36SiNp.jpg!m_fill,w_280,h_210,f_jpg?from=ke.com
20240923,朝阳,立水桥,101124942604,溪城家园三居室商品房满五年唯一精装修,415万,49511元/平,低楼层 (共15层) | 2010年 | 3室1厅 | 83.82平米 | 东 西,https://ke-image.ljcdn.com/110000-inspection/55cf2064-4b81-4ea2-b83f-42a73f2eda33_1000.jpg!m_fill,w_280,h_210,f_jpg?from=ke.com
20240923,朝阳,立水桥,101124917335,合立方2号楼首付101万的3居室东南向安静,458万,53637元/平,低楼层 (共21层) | 2010年 | 3室1厅 | 85.39平米 | 东南,https://ke-image.ljcdn.com/110000-inspection/237bd11b-e6db-4b1f-8d9c-5355333a02c2_1000.jpg!m_fill,w_280,h_210,f_jpg?from=ke.com
20240923,朝阳,立水桥,101124841316,佳运园 新上南北通透两居室 采光好 价格可谈,358万,40370元/平,高楼层 (共6层) 2室1厅 | 88.68平米 | 南 北,https://ke-image.ljcdn.com/110000-inspection/pc1_pfsEPAGt9.jpg!m_fill,w_280,h_210,f_jpg?from=ke.com
20240923,朝阳,立水桥,101124802611,坐拥东小口森林公园中间楼层满五唯一南北双阳台房主自荐,368万,43193元/平,高楼层 (共6层) | 2005年 | 2室2厅 | 85.2平米 | 南 北,https://ke-image.ljcdn.com/110000-inspection/pc1_LaGCipfTK.jpg!m_fill,w_280,h_210,f_jpg?from=ke.com
20240923,朝阳,立水桥,101124790867,佳运园 满五唯一 南北通透 中间层两居,316万,41216元/平,中楼层 (共6层) 2室1厅 | 76.67平米 | 南 北,https://ke-image.ljcdn.com/110000-inspection/pc1_cKuvpxFJB.jpg!m_fill,w_280,h_210,f_jpg?from=ke.com
20240923,朝阳,立水桥,101124767268,中间楼层 双卧朝南 采光无遮挡 明厨明卫 诚心出售房主自荐,278万,42443元/平,中楼层 (共6层) 2室1厅 | 65.5平米 | 东 南 西,https://ke-image.ljcdn.com/110000-inspection/pc1_1m0NeZMXX.jpg!m_fill,w_280,h_210,f_jpg?from=ke.com
20240923,朝阳,立水桥,101124763082,此房满五年唯一南北通透04年商品房中间楼层,368万,43026元/平,高楼层 (共6层) 2室1厅 | 85.53平米 | 南 北,https://ke-image.ljcdn.com/110000-inspection/19b5b9b8-a4f9-4207-9cc5-69fae04f10af_1000.jpg!m_fill,w_280,h_210,f_jpg?from=ke.com
20240923,朝阳,立水桥,101124754493,立城苑 朝阳产权眼睛房中间层正规两居室,520万,56150元/平,中楼层 (共15层) | 2008年 | 2室1厅 | 92.61平米 | 东南,https://ke-image.ljcdn.com/110000-inspection/c5cf4367-3c62-4928-8a2a-4188cedc2e75_1000.jpg!m_fill,w_280,h_210,f_jpg?from=ke.com
20240923,朝阳,立水桥,101124746126,佳运园二期 南北通透三居室 楼层好 诚心出售,469万,40432元/平,低楼层 (共6层) | 2005年 | 3室1厅 | 116平米 | 南 北,https://ke-image.ljcdn.com/110000-inspection/99bf20de-9cec-4cf2-90b8-27d28b4c1d66_1000.jpg!m_fill,w_280,h_210,f_jpg?from=ke.com
20240923,朝阳,立水桥,101124738660,满五唯一采光好业主诚心出售,275万,52926元/平,低楼层 (共6层) | 1997年 | 1室1厅 | 51.96平米 | 南,https://ke-image.ljcdn.com/110000-inspection/8b6f5386-793b-4efd-a4b9-d7cd17fbe8c9_1000.jpg!m_fill,w_280,h_210,f_jpg?from=ke.com
20240923,朝阳,立水桥,101124729413,全明格局一居室户型方正精装保持的好,343万,60957元/平,低楼层 (共20层) 1室1厅 | 56.27平米 | 东 北,https://ke-image.ljcdn.com/110000-inspection/d494ae56-af85-4d21-88aa-13d2159842c2_1000.jpg!m_fill,w_280,h_210,f_jpg?from=ke.com
20240923,朝阳,立水桥,101124709469,明天第一城5号院朝阳区精装修低楼层采光充足房主自荐,530万,61089元/平,低楼层 (共6层) 2室1厅 | 86.76平米 | 南 北,https://ke-image.ljcdn.com/110000-inspection/pc1_puKKSLqs0.jpg!m_fill,w_280,h_210,f_jpg?from=ke.com
20240923,朝阳,立水桥,101124692536,南向大阳台采光通风好商品房社区,395万,45476元/平,顶层 (共6层) 2室1厅 | 86.86平米 | 西南,https://ke-image.ljcdn.com/110000-inspection/2e348399-b6ad-4047-b522-cd68789a3c56_1000.jpg!m_fill,w_280,h_210,f_jpg?from=ke.com
20240923,朝阳,立水桥,101124668100,佳运园二期 2室1厅 西南,432万,50752元/平,中楼层 (共6层) | 2005年 | 2室1厅 | 85.12平米 | 西南,https://ke-image.ljcdn.com/110000-inspection/pc1_fbc4LEFKp.jpg!m_fill,w_280,h_210,f_jpg?from=ke.com
20240923,朝阳,立水桥,101124662798,立水桥 北方明珠 高层观景房 民水民电交通便利,200万,36115元/平,中楼层 (共30层) | 2004年 | 1室1厅 | 55.38平米 | 西,https://ke-image.ljcdn.com/110000-inspection/556f3962-5e45-4440-a64b-11db23c69acf_1000.jpg!m_fill,w_280,h_210,f_jpg?from=ke.com
20240923,朝阳,立水桥,101124662681,北方明珠配套成熟精装修视野好采光好交通便利,205万,37017元/平,中楼层 (共30层) | 2004年 | 1室0厅 | 55.38平米 | 西,https://ke-image.ljcdn.com/110000-inspection/1358a58b-a515-4abc-9938-a2d199f6bf09_1000.jpg!m_fill,w_280,h_210,f_jpg?from=ke.com
20240923,朝阳,立水桥,101124637658,商品房满五年唯一 高楼层采光好 户型方正,428万,50223元/平,高楼层 (共15层) | 2010年 | 3室1厅 | 85.22平米 | 东南 北,https://ke-image.ljcdn.com/110000-inspection/c9daf8b0-2f4f-4296-b417-50cefa241c5b_1000.jpg!m_fill,w_280,h_210,f_jpg?from=ke.com
20240923,朝阳,立水桥,101124613408,溪城家园 2室1厅 西南,375万,45165元/平,低楼层 (共15层) | 2010年 | 2室1厅 | 83.03平米 | 西南,https://ke-image.ljcdn.com/110000-inspection/e002ae59-7e0f-41bf-9c1a-143844786966_1000.jpg!m_fill,w_280,h_210,f_jpg?from=ke.com
20240923,朝阳,立水桥,101124601639,清水园一期 满五年全南眼睛房 大阳台 精装修,299万,44528元/平,底层 (共6层) | 1997年 | 2室1厅 | 67.15平米 | 南,https://ke-image.ljcdn.com/110000-inspection/f27e20ae-c48a-423d-adfa-4fc2355e50b5_1000.jpg!m_fill,w_280,h_210,f_jpg?from=ke.com
20240923,朝阳,立水桥,101124584090,嘉诚花园 南北通透 低楼层出行方便。满五唯一精装修,298万,39771元/平,底层 (共6层) 2室1厅 | 74.93平米 | 南 北,https://ke-image.ljcdn.com/110000-inspection/bf476a65-ae0c-40dc-814b-529908038a9c_1000.jpg!m_fill,w_280,h_210,f_jpg?from=ke.com
20240923,朝阳,立水桥,101124566169,立水桥 电梯房 溪城家园 南向 精装修 满五唯一,372万,53882元/平,低楼层 (共15层) | 2010年 | 2室1厅 | 69.04平米 | 南,https://ke-image.ljcdn.com/110000-inspection/f8e69af2-9f8e-41b9-9699-a47173bf492d_1000.jpg!m_fill,w_280,h_210,f_jpg?from=ke.com
20240923,朝阳,立水桥,101124509676,东小口公园门口明厨明卫两居室户型方正满五唯一,298万,38152元/平,低楼层 (共6层) 2室1厅 | 78.11平米 | 南,https://ke-image.ljcdn.com/110000-inspection/pc1_abzk9DX4b.jpg!m_fill,w_280,h_210,f_jpg?from=ke.com
20240923,朝阳,立水桥,101124501684,北方明珠 立水桥 精装修 拎包入住 随时签约,195万,35307元/平,顶层 (共19层) | 2004年 | 1室0厅 | 55.23平米 | 北,https://ke-image.ljcdn.com/110000-inspection/pc1_Wc5cZQgjR.jpg!m_fill,w_280,h_210,f_jpg?from=ke.com
20240923,朝阳,立水桥,101124499483,地质勘查大院  全南两居室 户型方正,305万,49610元/平,高楼层 (共6层) 2室1厅 | 61.48平米 | 南,https://ke-image.ljcdn.com/110000-inspection/e423bdb8-ad69-471f-a8ad-1c847db8e042_1000.jpg!m_fill,w_280,h_210,f_jpg?from=ke.com
20240923,朝阳,立水桥,101124488550,立水桥 佳运园三期 南北通透 精装修 满五唯一,370万,41532元/平,顶层 (共6层) | 2004年 | 2室1厅 | 89.09平米 | 北 南,https://ke-image.ljcdn.com/110000-inspection/b40c8842-9b5c-42cb-8a54-190f5fc5b843_1000.jpg!m_fill,w_280,h_210,f_jpg?from=ke.com
20240923,朝阳,立水桥,101124461997,立水桥地铁 5号线13号线 南向一居室 满五唯一,355万,58235元/平,低楼层 (共20层) | 2008年 | 1室1厅 | 60.96平米 | 西南,https://ke-image.ljcdn.com/110000-inspection/f86fa83c-13d0-4e5c-8ea4-3c5e3744d7e0_1000.jpg!m_fill,w_280,h_210,f_jpg?from=ke.com
20240923,朝阳,立水桥,101124450543,溪城家园 精装南向1居室 只有契税 视野开阔,340万,53018元/平,低楼层 (共15层) | 2010年 | 1室1厅 | 64.13平米 | 南,https://ke-image.ljcdn.com/110000-inspection/pc1_mh6QoMWAV.jpg!m_fill,w_280,h_210,f_jpg?from=ke.com
20240923,朝阳,立水桥,101124446848,溪城家园 2室1厅 南 西,420万,50591元/平,低楼层 (共15层) 2室1厅 | 83.02平米 | 南 西,https://ke-image.ljcdn.com/110000-inspection/6e5f9d5c-6b16-47fb-ac2a-e98cb5d74034_1000.jpg!m_fill,w_280,h_210,f_jpg?from=ke.com
20240923,朝阳,立水桥,101124404395,东辰小区 2室1厅 南 北,355万,53642元/平,中楼层 (共5层) 2室1厅 | 66.18平米 | 南 北,https://ke-image.ljcdn.com/110000-inspection/b9bc2834-6104-4f23-bd73-a3d355752824_1000.jpg!m_fill,w_280,h_210,f_jpg?from=ke.com
20240923,朝阳,立水桥,101124386564,此房是南北通透两居室全明格局有电梯。,498万,50590元/平,低楼层 (共15层) | 2008年 | 2室1厅 | 98.44平米 | 南 北,https://ke-image.ljcdn.com/110000-inspection/e685037c-0e99-45a3-ba86-bc132090384c_1000.jpg!m_fill,w_280,h_210,f_jpg?from=ke.com
20240923,朝阳,立水桥,101124372103,商品房 满五唯一 南北通透 诚心出售,300万,42705元/平,中楼层 (共6层) | 1998年 | 2室1厅 | 70.25平米 | 南 北,https://ke-image.ljcdn.com/110000-inspection/2289238c-bd85-4256-abe9-03dd13ead0e9_1000.jpg!m_fill,w_280,h_210,f_jpg?from=ke.com
20240923,朝阳,立水桥,101124356995,东辰小区 高楼层 满五唯一 采光好,275万,43403元/平,顶层 (共6层) 2室1厅 | 63.36平米 | 南,https://ke-image.ljcdn.com/110000-inspection/c42338bd-bd5e-43fa-9d3e-749e9be8e331_1000.jpg!m_fill,w_280,h_210,f_jpg?from=ke.com
20240923,朝阳,立水桥,101124342144,北方明珠 1室1厅 东南,320万,28539元/平,高楼层 (共30层) | 2004年 | 1室1厅 | 112.13平米 | 东南,https://ke-image.ljcdn.com/110000-inspection/f512c7bd-daad-4cbe-8518-161e6d935a76_1000.jpg!m_fill,w_280,h_210,f_jpg?from=ke.com
20240923,朝阳,立水桥,101124340944,2014年小区楼龄新商品房满五唯一近地铁精装修,418万,43398元/平,中楼层 (共18层) | 2014年 | 3室1厅 | 96.32平米 | 南 北,https://ke-image.ljcdn.com/110000-inspection/60e0502a-1c94-4e93-ad06-8b88fb49c2f9_1000.jpg!m_fill,w_280,h_210,f_jpg?from=ke.com
20240923,朝阳,立水桥,101124334401,城建集团家属楼 2室1厅 南 北,316万,54361元/平,高楼层 (共6层) | 1990年 | 2室1厅 | 58.13平米 | 南 北,https://ke-image.ljcdn.com/110000-inspection/2a4922ff-5fe1-45b5-b33a-dcc2d6059ae7_1000.jpg!m_fill,w_280,h_210,f_jpg?from=ke.com
20240923,朝阳,立水桥,101124321245,婚房精装 全屋软水加新风仅契税房主自荐,306万,48557元/平,高楼层 (共6层) | 1994年 | 2室1厅 | 63.02平米 | 南,https://ke-image.ljcdn.com/110000-inspection/92affd68-e746-4b20-9b27-e97b42c15872_1000.jpg!m_fill,w_280,h_210,f_jpg?from=ke.com
20240923,朝阳,立水桥,101124307208,立水桥 东南向一居室 朝阳产权 2楼 安静适宜居住,249万,54907元/平,低楼层 (共6层) | 2007年 | 1室1厅 | 45.35平米 | 东南,https://ke-image.ljcdn.com/110000-inspection/cfecce9f-ac7a-4c80-91b2-df05e0136c19_1000.jpg!m_fill,w_280,h_210,f_jpg?from=ke.com
20240923,朝阳,立水桥,101124270434,立水桥方正三居满五唯一南北通透房主自荐,415万,38263元/平,顶层 (共6层) 3室1厅 | 108.46平米 | 北 南,https://ke-image.ljcdn.com/110000-inspection/d3ec9867-3028-4548-96f8-36e4fb38c43d_1000.jpg!m_fill,w_280,h_210,f_jpg?from=ke.com
20240923,朝阳,立水桥,101124259963,北方明珠 70年住宅满五年只有契税,222万,40196元/平,中楼层 (共19层) | 2004年 | 1室1厅 | 55.23平米 | 北,https://ke-image.ljcdn.com/110000-inspection/1aaf0ecb-5eba-4704-b2b0-98798426e35d_1000.jpg!m_fill,w_280,h_210,f_jpg?from=ke.com
20240923,朝阳,立水桥,101124259492,北方明珠 70年住宅满五年只有契税,248万,44904元/平,中楼层 (共19层) | 2004年 | 1室1厅 | 55.23平米 | 北,https://ke-image.ljcdn.com/110000-inspection/f435bd75-c187-401c-9e14-28f0a1103353_1000.jpg!m_fill,w_280,h_210,f_jpg?from=ke.com
20240923,朝阳,立水桥,101124137116,清水园二期 1室1厅 南,400万,43745元/平,底层 (共7层) | 2003年 | 1室1厅 | 91.44平米 | 南,https://ke-image.ljcdn.com/110000-inspection/6cc78128-0391-4b46-be65-a0881e44c20d_1000.jpg!m_fill,w_280,h_210,f_jpg?from=ke.com
20240923,朝阳,立水桥,101124133357,立城苑 3室1厅 南 北,660万,50778元/平,高楼层 (共15层) | 2004年 | 3室1厅 | 129.98平米 | 南 北,https://ke-image.ljcdn.com/110000-inspection/b4207ca5-7485-4718-88c2-d80a024562bd_1000.jpg!m_fill,w_280,h_210,f_jpg?from=ke.com
20240923,朝阳,立水桥,101124094519,北京北 1室1厅 东南,395万,70650元/平,中楼层 (共20层) 1室1厅 | 55.91平米 | 东南,https://ke-image.ljcdn.com/110000-inspection/pc1_OWzp3F30x.jpg!m_fill,w_280,h_210,f_jpg?from=ke.com
20240923,朝阳,立水桥,101124017464,急售嘉诚花园南北三居室 方正格局 中间层 满五唯一房主自荐,435万,40107元/平,中楼层 (共6层) 3室1厅 | 108.46平米 | 南 北,https://ke-image.ljcdn.com/110000-inspection/bbdc04e8-48f4-4850-bdb5-b2f70a6a9bba_1000.jpg!m_fill,w_280,h_210,f_jpg?from=ke.com
20240923,朝阳,立水桥,101124014520,立汤路188号院朝南向落地窗高楼层采光和视野好,232万,42083元/平,高楼层 (共19层) | 2004年 | 1室1厅 | 55.13平米 | 南,https://ke-image.ljcdn.com/110000-inspection/92381f09-812f-400f-af5c-e13d1dd6d0e9_1000.jpg!m_fill,w_280,h_210,f_jpg?from=ke.com
20240923,朝阳,立水桥,101124010894,清水园二期 满五唯一 南北通透大三居边户全明格局,508万,43968元/平,中楼层 (共7层) 3室1厅 | 115.54平米 | 南 北,https://ke-image.ljcdn.com/110000-inspection/bcebe85e-5a44-469b-8a8d-40b79364df46_1000.jpg!m_fill,w_280,h_210,f_jpg?from=ke.com
20240923,朝阳,立水桥,101123971223,溪城家园 高层观景 商品房满五唯一,355万,43151元/平,高楼层 (共15层) 2室1厅 | 82.27平米 | 南 西 北,https://ke-image.ljcdn.com/110000-inspection/94bcf536-97a2-4181-bfd7-9e43863ff162_1000.jpg!m_fill,w_280,h_210,f_jpg?from=ke.com
20240923,朝阳,立水桥,101123955666,城建集团家属楼 立水桥北里 明厨明卫  有钥匙,340万,46184元/平,中楼层 (共6层) | 1990年 | 3室1厅 | 73.62平米 | 南 北,https://ke-image.ljcdn.com/110000-inspection/5d552b3f-0ab4-43cd-8ba6-6cb156ab6eeb_1000.jpg!m_fill,w_280,h_210,f_jpg?from=ke.com
20240923,朝阳,立水桥,101123895103,商品房东西通透两居室居住安静2008年小区的,479万,48311元/平,低楼层 (共15层) | 2008年 | 2室1厅 | 99.15平米 | 东 西,https://ke-image.ljcdn.com/110000-inspection/pc1_xXCklqbUE_1.jpg!m_fill,w_280,h_210,f_jpg?from=ke.com
20240923,朝阳,立水桥,101123888573,正规三居室采光充足商品房中楼层 视野好,429万,48607元/平,中楼层 (共15层) | 2010年 | 3室1厅 | 88.26平米 | 东 南 北,https://ke-image.ljcdn.com/110000-inspection/pc1_9ObHthjfl.jpg!m_fill,w_280,h_210,f_jpg?from=ke.com
20240923,朝阳,立水桥,101123870698,满五唯一 南北通透 高层采光好 随时签约房主自荐,239万,35481元/平,顶层 (共6层) | 2004年 | 1室1厅 | 67.36平米 | 南 北,https://ke-image.ljcdn.com/110000-inspection/08ba762b-23fa-4a92-a824-8ef1bf573905_1000.jpg!m_fill,w_280,h_210,f_jpg?from=ke.com
20240923,朝阳,立水桥,101123855577,东辰小区 正规小两居 全明格局 满五唯一,289万,45859元/平,中楼层 (共6层) | 1994年 | 2室1厅 | 63.02平米 | 东,https://ke-image.ljcdn.com/110000-inspection/43af92c5-fbb0-43f5-b74b-d249d109bfdc_1000.jpg!m_fill,w_280,h_210,f_jpg?from=ke.com
20240923,朝阳,立水桥,101123773989,正规两居室 全明格局 诚意出售 随时签约,258万,39414元/平,顶层 (共6层) | 1994年 | 2室1厅 | 65.46平米 | 东北,https://ke-image.ljcdn.com/110000-inspection/551846fb-daa0-425b-9b00-84abb5410d3f_1000.jpg!m_fill,w_280,h_210,f_jpg?from=ke.com
20240923,朝阳,立水桥,101123744212,佳运园一期中间楼层南北2居商品房满五唯一,320万,39139元/平,中楼层 (共6层) | 1996年 | 2室1厅 | 81.76平米 | 南 北,https://ke-image.ljcdn.com/110000-inspection/pc1_Jqt7x3pfq.jpg!m_fill,w_280,h_210,f_jpg?from=ke.com
20240923,朝阳,立水桥,101123689041,佳运园二期 客厅朝南带阳台 主卧带飘窗,369万,41578元/平,顶层 (共6层) 2室1厅 | 88.75平米 | 南 北,https://ke-image.ljcdn.com/110000-inspection/6aec8e4a-603e-4089-a6f8-a628c671067b_1000.jpg!m_fill,w_280,h_210,f_jpg?from=ke.com
20240923,朝阳,立水桥,101123600653,立水桥 北方明珠 东北向  70年商品房,286万,24491元/平,中楼层 (共30层) | 2004年 | 1室1厅 | 116.78平米 | 东北,https://ke-image.ljcdn.com/110000-inspection/7878a520-b0a6-4808-81ef-49c6207681c5_1000.jpg!m_fill,w_280,h_210,f_jpg?from=ke.com
20240923,朝阳,立水桥,101123592782,清水园二期 商品房 满五唯一 业主诚心出售,377万,36795元/平,中楼层 (共7层) 2室2厅 | 102.46平米 | 南 北,https://ke-image.ljcdn.com/110000-inspection/pc1_kBOn3VSak.jpg!m_fill,w_280,h_210,f_jpg?from=ke.com
20240923,朝阳,立水桥,101123585367,立水桥 北苑北 南北通透 两居,268万,39107元/平,高楼层 (共6层) 2室1厅 | 68.53平米 | 南 北,https://ke-image.ljcdn.com/110000-inspection/a9fad33d-f7fe-4561-9013-af8a38e8402b_1000.jpg!m_fill,w_280,h_210,f_jpg?from=ke.com
20240923,朝阳,立水桥,101123518476,立水桥 北方明珠 东向 精装修 70年商品房,246万,44768元/平,低楼层 (共19层) | 2004年 | 1室1厅 | 54.95平米 | 东,https://ke-image.ljcdn.com/110000-inspection/73fe14dd-1811-4530-b3ec-83f9cc48e836_1000.jpg!m_fill,w_280,h_210,f_jpg?from=ke.com
20240923,朝阳,立水桥,101123487920,佳运园三期 1室1厅 东北,310万,46575元/平,顶层 (共6层) | 2004年 | 1室1厅 | 66.56平米 | 东北,https://ke-image.ljcdn.com/110000-inspection/5c40413e-c492-4891-8793-3dbb6d8e484c_1000.jpg!m_fill,w_280,h_210,f_jpg?from=ke.com
20240923,朝阳,立水桥,101123465248,地质勘查大院 南北通透商品房满五年唯一,260万,42729元/平,顶层 (共6层) 2室1厅 | 60.85平米 | 南 北,https://ke-image.ljcdn.com/110000-inspection/66fa1e5e-0198-4da9-8f42-4704268d59e3_1000.jpg!m_fill,w_280,h_210,f_jpg?from=ke.com
20240923,朝阳,立水桥,101123458490,总监力荐 佳运园二期 精装修拎包住,350万,39602元/平,顶层 (共6层) 2室1厅 | 88.38平米 | 南 北,https://ke-image.ljcdn.com/110000-inspection/36d370ae-bbfa-4a21-80c3-7d82988e166d_1000.jpg!m_fill,w_280,h_210,f_jpg?from=ke.com
20240923,朝阳,立水桥,101123455805,70年商品房住宅只有契税看房随方便,248万,44985元/平,中楼层 (共19层) | 2004年 | 1室0厅 | 55.13平米 | 南,https://ke-image.ljcdn.com/110000-inspection/e7496b44-8772-4cd7-9fa7-ce184087ed02_1000.jpg!m_fill,w_280,h_210,f_jpg?from=ke.com
20240923,朝阳,立水桥,101123423380,北方明珠精装修房屋舒适温馨敞亮 采光视野无遮挡房主自荐,199万,36032元/平,中楼层 (共19层) | 2004年 | 1室1厅 | 55.23平米 | 北,https://ke-image.ljcdn.com/110000-inspection/prod-fe79a0f7-489b-4907-82a2-600190da1a86.jpg!m_fill,w_280,h_210,f_jpg?from=ke.com
20240923,朝阳,立水桥,101123378689,精装修 业主自住看房方便满五年唯一住房,278万,44085元/平,中楼层 (共6层) 2室1厅 | 63.06平米 | 西,https://ke-image.ljcdn.com/110000-inspection/pc1_rPhpKrTq2.jpg!m_fill,w_280,h_210,f_jpg?from=ke.com
20240923,朝阳,立水桥,101123374863,溪城家园精装西向一居室中高楼层看房有钥匙房主自荐,298万,45988元/平,中楼层 (共15层) | 2010年 | 1室1厅 | 64.8平米 | 西,https://ke-image.ljcdn.com/110000-inspection/edfbe967-afd1-473b-970f-0ea20f4307df_1000.jpg!m_fill,w_280,h_210,f_jpg?from=ke.com
20240923,朝阳,立水桥,101123364869,佳运园 已做老小城改造 环境好 出门就是森林公园,256万,42120元/平,顶层 (共6层) 1室1厅 | 60.78平米 | 南,https://ke-image.ljcdn.com/110000-inspection/c2599d70-8809-4b98-9ea4-80ea5512a09d_1000.jpg!m_fill,w_280,h_210,f_jpg?from=ke.com
20240923,朝阳,立水桥,101123327165,50万 精装南北两居 中间楼层房主自荐,450万,60057元/平,中楼层 (共6层) 2室1厅 | 74.93平米 | 南 北,https://ke-image.ljcdn.com/110000-inspection/ab5ee0fb-66b1-4e1c-9a15-630c4160188d_1000.jpg!m_fill,w_280,h_210,f_jpg?from=ke.com
20240923,朝阳,立水桥,101123326561,合立方 经典小三居 出行方便 配套齐全房主自荐,479万,55083元/平,低楼层 (共21层) | 2010年 | 3室1厅 | 86.96平米 | 东北,https://ke-image.ljcdn.com/110000-inspection/64dd2466-0b22-44eb-924b-ee45e210d74b_1000.jpg!m_fill,w_280,h_210,f_jpg?from=ke.com
20240923,朝阳,立水桥,101123292353,明天第一城1号院 户型方正1居室 楼层好 只有契税房主自荐,278万,61301元/平,低楼层 (共6层) | 2007年 | 1室1厅 | 45.35平米 | 东南,https://ke-image.ljcdn.com/110000-inspection/8812312e-099e-4cc8-87d6-bf4e50d71bb5_1000.jpg!m_fill,w_280,h_210,f_jpg?from=ke.com
20240923,朝阳,立水桥,101123254039,溪城家园 无遮挡 采光好 商品房,369万,45461元/平,低楼层 (共15层) | 2010年 | 2室1厅 | 81.17平米 | 南 北,https://ke-image.ljcdn.com/110000-inspection/pc1_JT7szhzLi.jpg!m_fill,w_280,h_210,f_jpg?from=ke.com
20240923,朝阳,立水桥,101123219948,明天第一城1号院 1室1厅 东南,277万,61162元/平,中楼层 (共6层) | 2007年 | 1室1厅 | 45.29平米 | 东南,https://ke-image.ljcdn.com/110000-inspection/dff7fa7a-2d4d-415c-be29-316d5701d6e5_1000.jpg!m_fill,w_280,h_210,f_jpg?from=ke.com
20240923,朝阳,立水桥,101123204083,商品房满五年唯一中楼层采光好南向近地铁,210万,52831元/平,中楼层 (共6层) | 2007年 | 1室0厅 | 39.75平米 | 南,https://ke-image.ljcdn.com/110000-inspection/5f74dafb-fb4e-45a1-ac93-776ad44a024a_1000.jpg!m_fill,w_280,h_210,f_jpg?from=ke.com
20240923,朝阳,立水桥,101123192626,2014年楼龄新商品房近立水桥地铁近龙德广场,520万,57765元/平,高楼层 (共18层) | 2014年 | 2室1厅 | 90.02平米 | 北,https://ke-image.ljcdn.com/110000-inspection/pc1_nDTLcJbh8.jpg!m_fill,w_280,h_210,f_jpg?from=ke.com
20240923,朝阳,立水桥,101123191565,立城苑 2室1厅 南 北,480万,48707元/平,高楼层 (共15层) | 2008年 | 2室1厅 | 98.55平米 | 南 北,https://ke-image.ljcdn.com/110000-inspection/54925f9f-4134-4fa2-abfa-df409853481c_1000.jpg!m_fill,w_280,h_210,f_jpg?from=ke.com
20240923,朝阳,立水桥,101123173843,次顶层商品房满五年唯一 精装修 拎包住 不临街,385万,46639元/平,高楼层 (共15层) | 2010年 | 2室1厅 | 82.55平米 | 南 北,https://ke-image.ljcdn.com/110000-inspection/6185b216-5ac9-4995-8dce-3b91cd10ac40_1000.jpg!m_fill,w_280,h_210,f_jpg?from=ke.com
20240923,朝阳,立水桥,101123172302,商品房 满五年唯一 诚心出售 户型方正,275万,43637元/平,高楼层 (共6层) | 1994年 | 2室1厅 | 63.02平米 | 北,https://ke-image.ljcdn.com/110000-inspection/pc1_8MVxPEt9g.jpg!m_fill,w_280,h_210,f_jpg?from=ke.com
20240923,朝阳,立水桥,101123085567,北京北 3室1厅 南 北,800万,76534元/平,底层 (共17层) | 2009年 | 3室1厅 | 104.53平米 | 南 北,https://ke-image.ljcdn.com/110000-inspection/f8ca9050-3c57-4ef5-8025-c42af45c9904_1000.jpg!m_fill,w_280,h_210,f_jpg?from=ke.com
20240923,朝阳,立水桥,101123047837,70年住宅低楼层不用爬楼梯商品房满一,248万,62390元/平,底层 (共6层) | 2007年 | 1室0厅 | 39.75平米 | 南,https://ke-image.ljcdn.com/110000-inspection/ef32d351-4446-43f1-868f-443d8af2cd44_1000.jpg!m_fill,w_280,h_210,f_jpg?from=ke.com
20240923,朝阳,立水桥,101123045038,北方明珠 1室1厅 东,228万,41171元/平,中楼层 (共30层) | 2004年 | 1室1厅 | 55.38平米 | 东,https://ke-image.ljcdn.com/110000-inspection/d31f4649-2cf9-413b-ad7d-bc41985ee69e_1000.jpg!m_fill,w_280,h_210,f_jpg?from=ke.com
20240923,朝阳,立水桥,101123042500,嘉诚花园一期 3室1厅 南 西 北,500万,43119元/平,中楼层 (共6层) 3室1厅 | 115.96平米 | 南 西 北,https://ke-image.ljcdn.com/110000-inspection/pc1_3wT0hNB0x.jpg!m_fill,w_280,h_210,f_jpg?from=ke.com
20240923,朝阳,立水桥,101123037070,北京北 大三居 南北双通透 中高层 精装修 拎包入住,656万,57565元/平,高楼层 (共17层) 3室1厅 | 113.96平米 | 南 北,https://ke-image.ljcdn.com/110000-inspection/pc1_BLKITz9Q4.jpg!m_fill,w_280,h_210,f_jpg?from=ke.com
20240923,朝阳,立水桥,101123018692,清水园二期 2室1厅 南 北,380万,35792元/平,中楼层 (共7层) | 2003年 | 2室1厅 | 106.17平米 | 南 北,https://ke-image.ljcdn.com/110000-inspection/46a02e43-bdd1-49ff-8a44-d9ae29e427fe_1000.jpg!m_fill,w_280,h_210,f_jpg?from=ke.com
20240923,朝阳,立水桥,101122994898,合立方 3室1厅 东北,385万,44274元/平,低楼层 (共21层) | 2010年 | 3室1厅 | 86.96平米 | 东北,https://ke-image.ljcdn.com/110000-inspection/604bb547-cfde-443e-8b37-b8471c3a71c9_1000.jpg!m_fill,w_280,h_210,f_jpg?from=ke.com
20240923,朝阳,立水桥,101122955398,佳运园三期 仅契税  诚心出售 南北通透,339万,38052元/平,底层 (共6层) | 2004年 | 2室1厅 | 89.09平米 | 南 北,https://ke-image.ljcdn.com/110000-inspection/ece51ff6-5b72-4ac5-bd9d-6713fbbb7da1_1000.jpg!m_fill,w_280,h_210,f_jpg?from=ke.com
20240923,朝阳,立水桥,101122759639,立城苑 2室1厅 南 北,529万,54678元/平,中楼层 (共15层) | 2008年 | 2室1厅 | 96.75平米 | 南 北,https://ke-image.ljcdn.com/110000-inspection/12814a85-4be7-498d-b216-951495f45732_1000.jpg!m_fill,w_280,h_210,f_jpg?from=ke.com
20240923,朝阳,立水桥,101122739272,合立方商品房 精装自住 全天采光房主自荐,499万,58438元/平,高楼层 (共21层) | 2010年 | 3室1厅 | 85.39平米 | 西南,https://ke-image.ljcdn.com/110000-inspection/e6056791-f19c-45db-81ba-1cb4980abb8d_1000.jpg!m_fill,w_280,h_210,f_jpg?from=ke.com
20240923,朝阳,立水桥,101122658728,北京北南北三居室位置安静三房朝南,620万,54863元/平,低楼层 (共17层) | 2009年 | 3室1厅 | 113.01平米 | 南 北,https://ke-image.ljcdn.com/110000-inspection/pc1_aAl5SKxdo.jpg!m_fill,w_280,h_210,f_jpg?from=ke.com
20240923,朝阳,立水桥,101122647105,佳运园二期 南北通透 满五年唯一 视野开阔采光好,280万,41954元/平,顶层 (共6层) 1室1厅 | 66.74平米 | 南 北,https://ke-image.ljcdn.com/110000-inspection/473c74d8-61ef-465e-a353-1b3f463a2e91_1000.jpg!m_fill,w_280,h_210,f_jpg?from=ke.com
20240923,朝阳,立水桥,101122642434,佳运园一期 中楼层 精装修 诚意出售,258万,42815元/平,中楼层 (共6层) 1室1厅 | 60.26平米 | 西,https://ke-image.ljcdn.com/110000-inspection/pc1_RKVn12mGJ.jpg!m_fill,w_280,h_210,f_jpg?from=ke.com
20240923,朝阳,立水桥,101122562476,佳运园一期  南北通透 户型方正 仅契税 诚心出售,375万,46047元/平,高楼层 (共6层) 2室1厅 | 81.44平米 | 南 北,https://ke-image.ljcdn.com/110000-inspection/pc1_jmmlqrmkt.jpg!m_fill,w_280,h_210,f_jpg?from=ke.com
20240923,朝阳,立水桥,101122433774,商品房满五年且家庭唯一套住房南北通透三居室可签约,435万,40107元/平,底层 (共6层) | 1997年 | 3室1厅 | 108.46平米 | 南 北,https://ke-image.ljcdn.com/110000-inspection/4a70e0c9-5b17-4a40-aecf-1dddeb331eef_1000.jpg!m_fill,w_280,h_210,f_jpg?from=ke.com
20240923,朝阳,立水桥,101122335386,立水桥 合立方 两居室 商品房满五年家庭唯一 精装修,350万,50029元/平,中楼层 (共21层) | 2010年 | 2室1厅 | 69.96平米 | 西,https://ke-image.ljcdn.com/110000-inspection/pc1_UoN8DHlEM.jpg!m_fill,w_280,h_210,f_jpg?from=ke.com
20240923,朝阳,立水桥,101122252144,立水桥 户型方正 只有契税  精装修,495万,64228元/平,中楼层 (共20层) 2室1厅 | 77.07平米 | 东北,https://ke-image.ljcdn.com/110000-inspection/27b10cb8-25e9-48a2-aa4b-c2197364e665_1000.jpg!m_fill,w_280,h_210,f_jpg?from=ke.com
20240923,朝阳,立水桥,101122250266,顶秀青溪 花园洋房 商品房 居住舒适,968万,69471元/平,低楼层 (共15层) | 2007年 | 3室1厅 | 139.34平米 | 南 北,https://ke-image.ljcdn.com/110000-inspection/fcd67848-0add-41df-853d-2f9d2f9a9538_1000.jpg!m_fill,w_280,h_210,f_jpg?from=ke.com
20240923,朝阳,立水桥,101122169844,精装修 拎包入住 无抵押无户口 首套可以贷款243万,479万,54364元/平,低楼层 (共15层) 3室1厅 | 88.11平米 | 东南 北,https://ke-image.ljcdn.com/110000-inspection/46b0e5d2-36c7-4767-b02b-a76bdede6544_1000.jpg!m_fill,w_280,h_210,f_jpg?from=ke.com
20240923,朝阳,立水桥,101122075978,北方明珠 2室1厅 东南,330万,38301元/平,低楼层 (共19层) 2室1厅 | 86.16平米 | 东南,https://ke-image.ljcdn.com/110000-inspection/pc1_qE1VWwSZQ.jpg!m_fill,w_280,h_210,f_jpg?from=ke.com
20240923,朝阳,立水桥,101121995372,立水桥合立方南向两居室有地铁中间楼层满五年唯一,390万,50663元/平,中楼层 (共21层) | 2010年 | 2室1厅 | 76.98平米 | 南,https://ke-image.ljcdn.com/110000-inspection/99adbfbe-f8c4-4058-b04c-06bf6abbfb80_1000.jpg!m_fill,w_280,h_210,f_jpg?from=ke.com
20240923,朝阳,立水桥,101121965164,全南向中间层采光充足满五年唯一,350万,50659元/平,中楼层 (共15层) | 2010年 | 1室1厅 | 69.09平米 | 南,https://ke-image.ljcdn.com/110000-inspection/pc1_bBJs3zffj.jpg!m_fill,w_280,h_210,f_jpg?from=ke.com
20240923,朝阳,立水桥,101121849953,立水桥地铁5号线13号线龙德全明户型三居,330万,37949元/平,底层 (共21层) | 2010年 | 3室1厅 | 86.96平米 | 东北,https://ke-image.ljcdn.com/110000-inspection/pc1_Z3CmlpHyd.jpg!m_fill,w_280,h_210,f_jpg?from=ke.com
20240923,朝阳,立水桥,101121820061,合立方南北通透一居室中间楼层采光好,395万,71766元/平,中楼层 (共21层) | 2010年 | 1室1厅 | 55.04平米 | 南 北,https://ke-image.ljcdn.com/110000-inspection/690fc2f4-6c66-4c34-a170-51fcba220d36_1000.jpg!m_fill,w_280,h_210,f_jpg?from=ke.com
20240923,朝阳,立水桥,101121789732,朝阳产权 立城苑 70年住宅 户型方正 全明格局 诚售,525万,53273元/平,低楼层 (共15层) | 2008年 | 2室1厅 | 98.55平米 | 南 北,https://ke-image.ljcdn.com/110000-inspection/a9259a70-a2e8-410f-b75e-5ced971267b5_1000.jpg!m_fill,w_280,h_210,f_jpg?from=ke.com
20240923,朝阳,立水桥,101121784917,立水桥 顶秀青溪 南北通透 明厨明卫,660万,54174元/平,高楼层 (共15层) | 2007年 | 2室1厅 | 121.83平米 | 东 南 北,https://ke-image.ljcdn.com/110000-inspection/2094ab41-75b9-499b-bc8e-3daee3ffb121_1000.jpg!m_fill,w_280,h_210,f_jpg?from=ke.com
20240923,朝阳,立水桥,101121707311,70年商品房住宅满五年只有契税看房方便诚心卖。,229万,41463元/平,中楼层 (共19层) 1室0厅 | 55.23平米 | 南,https://ke-image.ljcdn.com/110000-inspection/54be6dad-ba19-4b08-9aca-48fab39407ff_1000.jpg!m_fill,w_280,h_210,f_jpg?from=ke.com
20240923,朝阳,立水桥,101121700278,北京北 商品房满五年唯一 看房方便 诚心出售,338万,59749元/平,低楼层 (共20层) | 2008年 | 1室1厅 | 56.57平米 | 东北,https://ke-image.ljcdn.com/110000-inspection/9bf2b3a2-2677-44f4-a916-07c853f961fd_1000.jpg!m_fill,w_280,h_210,f_jpg?from=ke.com
20240923,朝阳,立水桥,101121698499,清水园一期 南北通透 三居室 诚心出售 户型方正,358万,44171元/平,顶层 (共6层) | 1997年 | 3室1厅 | 81.05平米 | 南 北,https://ke-image.ljcdn.com/110000-inspection/259cf89f-075a-4291-84bb-3b0b610a7231_1000.jpg!m_fill,w_280,h_210,f_jpg?from=ke.com
20240923,朝阳,立水桥,101121692077,小区是70年产权商品房住宅满五唯一只有契税。,305万,45872元/平,中楼层 (共19层) | 2004年 | 1室1厅 | 66.49平米 | 西,https://ke-image.ljcdn.com/110000-inspection/8723bc4d-49e1-4270-a91f-3f2777902749_1000.jpg!m_fill,w_280,h_210,f_jpg?from=ke.com
20240923,朝阳,立水桥,101121640508,商品房满五唯一诚心出售低楼层,255万,42317元/平,底层 (共6层) 1室1厅 | 60.26平米 | 西,https://ke-image.ljcdn.com/110000-inspection/5b0bdeb6-d7d7-4a05-9625-6b62d5265093_1000.jpg!m_fill,w_280,h_210,f_jpg?from=ke.com
20240923,朝阳,立水桥,101121618698,北京北 精装修 两居室 西南向 拎包入住房主自荐,550万,61357元/平,低楼层 (共20层) | 2008年 | 2室1厅 | 89.64平米 | 西南,https://ke-image.ljcdn.com/110000-inspection/2789fbfa-45a2-4640-a694-25306265ed65_1000.jpg!m_fill,w_280,h_210,f_jpg?from=ke.com
20240923,朝阳,立水桥,101121512314,立水桥北方明珠 商品房满五唯一东南两居 楼层高采光好,365万,31751元/平,中楼层 (共30层) | 2004年 | 2室1厅 | 114.96平米 | 东南,https://ke-image.ljcdn.com/110000-inspection/ddf964f9-7417-4627-bb15-58ed092aa979_1000.jpg!m_fill,w_280,h_210,f_jpg?from=ke.com
20240923,朝阳,立水桥,101121453724,北方明珠 3室1厅 南,295万,17372元/平,高楼层 (共30层) | 2004年 | 3室1厅 | 169.82平米 | 南,https://ke-image.ljcdn.com/110000-inspection/24a171cb-3176-4c07-9863-7c4e951fb69e_1000.jpg!m_fill,w_280,h_210,f_jpg?from=ke.com
20240923,朝阳,立水桥,101121453632,北方明珠 3室1厅 南,295万,17269元/平,高楼层 (共30层) | 2004年 | 3室1厅 | 170.83平米 | 南,https://ke-image.ljcdn.com/110000-inspection/9c8de941-1efe-4957-a033-dc66f690cf8d_1000.jpg!m_fill,w_280,h_210,f_jpg?from=ke.com
20240923,朝阳,立水桥,101121440529,全南朝向采光充足商品房中楼层 视野好,480万,58954元/平,中楼层 (共15层) | 2010年 | 2室1厅 | 81.42平米 | 南,https://ke-image.ljcdn.com/110000-inspection/4c6ffdbc-812b-494e-b005-c3917cb8063b_1000.jpg!m_fill,w_280,h_210,f_jpg?from=ke.com
20240923,朝阳,立水桥,101121322005,嘉诚花园一期 中间楼层 南北通透两居 满五年唯一,369万,49246元/平,中楼层 (共6层) 2室1厅 | 74.93平米 | 南 北,https://ke-image.ljcdn.com/110000-inspection/pc1_5JwKWixQ4.jpg!m_fill,w_280,h_210,f_jpg?from=ke.com
20240923,朝阳,立水桥,101121286951,溪城家园 西南两居室 套内面积大 全天采光房主自荐,410万,49464元/平,低楼层 (共15层) | 2010年 | 2室1厅 | 82.89平米 | 西南,https://ke-image.ljcdn.com/110000-inspection/7e7974c6-a26f-4fac-a77c-c69bdcb3eb20_1000.jpg!m_fill,w_280,h_210,f_jpg?from=ke.com
20240923,朝阳,立水桥,101121246729,小区中间位置 只契税 业主自住 高楼层 视野好全明格局,380万,67508元/平,中楼层 (共20层) 1室1厅 | 56.29平米 | 西北,https://ke-image.ljcdn.com/110000-inspection/pc1_e0yPZe03A.jpg!m_fill,w_280,h_210,f_jpg?from=ke.com
20240923,朝阳,立水桥,101121150856,立汤路188号院昌平产权地处5、13号线交汇处。,210万,34461元/平,中楼层 (共19层) 1室1厅 | 60.94平米 | 北,https://ke-image.ljcdn.com/110000-inspection/4238512d-90ae-4634-a3a6-0f5cd3a7c0f6_1000.jpg!m_fill,w_280,h_210,f_jpg?from=ke.com
20240923,朝阳,立水桥,101121136856,佳运园一期 板楼社区 临公园,330万,46976元/平,高楼层 (共6层) 2室1厅 | 70.25平米 | 南 北,https://ke-image.ljcdn.com/110000-inspection/pc1_DuTJ16V8G.jpg!m_fill,w_280,h_210,f_jpg?from=ke.com
20240923,朝阳,立水桥,101121004054,立汤路188号院看房方便视野没有遮挡位置好。,295万,44262元/平,中楼层 (共19层) | 2004年 | 1室1厅 | 66.65平米 | 东,https://ke-image.ljcdn.com/110000-inspection/5a78dce7-4c92-4985-b2dd-d472763b2570_1000.jpg!m_fill,w_280,h_210,f_jpg?from=ke.com
20240923,朝阳,立水桥,101120961372,2014年小区临龙德广场近立水桥地铁站,340万,45093元/平,低楼层 (共18层) | 2014年 | 2室1厅 | 75.4平米 | 西 东,https://ke-image.ljcdn.com/110000-inspection/pc1_zf89B45dF.jpg!m_fill,w_280,h_210,f_jpg?from=ke.com
20240923,朝阳,立水桥,101120917906,顶秀青溪花园洋房社区封闭管理人车分流,698万,62551元/平,低楼层 (共15层) | 2007年 | 2室1厅 | 111.59平米 | 东南,https://ke-image.ljcdn.com/110000-inspection/2decaed4-ffbf-477c-8025-41c8282fc101_1000.jpg!m_fill,w_280,h_210,f_jpg?from=ke.com
20240923,朝阳,立水桥,101120914985,地质勘查大院 地理位置好 全明格局 户型方正配套齐全,335万,57959元/平,顶层 (共6层) 2室1厅 | 57.8平米 | 东 南 北,https://ke-image.ljcdn.com/110000-inspection/cac4e084-d4a8-406a-812f-fae43312a5b5_1000.jpg!m_fill,w_280,h_210,f_jpg?from=ke.com
20240923,朝阳,立水桥,101120899828,小区中间位置 安静 看房方便中间楼层业主诚心出售房主自荐,410万,50258元/平,中楼层 (共15层) | 2010年 | 2室1厅 | 81.58平米 | 南 北,https://ke-image.ljcdn.com/110000-inspection/pc1_iLFWgsI7F.jpg!m_fill,w_280,h_210,f_jpg?from=ke.com
20240923,朝阳,立水桥,101120882661,全明格局 南北通透 精装修可以直接入住房主自荐,498万,51172元/平,低楼层 (共7层) | 2003年 | 2室1厅 | 97.32平米 | 南 北,https://ke-image.ljcdn.com/110000-inspection/6dbb4d2e-6f39-4777-bb43-1da7c721298d_1000.jpg!m_fill,w_280,h_210,f_jpg?from=ke.com
20240923,朝阳,立水桥,101120867978,北方明珠满五唯一住宅出售首套买只有契税。房主自荐,265万,48226元/平,中楼层 (共19层) | 2004年 | 1室1厅 | 54.95平米 | 西,https://ke-image.ljcdn.com/110000-inspection/pc1_v3Hr0yKXf.jpg!m_fill,w_280,h_210,f_jpg?from=ke.com
20240923,朝阳,立水桥,101120726287,北京北小区满两年只有契税自住装修看房方便,515万,62874元/平,中楼层 (共20层) 2室1厅 | 81.91平米 | 东南,https://ke-image.ljcdn.com/110000-inspection/pc1_fFAuo3Srv.jpg!m_fill,w_280,h_210,f_jpg?from=ke.com
20240923,朝阳,立水桥,101120475219,溪城家园通透三居室 商品房 中上楼层,400万,47631元/平,中楼层 (共15层) | 2010年 | 3室1厅 | 83.98平米 | 东 西,https://ke-image.ljcdn.com/110000-inspection/pc1_CnnDCpda9.jpg!m_fill,w_280,h_210,f_jpg?from=ke.com
20240923,朝阳,立水桥,101120168725,立水桥溪城家园正规三居室业主诚心出售,450万,50625元/平,顶层 (共15层) | 2010年 | 3室1厅 | 88.89平米 | 西南,https://ke-image.ljcdn.com/110000-inspection/78ee9f73-fc48-4ed9-aa44-a88324e8b3d8_1000.jpg!m_fill,w_280,h_210,f_jpg?from=ke.com
20240923,朝阳,立水桥,101120072716,北京北商品房满五年唯一一居室三面采光全明格局,360万,63638元/平,低楼层 (共20层) | 2008年 | 1室1厅 | 56.57平米 | 西北,https://ke-image.ljcdn.com/110000-inspection/pc1_Nz18vR7E9.jpg!m_fill,w_280,h_210,f_jpg?from=ke.com
20240923,朝阳,立水桥,101119565617,立城苑 朝阳产权 交通便利 配套成熟 南北通透户型方正,530万,53780元/平,中楼层 (共15层) | 2008年 | 2室1厅 | 98.55平米 | 南 北,https://ke-image.ljcdn.com/110000-inspection/133564d8-7ce9-4a38-ba09-564d80d30384_1000.jpg!m_fill,w_280,h_210,f_jpg?from=ke.com
20240923,朝阳,立水桥,101119434663,立水桥溪城家园南北通透精装修满五唯一,385万,46803元/平,低楼层 (共15层) | 2010年 | 2室1厅 | 82.26平米 | 南 北,https://ke-image.ljcdn.com/110000-inspection/884a108d-c1dc-4e75-9493-5de5d1fc3c2d_1000.jpg!m_fill,w_280,h_210,f_jpg?from=ke.com
20240923,朝阳,立水桥,101119313635,合立方精装修一居室朝南看房方便,278万,48172元/平,高楼层 (共21层) | 2010年 | 1室1厅 | 57.71平米 | 南,https://ke-image.ljcdn.com/110000-inspection/4be63b52-598e-41fa-8b22-65ea75a0a101_1000.jpg!m_fill,w_280,h_210,f_jpg?from=ke.com
20240923,朝阳,立水桥,101119302983,地质勘查大院 南北通透 采光好视野好,268万,44742元/平,高楼层 (共6层) | 1983年 | 2室1厅 | 59.9平米 | 南 北,https://ke-image.ljcdn.com/110000-inspection/pc1_fWJkKYZDW.jpg!m_fill,w_280,h_210,f_jpg?from=ke.com
20240923,朝阳,立水桥,101119256017,正规一居室卧室朝南采光充足楼层合适。,295万,59273元/平,中楼层 (共6层) 1室1厅 | 49.77平米 | 南,https://ke-image.ljcdn.com/110000-inspection/d2021a46-9652-47a0-80bf-77025ec13797_1000.jpg!m_fill,w_280,h_210,f_jpg?from=ke.com
20240923,朝阳,立水桥,101119221523,溪城家园 全南向低楼层 诚心出售 精装修 仅契税有车位,355万,43602元/平,底层 (共15层) | 2010年 | 2室1厅 | 81.42平米 | 南,https://ke-image.ljcdn.com/110000-inspection/41ab0a0b-3b2b-4121-a47a-ba2a85d124ff_1000.jpg!m_fill,w_280,h_210,f_jpg?from=ke.com
20240923,朝阳,立水桥,101119210148,嘉诚花园一期南北通透中间楼层业主自住,498万,45916元/平,高楼层 (共6层) 3室1厅 | 108.46平米 | 南 北,https://ke-image.ljcdn.com/110000-inspection/b27f573e-6c61-4a6f-872d-9d76af444850_1000.jpg!m_fill,w_280,h_210,f_jpg?from=ke.com
20240923,朝阳,立水桥,101119110446,70年住宅交通便利配套成熟楼层好视野好,215万,38823元/平,高楼层 (共30层) | 2004年 | 1室1厅 | 55.38平米 | 东,https://ke-image.ljcdn.com/110000-inspection/pc1_s5Al3kyBQ.jpg!m_fill,w_280,h_210,f_jpg?from=ke.com
20240923,朝阳,立水桥,101118929833,立城苑 2室1厅 南 北,570万,54624元/平,底层 (共15层) 2室1厅 | 104.35平米 | 南 北,https://ke-image.ljcdn.com/110000-inspection/12545f4b-6e50-4915-9c88-7732f907b0dd_1000.jpg!m_fill,w_280,h_210,f_jpg?from=ke.com
20240923,朝阳,立水桥,101118850731,溪城家园 有钥匙 高层 西北朝向 精装修 拎包入住,440万,51223元/平,高楼层 (共15层) | 2010年 | 2室2厅 | 85.9平米 | 西北,https://ke-image.ljcdn.com/110000-inspection/c9031c97-3116-40e8-92a2-45630ecb10ad_1000.jpg!m_fill,w_280,h_210,f_jpg?from=ke.com
20240923,朝阳,立水桥,101118823831,北方明珠 立水桥 精装修 拎包入住 随时签约,280万,46038元/平,高楼层 (共19层) | 2004年 | 1室1厅 | 60.82平米 | 北,https://ke-image.ljcdn.com/110000-inspection/bbe30e66-c11e-4365-a146-349d029f471b_1000.jpg!m_fill,w_280,h_210,f_jpg?from=ke.com
20240923,朝阳,立水桥,101118798146,嘉诚花园二期   南北通透  两居室  双卫,520万,51654元/平,底层 (共7层) 2室1厅 | 100.67平米 | 南 北,https://ke-image.ljcdn.com/110000-inspection/pc1_IGLT8mFxg_1.jpg!m_fill,w_280,h_210,f_jpg?from=ke.com
20240923,朝阳,立水桥,101118633591,交通便利配套成熟精装修视野好采光好,369万,21687元/平,高楼层 (共30层) | 2004年 | 2室1厅 | 170.15平米 | 东,https://ke-image.ljcdn.com/110000-inspection/d624ee1d-754a-4c85-92f2-8440491e655a_1000.jpg!m_fill,w_280,h_210,f_jpg?from=ke.com
20240923,朝阳,立水桥,101118629936,合立方小区南向两居室诚心出售采光好,350万,48551元/平,中楼层 (共21层) | 2010年 | 2室1厅 | 72.09平米 | 南,https://ke-image.ljcdn.com/110000-inspection/3983f47f-7a15-4030-a3c4-750335495634_1000.jpg!m_fill,w_280,h_210,f_jpg?from=ke.com
20240923,朝阳,立水桥,101118183574,北方明珠 1室0厅 南,348万,31036元/平,中楼层 (共30层) | 2004年 | 1室0厅 | 112.13平米 | 南,https://ke-image.ljcdn.com/110000-inspection/bb82154c-08aa-430a-8250-3d40213b26b6_1000.jpg!m_fill,w_280,h_210,f_jpg?from=ke.com
20240923,朝阳,立水桥,101118165032,佳运园二期 2室1厅 南 北,379万,42917元/平,高楼层 (共6层) 2室1厅 | 88.31平米 | 南 北,https://ke-image.ljcdn.com/110000-inspection/b299f5a6-68b0-4863-8a29-ff5272a2e3f8_1000.jpg!m_fill,w_280,h_210,f_jpg?from=ke.com
20240923,朝阳,立水桥,101117803559,溪城家园满五唯一可以转商中间层采光视野好,458万,56824元/平,中楼层 (共15层) | 2010年 | 2室1厅 | 80.6平米 | 南,https://ke-image.ljcdn.com/110000-inspection/4560a03f-be79-472a-9df5-91c03d661554_1000.jpg!m_fill,w_280,h_210,f_jpg?from=ke.com
20240923,朝阳,立水桥,101117784349,北方明珠 1室0厅 西南,396万,23322元/平,中楼层 (共30层) | 2004年 | 1室0厅 | 169.8平米 | 西南,https://ke-image.ljcdn.com/110000-inspection/cfe3b7fb-befb-4444-b52c-a866bbccf9f3_1000.jpg!m_fill,w_280,h_210,f_jpg?from=ke.com
20240923,朝阳,立水桥,101115540038,北方明珠 1室1厅 东,259万,47134元/平,中楼层 (共19层) | 2004年 | 1室1厅 | 54.95平米 | 东,https://ke-image.ljcdn.com/110000-inspection/34a2b063-98fd-480b-a247-5583e69988e3_1000.jpg!m_fill,w_280,h_210,f_jpg?from=ke.com
20240923,朝阳,立水桥,101114882593,合立方西向两居室满五年了精装修诚心出售,395万,54679元/平,低楼层 (共21层) | 2010年 | 2室1厅 | 72.24平米 | 西南,https://ke-image.ljcdn.com/110000-inspection/54bc5ea9-9b6e-4bd5-a945-34415b2eb3b7_1000.jpg!m_fill,w_280,h_210,f_jpg?from=ke.com
20240923,朝阳,立水桥,101114644042,顶秀青溪  高楼层  采光充足 全明格局 视野好,660万,54174元/平,顶层 (共15层) | 2007年 | 2室2厅 | 121.83平米 | 东南 北,https://ke-image.ljcdn.com/110000-inspection/fe39ee1c-1f2b-4a46-8d59-804ec5af8735_1000.jpg!m_fill,w_280,h_210,f_jpg?from=ke.com
20240923,朝阳,立水桥,101110739817,北方明珠 交通便利配套成熟精装修视野好采光好,249万,44963元/平,高楼层 (共30层) | 2004年 | 1室0厅 | 55.38平米 | 东,https://ke-image.ljcdn.com/110000-inspection/pc1_FnVT9tqxe_1.jpg!m_fill,w_280,h_210,f_jpg?from=ke.com
20240923,朝阳,立水桥,101126723741,立水桥  10年小合立方 南北通透全明格局三居室,430万,49087元/平,高楼层 (共21层) | 2010年 | 3室1厅 | 87.6平米 | 南 北,https://ke-image.ljcdn.com/110000-inspection/89264bfe-3cfc-4a15-8bbb-3297706ba8e4_1000.jpg!m_fill,w_280,h_210,f_jpg?from=ke.com
20240923,朝阳,立水桥,101126723072,立水桥 南北两居 中间楼层 前后无遮挡,359万,40483元/平,中楼层 (共6层) 2室1厅 | 88.68平米 | 南 北,https://ke-image.ljcdn.com/110000-inspection/d0553feb-d13e-42b3-a50e-d0df786ebfe2_1000.jpg!m_fill,w_280,h_210,f_jpg?from=ke.com
20240923,朝阳,立水桥,101126713355,佳运园二期 2室1厅 南 北新上,368万,43193元/平,高楼层 (共6层) 2室1厅 | 85.2平米 | 南 北,https://ke-image.ljcdn.com/110000-inspection/19f6a184-df72-4029-9103-ca8593e0f040_1000.jpg!m_fill,w_280,h_210,f_jpg?from=ke.com
20240923,朝阳,立水桥,101126703931,佳运园二期 2室1厅 南 北新上,338万,39519元/平,中楼层 (共6层) 2室1厅 | 85.53平米 | 南 北,https://ke-image.ljcdn.com/110000-inspection/505ff43b-8e1a-49be-ac74-3043aeec7c79_1000.jpg!m_fill,w_280,h_210,f_jpg?from=ke.com
20240923,朝阳,立水桥,101126674858,东辰小区 满五年 全南两居 诚心出售 全明格局新上,243万,37100元/平,高楼层 (共6层) 2室1厅 | 65.5平米 | 南 西,https://ke-image.ljcdn.com/110000-inspection/b4bd9564-01a5-46c5-8a3f-77b9b29a13ff_1000.jpg!m_fill,w_280,h_210,f_jpg?from=ke.com
20240923,朝阳,立水桥,101126643843,北京北 2室1厅 东北新上,430万,55794元/平,中楼层 (共20层) 2室1厅 | 77.07平米 | 东北,https://ke-image.ljcdn.com/110000-inspection/pc1_uTcQRvsFp.jpg!m_fill,w_280,h_210,f_jpg?from=ke.com
20240923,朝阳,立水桥,101126613621,东辰小区 2室1厅 西南新上,335万,51146元/平,底层 (共6层) | 1996年 | 2室1厅 | 65.5平米 | 西南,https://ke-image.ljcdn.com/110000-inspection/pc1_sfAAgP0Xy.jpg!m_fill,w_280,h_210,f_jpg?from=ke.com
20240923,朝阳,立水桥,101126595022,地质勘查大院 南北2居 看房随时 满五唯一新上,258万,44637元/平,低楼层 (共6层) 2室1厅 | 57.8平米 | 南 北,https://ke-image.ljcdn.com/110000-inspection/c622fa06-5964-434c-9fd7-34ff74ae89c4_1000.jpg!m_fill,w_280,h_210,f_jpg?from=ke.com
20240923,朝阳,立水桥,101126592733,溪城家园 田字格户型 楼层好 视野开阔 采光视野棒新上,408万,49145元/平,高楼层 (共15层) 2室1厅 | 83.02平米 | 南 西,https://ke-image.ljcdn.com/110000-inspection/e2f93a70-f476-42bb-a9c6-59cd8b8600ef_1000.jpg!m_fill,w_280,h_210,f_jpg?from=ke.com
20240923,朝阳,立水桥,101126579913,北京北 3室2厅 东南新上,395万,70650元/平,顶层 (共20层) 3室2厅 | 55.91平米 | 东南,https://ke-image.ljcdn.com/110000-inspection/3d7c184b-c3d2-4404-90fc-40e686b55e7d_1000.jpg!m_fill,w_280,h_210,f_jpg?from=ke.com
20240923,朝阳,立水桥,101126554133,随时可看高楼层视野开阔正规一居室,285万,50301元/平,顶层 (共15层) | 2010年 | 1室1厅 | 56.66平米 | 东南,https://ke-image.ljcdn.com/110000-inspection/pc1_aV1aCsHPu.jpg!m_fill,w_280,h_210,f_jpg?from=ke.com
20240923,朝阳,立水桥,101126550154,满五年唯一270度采光南北通透楼层好全明,768万,48803元/平,高楼层 (共12层) 3室2厅 | 157.37平米 | 东南 北,https://ke-image.ljcdn.com/110000-inspection/62359775-f084-4885-aefd-f78ca8510ad5_1000.jpg!m_fill,w_280,h_210,f_jpg?from=ke.com
20240923,朝阳,立水桥,101126537175,溪城家园 南北通透格局 楼层好 视野好 带租赁车位,393万,48287元/平,高楼层 (共15层) | 2010年 | 2室1厅 | 81.39平米 | 南 北,https://ke-image.ljcdn.com/110000-inspection/5287f0cf-e157-4998-8c33-0e650bf2c501_1000.jpg!m_fill,w_280,h_210,f_jpg?from=ke.com
20240923,朝阳,立水桥,101126515674,此房南向正规一居室采光好无遮挡精装修,268万,44460元/平,顶层 (共5层) 1室1厅 | 60.28平米 | 南,https://ke-image.ljcdn.com/110000-inspection/pc1_qMIzKbzOy.jpg!m_fill,w_280,h_210,f_jpg?from=ke.com
20240923,朝阳,立水桥,101126485575,双轨交通 精装修商品房满五年唯一,468万,51989元/平,中楼层 (共18层) | 2014年 | 2室1厅 | 90.02平米 | 西 北,https://ke-image.ljcdn.com/110000-inspection/pc1_aQhHlpVxu.jpg!m_fill,w_280,h_210,f_jpg?from=ke.com
20240923,朝阳,立水桥,101126479261,满五年唯一南北通透复式结构精装修,750万,41856元/平,高楼层 (共7层) | 2004年 | 4室3厅 | 179.19平米 | 南 北,https://ke-image.ljcdn.com/110000-inspection/pc1_R8BYiBk7p_1.jpg!m_fill,w_280,h_210,f_jpg?from=ke.com
20240923,朝阳,立水桥,101126464462,北京北 复式户型 满五唯一 业主诚售,560万,64584元/平,顶层 (共20层) | 2008年 | 4室2厅 | 86.71平米 | 南 北,https://ke-image.ljcdn.com/110000-inspection/33d6813a-aa2c-483b-84a0-c2065574c394_1000.jpg!m_fill,w_280,h_210,f_jpg?from=ke.com
20240923,朝阳,立水桥,101126451343,精装修采光好非顶层拎包入住,265万,42051元/平,高楼层 (共6层) | 1994年 | 2室1厅 | 63.02平米 | 东,https://ke-image.ljcdn.com/110000-inspection/pc1_Y9DP3xm5H.jpg!m_fill,w_280,h_210,f_jpg?from=ke.com
20240923,朝阳,立水桥,101126449820,嘉诚花园二期 3室1厅 南 北,500万,35489元/平,高楼层 (共6层) | 2003年 | 3室1厅 | 140.89平米 | 南 北,https://ke-image.ljcdn.com/110000-inspection/pc1_NUXAl8GIY.jpg!m_fill,w_280,h_210,f_jpg?from=ke.com
20240923,朝阳,立水桥,101126449789,满五年 南北通透 双卫 高楼层 采光好,450万,36877元/平,中楼层 (共7层) 3室2厅 | 122.03平米 | 南 北,https://ke-image.ljcdn.com/110000-inspection/df258e49-9b74-4cbc-b8e9-dc6ec6e4425c_1000.jpg!m_fill,w_280,h_210,f_jpg?from=ke.com
20240923,朝阳,立水桥,101126448567,东辰小区 满五年唯一 方便看 南北通透采光好,330万,46942元/平,高楼层 (共6层) 2室1厅 | 70.3平米 | 南 北,https://ke-image.ljcdn.com/110000-inspection/c0ca93f1-0282-46a9-9052-ed22f9415877_1000.jpg!m_fill,w_280,h_210,f_jpg?from=ke.com
20240923,朝阳,立水桥,101126388499,北京北满五年唯一明厨明卫立水桥地铁站,355万,63089元/平,中楼层 (共20层) 1室1厅 | 56.27平米 | 西北,https://ke-image.ljcdn.com/110000-inspection/34767f01-0f8c-4aaa-9304-93bc0a192057_1000.jpg!m_fill,w_280,h_210,f_jpg?from=ke.com
20240923,朝阳,立水桥,101126385226,地质勘查大院 全南向  满五唯一近地铁 1居室,178万,41814元/平,顶层 (共6层) 1室1厅 | 42.57平米 | 南,https://ke-image.ljcdn.com/110000-inspection/pc1_gK0BZnpNA.jpg!m_fill,w_280,h_210,f_jpg?from=ke.com
20240923,朝阳,立水桥,101126382596,溪城家园 3室1厅 东南,435万,50023元/平,高楼层 (共15层) | 2010年 | 3室1厅 | 86.96平米 | 东南,https://ke-image.ljcdn.com/110000-inspection/pc1_3sTjKLoOt.jpg!m_fill,w_280,h_210,f_jpg?from=ke.com
20240923,朝阳,立水桥,101126375037,房子满五年唯一南北通透格局采光充足出行方便,388万,43552元/平,底层 (共6层) | 2004年 | 2室1厅 | 89.09平米 | 南 北,https://ke-image.ljcdn.com/110000-inspection/pc1_zErt43NAs.jpg!m_fill,w_280,h_210,f_jpg?from=ke.com
20240923,朝阳,立水桥,101126370461,商品房 花园洋房 居住舒适 水系环绕,795万,68873元/平,顶层 (共7层) 4室2厅 | 115.43平米 | 南 北,https://ke-image.ljcdn.com/110000-inspection/pc1_caeURlGPD.jpg!m_fill,w_280,h_210,f_jpg?from=ke.com
20240923,朝阳,立水桥,101126360911,正辰小区 2室2卫 南北通透 交通便利,490万,49646元/平,低楼层 (共18层) 2室1厅 | 98.7平米 | 南 北,https://ke-image.ljcdn.com/110000-inspection/aa10d74e-45ad-4dd3-84a7-f4f489429064_1000.jpg!m_fill,w_280,h_210,f_jpg?from=ke.com
20240923,朝阳,立水桥,101126283645,此房满五唯一 商品房 板楼一梯两户 精装修 采光通,389万,43664元/平,中楼层 (共6层) 2室1厅 | 89.09平米 | 南 北,https://ke-image.ljcdn.com/110000-inspection/a6d572c3-ca77-40b2-a94e-03aa4bd7bfe5_1000.jpg!m_fill,w_280,h_210,f_jpg?from=ke.com
20240923,朝阳,立水桥,101126277046,佳运园二期 2室1厅 南 北,365万,41127元/平,顶层 (共6层) | 2005年 | 2室1厅 | 88.75平米 | 南 北,https://ke-image.ljcdn.com/110000-inspection/pc1_yCf69m7Bt.jpg!m_fill,w_280,h_210,f_jpg?from=ke.com
20240923,朝阳,立水桥,101126235434,佳运园二期 2室1厅 南 东,380万,44125元/平,顶层 (共6层) 2室1厅 | 86.12平米 | 南 东,https://ke-image.ljcdn.com/110000-inspection/pc1_CG5JcHqWs.jpg!m_fill,w_280,h_210,f_jpg?from=ke.com
20240923,朝阳,立水桥,101126226088,佳运园一期 2室1厅 南,280万,35847元/平,顶层 (共6层) 2室1厅 | 78.11平米 | 南,https://ke-image.ljcdn.com/110000-inspection/pc1_KfKv2Hl0I.jpg!m_fill,w_280,h_210,f_jpg?from=ke.com
20240923,朝阳,立水桥,101126201758,溪城家园南北通透一居室高楼层视野好,305万,52451元/平,顶层 (共15层) | 2010年 | 1室1厅 | 58.15平米 | 南 北,https://ke-image.ljcdn.com/110000-inspection/dc80bd14-2370-4b34-a207-252eaed78143_1000.jpg!m_fill,w_280,h_210,f_jpg?from=ke.com
20240923,朝阳,立水桥,101126199863,北京北一居室明厨明卫首付80万起位置好。,328万,57982元/平,低楼层 (共20层) | 2008年 | 1室1厅 | 56.57平米 | 西北,https://ke-image.ljcdn.com/110000-inspection/6c2f93ae-d5ab-4fdb-b67d-112dfbaef188_1000.jpg!m_fill,w_280,h_210,f_jpg?from=ke.com
20240923,朝阳,立水桥,101126190475,顶秀青溪  满四年  洋房社区 有电梯 有车库,456万,51019元/平,中楼层 (共15层) | 2007年 | 2室1厅 | 89.38平米 | 东南,https://ke-image.ljcdn.com/110000-inspection/27228eba-4888-4869-8bc4-5af37d8aa218_1000.jpg!m_fill,w_280,h_210,f_jpg?from=ke.com
20240923,朝阳,立水桥,101126186479,2007年电梯洋房 得房率90% 带储物间,1070万,78573元/平,高楼层 (共7层) | 2007年 | 3室2厅 | 136.18平米 | 南 北,https://ke-image.ljcdn.com/110000-inspection/pc1_9Nutc5QnW.jpg!m_fill,w_280,h_210,f_jpg?from=ke.com
20240923,朝阳,立水桥,101126182448,昌平区东小口镇立汤路188号院北方明珠,300万,44924元/平,中楼层 (共19层) | 2001年 | 1室1厅 | 66.78平米 | 东,https://ke-image.ljcdn.com/110000-inspection/07a5b0d4-aa00-415b-976a-ef0b9ef52a9a_1000.jpg!m_fill,w_280,h_210,f_jpg?from=ke.com
20240923,朝阳,立水桥,101126098450,70年商品房住宅满五年只有契税首付只需70W,348万,32661元/平,中楼层 (共19层) | 2004年 | 2室1厅 | 106.55平米 | 西北,https://ke-image.ljcdn.com/110000-inspection/pc1_2Wd7COQlp.jpg!m_fill,w_280,h_210,f_jpg?from=ke.com
20240923,朝阳,立水桥,101126054009,佳运园一期公园门口 明厨明卫 商品房满五唯一 中间,299万,38061元/平,中楼层 (共6层) | 1996年 | 2室1厅 | 78.56平米 | 南,https://ke-image.ljcdn.com/110000-inspection/pc1_wL72zthj1.jpg!m_fill,w_280,h_210,f_jpg?from=ke.com
20240923,朝阳,立水桥,101126038033,商品房70年住宅东南户采光好楼层位置好,469万,52321元/平,低楼层 (共20层) | 2008年 | 2室1厅 | 89.64平米 | 东南,https://ke-image.ljcdn.com/110000-inspection/01bfb477-e861-4b16-ab3f-dd8cab91b1fd_1000.jpg!m_fill,w_280,h_210,f_jpg?from=ke.com
20240923,朝阳,立水桥,101126038043,首付仅需60万满五唯一户型方正无浪费面积无抵押房主自荐,300万,39314元/平,高楼层 (共21层) | 2010年 | 2室1厅 | 76.31平米 | 西南,https://ke-image.ljcdn.com/110000-inspection/pc1_7S5zN383V.jpg!m_fill,w_280,h_210,f_jpg?from=ke.com
20240923,朝阳,立水桥,101126024886,北京北 南北双通透 层高5.2米空中复式,830万,72833元/平,顶层 (共17层) 6室2厅 | 113.96平米 | 南 北,https://ke-image.ljcdn.com/110000-inspection/cc836e77-48ac-4612-84dc-5aeb0740388e_1000.jpg!m_fill,w_280,h_210,f_jpg?from=ke.com
20240923,朝阳,立水桥,101125927393,佳运园一期 2室1厅 南,295万,46080元/平,中楼层 (共6层) | 1996年 | 2室1厅 | 64.02平米 | 南,https://ke-image.ljcdn.com/110000-inspection/78385705-3336-4180-8fc6-5999d697cfc3_1000.jpg!m_fill,w_280,h_210,f_jpg?from=ke.com
20240923,朝阳,立水桥,101125926152,北京北 南北通透 三居后面楼无噪音,620万,54877元/平,低楼层 (共17层) 3室1厅 | 112.98平米 | 南 北,https://ke-image.ljcdn.com/110000-inspection/pc1_8Ajxb5e2f.jpg!m_fill,w_280,h_210,f_jpg?from=ke.com
20240923,朝阳,立水桥,101125876300,花园洋房 水系环绕 居住舒适 适合一家人居住,746万,53539元/平,高楼层 (共15层) | 2007年 | 4室1厅 | 139.34平米 | 南 北,https://ke-image.ljcdn.com/110000-inspection/c41a199c-10bd-400f-bf3a-efb77423f7ed_1000.jpg!m_fill,w_280,h_210,f_jpg?from=ke.com
20240923,朝阳,立水桥,101125872551,全明格局朝阳产权南北通透只有契税,570万,56236元/平,低楼层 (共10层) 2室1厅 | 101.36平米 | 南 北 西,https://ke-image.ljcdn.com/110000-inspection/pc1_iEJxRz57X.jpg!m_fill,w_280,h_210,f_jpg?from=ke.com
20240923,朝阳,立水桥,101125814095,满五年唯一南北两居 1梯2户无遮挡,560万,55578元/平,中楼层 (共15层) | 2007年 | 2室1厅 | 100.76平米 | 南 北,https://ke-image.ljcdn.com/110000-inspection/246695a3-e868-44bc-bb68-8d87824606e5_1000.jpg!m_fill,w_280,h_210,f_jpg?from=ke.com
20240923,朝阳,立水桥,101125800091,两大公园环绕 居住舒适 正规小三居室,338万,40748元/平,高楼层 (共6层) | 1996年 | 3室1厅 | 82.95平米 | 东 西,https://ke-image.ljcdn.com/110000-inspection/21074009-b24c-4f46-b9f3-fdf3038c6015_1000.jpg!m_fill,w_280,h_210,f_jpg?from=ke.com
20240923,朝阳,立水桥,101125793292,南北通透 中间层 无遮挡 不临街不把边 1梯两户,580万,55434元/平,中楼层 (共15层) | 2007年 | 2室1厅 | 104.63平米 | 南 北,https://ke-image.ljcdn.com/110000-inspection/pc1_njH2SJSEI.jpg!m_fill,w_280,h_210,f_jpg?from=ke.com
20240923,朝阳,立水桥,101125758467,南北通透 满五唯一 全明格局两居室,320万,45192元/平,高楼层 (共6层) | 1995年 | 2室1厅 | 70.81平米 | 南 北,https://ke-image.ljcdn.com/110000-inspection/7a7741c0-4ac0-4afa-95fc-a1cd5fbd3aa5_1000.jpg!m_fill,w_280,h_210,f_jpg?from=ke.com
20240923,朝阳,立水桥,101125723363,地质勘查大院 2室1厅 南 北,298万,53120元/平,底层 (共6层) 2室1厅 | 56.1平米 | 南 北,https://ke-image.ljcdn.com/110000-inspection/pc1_cuhv92ZwW.jpg!m_fill,w_280,h_210,f_jpg?from=ke.com
20240923,朝阳,立水桥,101125709464,东辰小区 3室1厅 南 北,398万,47677元/平,低楼层 (共6层) | 1995年 | 3室1厅 | 83.48平米 | 南 北,https://ke-image.ljcdn.com/110000-inspection/pc1_6UEEvQWFX.jpg!m_fill,w_280,h_210,f_jpg?from=ke.com
20240923,朝阳,立水桥,101125705226,南北通透格局视野宽阔采光好 配套齐全,449万,38956元/平,中楼层 (共6层) | 2005年 | 3室1厅 | 115.26平米 | 南 北,https://ke-image.ljcdn.com/110000-inspection/pc1_sJ34i8rDq.jpg!m_fill,w_280,h_210,f_jpg?from=ke.com
20240923,朝阳,立水桥,101125703802,户型格局好业主诚心出售精装修采光好,380万,41512元/平,底层 (共6层) 3室1厅 | 91.54平米 | 东 西,https://ke-image.ljcdn.com/110000-inspection/pc1_X63f0G9zS.jpg!m_fill,w_280,h_210,f_jpg?from=ke.com
20240923,朝阳,立水桥,101125696425,立城苑 正南正北 南北通透大两居 适合改善,608万,57598元/平,高楼层 (共15层) 2室1厅 | 105.56平米 | 东 南 北,https://ke-image.ljcdn.com/110000-inspection/f75c6f6d-0000-437f-adf5-199684115ca1_1000.jpg!m_fill,w_280,h_210,f_jpg?from=ke.com
20240923,朝阳,立水桥,101125684554,立城苑 5室2厅 东南 北,1200万,54768元/平,高楼层 (共15层) | 2004年 | 5室2厅 | 219.11平米 | 东南 北,https://ke-image.ljcdn.com/110000-inspection/b037020f-1fcb-4e06-af08-7b20fdec67e7_1000.jpg!m_fill,w_280,h_210,f_jpg?from=ke.com
20240923,朝阳,立水桥,101125679835,商品房满五唯一精装修诚心出售看房子方便,299万,38061元/平,高楼层 (共6层) 2室1厅 | 78.56平米 | 南,https://ke-image.ljcdn.com/110000-inspection/84465e3d-b7f9-46b0-934a-abdd267b6ccd_1000.jpg!m_fill,w_280,h_210,f_jpg?from=ke.com
20240923,朝阳,立水桥,101125625039,立水桥 正辰小区 南向一居室 满五唯一商品房 诚售房主自荐,369万,59259元/平,中楼层 (共18层) 1室1厅 | 62.27平米 | 南,https://ke-image.ljcdn.com/110000-inspection/pc1_Q1cwUkE3g.jpg!m_fill,w_280,h_210,f_jpg?from=ke.com
20240923,朝阳,立水桥,101125624631,北京北 3室1厅 南 北,565万,57054元/平,中楼层 (共20层) | 2008年 | 3室1厅 | 99.03平米 | 南 北,https://ke-image.ljcdn.com/110000-inspection/pc1_ylbfMF13t.jpg!m_fill,w_280,h_210,f_jpg?from=ke.com
20240923,朝阳,立水桥,101125579131,东辰小区 满五唯一 南北通透 全明格局,337万,49603元/平,中楼层 (共6层) 2室1厅 | 67.94平米 | 南 北,https://ke-image.ljcdn.com/110000-inspection/3c51553e-b649-40e0-bc1b-e1bb437bed0e_1000.jpg!m_fill,w_280,h_210,f_jpg?from=ke.com
20240923,朝阳,立水桥,101125571148,北京北下跃复式一层满五唯一商品房房主自荐,630万,103347元/平,底层 (共20层) | 2008年 | 3室1厅 | 60.96平米 | 南,https://ke-image.ljcdn.com/110000-inspection/a5f8c397-e4d6-4460-be05-d380d4382db2_1000.jpg!m_fill,w_280,h_210,f_jpg?from=ke.com
20240923,朝阳,立水桥,101125494786,北京北 一层下跃 南北通透户型,635万,72530元/平,底层 (共20层) 4室1厅 | 87.55平米 | 南 北,https://ke-image.ljcdn.com/110000-inspection/790b06cd-8299-49d6-9786-c854e0f4e9b9_1000.jpg!m_fill,w_280,h_210,f_jpg?from=ke.com
20240923,朝阳,立水桥,101125458262,满五唯一户型方正正规三居室自住精装,376万,43289元/平,高楼层 (共6层) 3室1厅 | 86.86平米 | 南 北,https://ke-image.ljcdn.com/110000-inspection/33bac90c-ec52-43b2-9e36-f436bf315488_1000.jpg!m_fill,w_280,h_210,f_jpg?from=ke.com
20240923,朝阳,立水桥,101125430773,满五年唯一不临街不把边全明格局首付66万,335万,45585元/平,顶层 (共6层) | 1994年 | 3室1厅 | 73.49平米 | 东 西,https://ke-image.ljcdn.com/110000-inspection/d794f7b2-fe78-43a5-9d16-651a2d24d233_1000.jpg!m_fill,w_280,h_210,f_jpg?from=ke.com
20240923,朝阳,立水桥,101125428027,正规一居室 适合家里的老人居住,248万,50172元/平,底层 (共6层) 1室1厅 | 49.43平米 | 东,https://ke-image.ljcdn.com/110000-inspection/pc1_GxjU5hhO9_1.jpg!m_fill,w_280,h_210,f_jpg?from=ke.com
20240923,朝阳,立水桥,101125427966,东辰南区 南北三居 户型方正 居住舒适,340万,42876元/平,底层 (共6层) 3室1厅 | 79.3平米 | 南 北,https://ke-image.ljcdn.com/110000-inspection/5a97aadf-0116-4e8f-80d7-63cdee135553_1000.jpg!m_fill,w_280,h_210,f_jpg?from=ke.com
20240923,朝阳,立水桥,101125384588,精装修 东西两居室 全明格局 满五年,289万,44995元/平,高楼层 (共6层) 2室1厅 | 64.23平米 | 东 西,https://ke-image.ljcdn.com/110000-inspection/3e0b09b3-c115-40dc-9546-d2e438c2e250_1000.jpg!m_fill,w_280,h_210,f_jpg?from=ke.com
20240923,朝阳,立水桥,101125366331,嘉诚花园二期 满五唯一 南北通透  双卫大三居,496万,40884元/平,中楼层 (共7层) 3室1厅 | 121.32平米 | 南 北,https://ke-image.ljcdn.com/110000-inspection/37d9ba7c-858a-4b5e-aa12-ca9adc384a1d_1000.jpg!m_fill,w_280,h_210,f_jpg?from=ke.com
20240923,朝阳,立水桥,101125351038,佳运园一期 2室1厅 南,320万,40968元/平,中楼层 (共6层) 2室1厅 | 78.11平米 | 南,https://ke-image.ljcdn.com/110000-inspection/072c6afd-f865-4f5d-9ea4-a16ea1e39ead_1000.jpg!m_fill,w_280,h_210,f_jpg?from=ke.com
20240923,朝阳,立水桥,101125334860,立水桥 佳运园 精装修 中间层 两居室,320万,39049元/平,中楼层 (共6层) 2室1厅 | 81.95平米 | 东 西,https://ke-image.ljcdn.com/110000-inspection/8eda6e91-6237-4b27-9ae8-2b34f84cc552_1000.jpg!m_fill,w_280,h_210,f_jpg?from=ke.com
20240923,朝阳,立水桥,101125312753,肿瘤医院宿舍 板楼一层 南向 一居室,270万,54250元/平,底层 (共6层) 1室1厅 | 49.77平米 | 南,https://ke-image.ljcdn.com/110000-inspection/pc1_Gr2JyK8et_1.jpg!m_fill,w_280,h_210,f_jpg?from=ke.com
20240923,朝阳,立水桥,101125312260,肿瘤医院宿舍 全南精装 两居室 仅契税,298万,55639元/平,低楼层 (共6层) 2室1厅 | 53.56平米 | 南,https://ke-image.ljcdn.com/110000-inspection/eba53f9a-1b5f-49a6-ab47-1acb651bf1c3_1000.jpg!m_fill,w_280,h_210,f_jpg?from=ke.com
20240923,朝阳,立水桥,101125239893,北方明珠 1室1厅 西,245万,44586元/平,高楼层 (共19层) | 2004年 | 1室1厅 | 54.95平米 | 西,https://ke-image.ljcdn.com/110000-inspection/166f88b1-aa7f-40d4-91a7-7b81b9e4ed6f_1000.jpg!m_fill,w_280,h_210,f_jpg?from=ke.com
20240923,朝阳,立水桥,101125174338,东辰小区 南北通透大三居  视野开阔 采光充足,416万,36304元/平,顶层 (共6层) 3室2厅 | 114.59平米 | 南 北,https://ke-image.ljcdn.com/110000-inspection/1464aede-10a9-4165-9768-8a70799d5d4f_1000.jpg!m_fill,w_280,h_210,f_jpg?from=ke.com
20240923,朝阳,立水桥,101125154390,卢卡新天地 临立水桥地铁临龙德广场方正格局房主自荐,433万,43479元/平,中楼层 (共18层) | 2014年 | 3室1厅 | 99.59平米 | 东南,https://ke-image.ljcdn.com/110000-inspection/349e306a-fa26-4f29-a43e-aa1a6987fb12_1000.jpg!m_fill,w_280,h_210,f_jpg?from=ke.com
20240923,朝阳,立水桥,101125146119,顶秀青溪 2室1厅 东 南 北,652万,51509元/平,高楼层 (共15层) | 2007年 | 2室1厅 | 126.58平米 | 东 南 北,https://ke-image.ljcdn.com/110000-inspection/7a378b90-1750-4dbf-bd5c-5fa1e735180e_1000.jpg!m_fill,w_280,h_210,f_jpg?from=ke.com
20240923,朝阳,立水桥,101125140075,87+87复式南北通透自住精装修5+13号线,630万,72042元/平,顶层 (共20层) 4室1厅 | 87.45平米 | 南 北,https://ke-image.ljcdn.com/110000-inspection/pc1_9AdV4Fh2O.jpg!m_fill,w_280,h_210,f_jpg?from=ke.com
20240923,朝阳,立水桥,101125119646,顶秀青溪 3室2厅 南 北,896万,52555元/平,顶层 (共4层) 3室2厅 | 170.49平米 | 南 北,https://ke-image.ljcdn.com/110000-inspection/pc1_HB9kZsMMQ.jpg!m_fill,w_280,h_210,f_jpg?from=ke.com
20240923,朝阳,立水桥,101125107854,南北通透 视野好 无遮挡 商品房满五年 精装修房主自荐,470万,54204元/平,高楼层 (共20层) | 2008年 | 2室1厅 | 86.71平米 | 南 北,https://ke-image.ljcdn.com/110000-inspection/pc1_m03GY24kA.jpg!m_fill,w_280,h_210,f_jpg?from=ke.com
20240923,朝阳,立水桥,101125104632,佳运园一期 1室1厅 西,229万,38002元/平,高楼层 (共6层) 1室1厅 | 60.26平米 | 西,https://ke-image.ljcdn.com/110000-inspection/9fbf17e9-121e-4cdf-94c7-f8f16cb87b26_1000.jpg!m_fill,w_280,h_210,f_jpg?from=ke.com
20240923,朝阳,立水桥,101125097274,顶秀青溪 3室1厅 东 南 北,730万,57672元/平,中楼层 (共15层) | 2007年 | 3室1厅 | 126.58平米 | 东 南 北,https://ke-image.ljcdn.com/110000-inspection/pc1_aJ8gDPLzf.jpg!m_fill,w_280,h_210,f_jpg?from=ke.com
20240923,朝阳,立水桥,101125069539,商品房满五年家庭名下唯一住房 方正户型,460万,53149元/平,高楼层 (共20层) 2室1厅 | 86.55平米 | 西南,https://ke-image.ljcdn.com/110000-inspection/c52682b8-e864-4598-b3ff-c83d491d268b_1000.jpg!m_fill,w_280,h_210,f_jpg?from=ke.com
20240923,朝阳,立水桥,101124998988,肿瘤医院宿舍 业主诚意出售 看房随时 东西两居,265万,41258元/平,中楼层 (共6层) 2室1厅 | 64.23平米 | 东 西,https://ke-image.ljcdn.com/110000-inspection/20aa441e-8b56-4492-a70a-f4a253d5a141_1000.jpg!m_fill,w_280,h_210,f_jpg?from=ke.com
20240923,朝阳,立水桥,101124985454,清水园二期精装修采光好业主诚心出售房主自荐,429万,46922元/平,底层 (共7层) 2室1厅 | 91.43平米 | 南,https://ke-image.ljcdn.com/110000-inspection/ab214072-5233-40a7-8cfc-f6037fa24933_1000.jpg!m_fill,w_280,h_210,f_jpg?from=ke.com
20240923,朝阳,立水桥,101124969539,卢卡新天地 住宅 满五年唯一 诚售 正规一居,345万,44993元/平,中楼层 (共18层) | 2014年 | 1室1厅 | 76.68平米 | 南,https://ke-image.ljcdn.com/110000-inspection/pc1_qT76muBxj.jpg!m_fill,w_280,h_210,f_jpg?from=ke.com
20240923,朝阳,立水桥,101124967308,嘉诚花园二期明厨明卫两居室精装修看房方便房主自荐,360万,39169元/平,中楼层 (共7层) | 2003年 | 2室1厅 | 91.91平米 | 西北,https://ke-image.ljcdn.com/110000-inspection/906a5646-0a41-4a73-afd7-c4c5e744f142_1000.jpg!m_fill,w_280,h_210,f_jpg?from=ke.com
20240923,朝阳,立水桥,101124942068,昌平区东小口镇    佳运园三期,330万,36893元/平,顶层 (共6层) | 2004年 | 2室1厅 | 89.45平米 | 南 北,https://ke-image.ljcdn.com/110000-inspection/d424e9ba-7753-42e9-b745-af850caae3d2_1000.jpg!m_fill,w_280,h_210,f_jpg?from=ke.com
20240923,朝阳,立水桥,101124833002,清水园二期 此房满五年商品房 业主在京仅有这套房,580万,32554元/平,高楼层 (共7层) 5室2厅 | 178.17平米 | 南 北,https://ke-image.ljcdn.com/110000-inspection/ddaea2fd-3f4c-461d-9d2f-c5376a1496b9_1000.jpg!m_fill,w_280,h_210,f_jpg?from=ke.com
20240923,朝阳,立水桥,101124796955,佳运园二期 仅契税南北通透楼间距宽 公园旁,389万,44050元/平,底层 (共6层) 2室1厅 | 88.31平米 | 南 北,https://ke-image.ljcdn.com/110000-inspection/1dc18d7f-afca-4f10-b90e-c2e90f1ba53c_1000.jpg!m_fill,w_280,h_210,f_jpg?from=ke.com
20240923,朝阳,立水桥,101124743292,中间层 不临街 方正格局 满五唯一,418万,48622元/平,中楼层 (共6层) | 2004年 | 2室1厅 | 85.97平米 | 西南,https://ke-image.ljcdn.com/110000-inspection/316fb825-40b5-4e8a-9c42-e4e075b28f23_1000.jpg!m_fill,w_280,h_210,f_jpg?from=ke.com
20240923,朝阳,立水桥,101124731524,北京北南北通透两居室位置安静宜居装修精美,530万,60607元/平,低楼层 (共20层) 2室1厅 | 87.45平米 | 南 北,https://ke-image.ljcdn.com/110000-inspection/6695603d-fa43-4b24-a0d7-6b0c86a80cd8_1000.jpg!m_fill,w_280,h_210,f_jpg?from=ke.com
20240923,朝阳,立水桥,101124696770,南北通透 上下两层 满五唯一 只有契税,420万,29758元/平,高楼层 (共7层) 3室1厅 | 141.14平米 | 南 北,https://ke-image.ljcdn.com/110000-inspection/f24f4a39-5c92-449b-b2ce-de2e53a147a4_1000.jpg!m_fill,w_280,h_210,f_jpg?from=ke.com
20240923,朝阳,立水桥,101124659164,佳运园一期 公园门口 板楼社区房主自荐,299万,36571元/平,顶层 (共6层) | 1996年 | 2室1厅 | 81.76平米 | 南 北,https://ke-image.ljcdn.com/110000-inspection/pc1_pTiAdD0UK_1.jpg!m_fill,w_280,h_210,f_jpg?from=ke.com
20240923,朝阳,立水桥,101124653312,观景东小口公园西向一居室中间楼层满五唯一,258万,42185元/平,低楼层 (共6层) | 1997年 | 1室1厅 | 61.16平米 | 西,https://ke-image.ljcdn.com/110000-inspection/988ee8ff-37e8-4100-b9fb-7d946247cb97_1000.jpg!m_fill,w_280,h_210,f_jpg?from=ke.com
20240923,朝阳,立水桥,101124604257,溪城家园 1室1厅 东南,315万,49819元/平,顶层 (共15层) | 2010年 | 1室1厅 | 63.23平米 | 东南,https://ke-image.ljcdn.com/110000-inspection/3347af8a-0019-4a6c-b639-5e1efd9420eb_1000.jpg!m_fill,w_280,h_210,f_jpg?from=ke.com
20240923,朝阳,立水桥,101124573091,溪城家园 中间楼层 采光视野很好房主自荐,289万,44654元/平,中楼层 (共15层) 2室1厅 | 64.72平米 | 东 西,https://ke-image.ljcdn.com/110000-inspection/pc1_s7vMAUliH.jpg!m_fill,w_280,h_210,f_jpg?from=ke.com
20240923,朝阳,立水桥,101124570431,溪城家园 精装修69.79㎡ 南向商品房满五唯一房主自荐,336万,48145元/平,低楼层 (共15层) | 2010年 | 1室1厅 | 69.79平米 | 南,https://ke-image.ljcdn.com/110000-inspection/pc1_DctisCawO.jpg!m_fill,w_280,h_210,f_jpg?from=ke.com
20240923,朝阳,立水桥,101124470411,13号5号线立水桥站佳运园二期,289万,43096元/平,底层 (共6层) | 2005年 | 1室1厅 | 67.06平米 | 南 北,https://ke-image.ljcdn.com/110000-inspection/c50620d6-84e6-401e-93d0-541bd9ee111f_1000.jpg!m_fill,w_280,h_210,f_jpg?from=ke.com
20240923,朝阳,立水桥,101124461555,立水桥地铁 复式81+81格局 自住精装修,574万,70742元/平,顶层 (共20层) | 2008年 | 4室2厅 | 81.14平米 | 东南,https://ke-image.ljcdn.com/110000-inspection/3400c836-e02d-4694-b96c-9ded2899de07_1000.jpg!m_fill,w_280,h_210,f_jpg?from=ke.com
20240923,朝阳,立水桥,101124428565,业主诚心出售视野宽阔采光好 配套齐全,288万,43544元/平,中楼层 (共6层) | 2004年 | 1室1厅 | 66.14平米 | 东 北,https://ke-image.ljcdn.com/110000-inspection/5c54824c-bffc-47c6-810d-698ee9eadaf7_1000.jpg!m_fill,w_280,h_210,f_jpg?from=ke.com
20240923,朝阳,立水桥,101124399598,明天第一城1号院 1室1厅 东南,270万,59537元/平,顶层 (共6层) | 2007年 | 1室1厅 | 45.35平米 | 东南,https://ke-image.ljcdn.com/110000-inspection/f52a90f2-2a64-45b2-aad6-1fdc1eeb7437_1000.jpg!m_fill,w_280,h_210,f_jpg?from=ke.com
20240923,朝阳,立水桥,101124398213,此房是商品房精装修 诚心出售 全新装修业主自用房主自荐,350万,61599元/平,低楼层 (共20层) | 2008年 | 1室1厅 | 56.82平米 | 西北,https://ke-image.ljcdn.com/110000-inspection/pc1_LxJLMI627.jpg!m_fill,w_280,h_210,f_jpg?from=ke.com
20240923,朝阳,立水桥,101124279553,北京北两居室楼层高位置好视野好采光好。,439万,58433元/平,高楼层 (共20层) 2室1厅 | 75.13平米 | 西北,https://ke-image.ljcdn.com/110000-inspection/pc1_mne1mwDR5.jpg!m_fill,w_280,h_210,f_jpg?from=ke.com
20240923,朝阳,立水桥,101124267444,五环外 立水桥 溪城家园 南向两居室 精装修 低楼层,399万,49382元/平,低楼层 (共15层) | 2010年 | 2室1厅 | 80.8平米 | 南,https://ke-image.ljcdn.com/110000-inspection/pc1_HzO4XQD31.jpg!m_fill,w_280,h_210,f_jpg?from=ke.com
20240923,朝阳,立水桥,101124239559,塞纳维拉 4室1厅 南 北,1320万,64287元/平,底层 (共3层) 4室1厅 | 205.33平米 | 南 北,https://ke-image.ljcdn.com/110000-inspection/pc1_lyI9fugVF.jpg!m_fill,w_280,h_210,f_jpg?from=ke.com
20240923,朝阳,立水桥,101124117063,立城苑 3室1厅 南 北,668万,49057元/平,底层 (共15层) | 2008年 | 3室1厅 | 136.17平米 | 南 北,https://ke-image.ljcdn.com/110000-inspection/f93ab977-ff21-4ee8-af7a-f60dc911fd55_1000.jpg!m_fill,w_280,h_210,f_jpg?from=ke.com
20240923,朝阳,立水桥,101124022217,东辰小区 满5唯一 精装自住 随时签约  采光好 无遮挡,440万,44499元/平,顶层 (共5层) 4室1厅 | 98.88平米 | 南 北,https://ke-image.ljcdn.com/110000-inspection/d91bd477-0f66-466b-82de-02b1c1cfa9f9_1000.jpg!m_fill,w_280,h_210,f_jpg?from=ke.com
20240923,朝阳,立水桥,101123928409,东辰小区 3室1厅 东 西,375万,44954元/平,底层 (共6层) | 1995年 | 3室1厅 | 83.42平米 | 东 西,https://ke-image.ljcdn.com/110000-inspection/91e46913-3b3c-4806-a1be-6e77821b20f2_1000.jpg!m_fill,w_280,h_210,f_jpg?from=ke.com
20240923,朝阳,立水桥,101123920213,北方明珠 1室0厅 北,229.5万,37660元/平,中楼层 (共19层) 1室0厅 | 60.94平米 | 北,https://ke-image.ljcdn.com/110000-inspection/a4c7b254-1fc7-4cc9-96ed-0df04dc41679_1000.jpg!m_fill,w_280,h_210,f_jpg?from=ke.com
20240923,朝阳,立水桥,101123897262,北苑北 顶秀青溪 三居室 卫生间有窗户,748万,47532元/平,低楼层 (共12层) | 2007年 | 3室2厅 | 157.37平米 | 东 南 北,https://ke-image.ljcdn.com/110000-inspection/736034a0-5640-40ba-8a20-a07cfb6e33ac_1000.jpg!m_fill,w_280,h_210,f_jpg?from=ke.com
20240923,朝阳,立水桥,101123885169,东辰南区 中间层 精装三居 采光视野好,379万,46848元/平,中楼层 (共6层) 3室1厅 | 80.9平米 | 东 西,https://ke-image.ljcdn.com/110000-inspection/pc1_TWtPorZc4.jpg!m_fill,w_280,h_210,f_jpg?from=ke.com
20240923,朝阳,立水桥,101123751597,精装南北两居室采光好无遮挡公摊小配套齐全,315万,41112元/平,底层 (共6层) 2室1厅 | 76.62平米 | 南 北,https://ke-image.ljcdn.com/110000-inspection/633a0691-cc3b-4e74-ba6e-241e02748d61_1000.jpg!m_fill,w_280,h_210,f_jpg?from=ke.com
20240923,朝阳,立水桥,101123749493,此房满五年唯一 南北通透 视野好 诚心出售 看房方便,242万,38536元/平,顶层 (共6层) 2室1厅 | 62.8平米 | 南 北,https://ke-image.ljcdn.com/110000-inspection/c5317c30-85cc-400b-a920-65e6893b2d5b_1000.jpg!m_fill,w_280,h_210,f_jpg?from=ke.com
20240923,朝阳,立水桥,101123738701,塞纳维拉 4室2厅 南 北,2595万,80294元/平,底层 (共5层) 4室2厅 | 323.19平米 | 南 北,https://ke-image.ljcdn.com/110000-inspection/2c1d6018-0670-4d63-8a43-f65275e8edc4_1000.jpg!m_fill,w_280,h_210,f_jpg?from=ke.com
20240923,朝阳,立水桥,101123645182,嘉诚花园二期 南北3居室 双卫 满五年唯一,500万,39630元/平,底层 (共7层) 3室1厅 | 126.17平米 | 南 北,https://ke-image.ljcdn.com/110000-inspection/pc1_IEtKI8X9o.jpg!m_fill,w_280,h_210,f_jpg?from=ke.com
20240923,朝阳,立水桥,101123631904,清水园二期 3室1厅 西南,550万,37062元/平,低楼层 (共7层) | 2003年 | 3室1厅 | 148.4平米 | 西南,https://ke-image.ljcdn.com/110000-inspection/pc1_DHZXrPa0Y_1.jpg!m_fill,w_280,h_210,f_jpg?from=ke.com
20240923,朝阳,立水桥,101123584198,车位 车位车位 奥北南区  需要全款购买 车位,10万,2112元/平,地下室 (共2层) | 2008年 | 1室0厅 | 47.36平米 | 南,https://ke-image.ljcdn.com/110000-inspection/a4c56f08-06cf-454e-9413-8d6bf44d5270_1000.jpg!m_fill,w_280,h_210,f_jpg?from=ke.com
20240923,朝阳,立水桥,101123388141,满五唯一双轨交通通勤便利配套齐全,230万,34442元/平,低楼层 (共19层) | 2004年 | 1室0厅 | 66.78平米 | 东,https://ke-image.ljcdn.com/110000-inspection/47aa8f52-2723-4301-9221-477253417b76_1000.jpg!m_fill,w_280,h_210,f_jpg?from=ke.com
20240923,朝阳,立水桥,101123342316,70年住宅交通便利配套成熟视野好采光好景观好,269万,40361元/平,顶层 (共19层) | 2004年 | 1室1厅 | 66.65平米 | 东,https://ke-image.ljcdn.com/110000-inspection/8d03008a-7ff2-4d5d-b494-a774b3889c44_1000.jpg!m_fill,w_280,h_210,f_jpg?from=ke.com
20240923,朝阳,立水桥,101123274073,昌平区东小口镇立汤路188号院北方明珠房主自荐,260万,39104元/平,顶层 (共19层) | 2004年 | 1室0厅 | 66.49平米 | 西,https://ke-image.ljcdn.com/110000-inspection/3fdd8def-8bd0-4acc-8b9c-ea6344537811_1000.jpg!m_fill,w_280,h_210,f_jpg?from=ke.com
20240923,朝阳,立水桥,101123234145,北方明珠满五年唯一正规两居室诚售价可谈,440万,41141元/平,中楼层 (共19层) | 2004年 | 2室1厅 | 106.95平米 | 西南,https://ke-image.ljcdn.com/110000-inspection/da5a0ec3-53cb-470b-bb03-8b94a32a4a40_1000.jpg!m_fill,w_280,h_210,f_jpg?from=ke.com
20240923,朝阳,立水桥,101123055970,满五唯一商品房中间楼层小两居精装修,289万,44123元/平,低楼层 (共6层) 2室1厅 | 65.5平米 | 西南,https://ke-image.ljcdn.com/110000-inspection/pc1_nDY9v4pYC.jpg!m_fill,w_280,h_210,f_jpg?from=ke.com
20240923,朝阳,立水桥,101123027769,明天第一城1号院朝阳来广营街道中间楼户型方正,202万,56362元/平,中楼层 (共6层) | 2007年 | 1室0厅 | 35.84平米 | 西 北,https://ke-image.ljcdn.com/110000-inspection/fcfddfe9-75f4-49cb-a7ca-a89ceb37f9d8_1000.jpg!m_fill,w_280,h_210,f_jpg?from=ke.com
20240923,朝阳,立水桥,101122988989,立水桥 电梯房 溪城家园 南向 精装修 满五唯一,369万,52873元/平,中楼层 (共15层) | 2010年 | 1室1厅 | 69.79平米 | 南,https://ke-image.ljcdn.com/110000-inspection/pc1_MR5DU13Ki.jpg!m_fill,w_280,h_210,f_jpg?from=ke.com
20240923,朝阳,立水桥,101122911658,户型方正交通便利看房方便环境优美,618万,59258元/平,低楼层 (共15层) 2室1厅 | 104.29平米 | 南 北,https://ke-image.ljcdn.com/110000-inspection/pc1_O8E5HJcbo.jpg!m_fill,w_280,h_210,f_jpg?from=ke.com
20240923,朝阳,立水桥,101122867290,正辰小区 南北通透 满五唯一 高楼层 采光好,470万,47620元/平,中楼层 (共18层) 2室1厅 | 98.7平米 | 南 北,https://ke-image.ljcdn.com/110000-inspection/d8a7f4cc-d502-4776-8ea8-56ffdeba8eb0_1000.jpg!m_fill,w_280,h_210,f_jpg?from=ke.com
20240923,朝阳,立水桥,101122775724,朝阳产权城市休闲别墅繁华配套闹中取静别墅,1600万,78030元/平,底层 (共3层) 5室2厅 | 205.05平米 | 南 北,https://ke-image.ljcdn.com/110000-inspection/0e672d8f-5cf8-42c4-9302-60c60d9d6d05_1000.jpg!m_fill,w_280,h_210,f_jpg?from=ke.com
20240923,朝阳,立水桥,101122754912,商品房满五年唯一南北通透户型方正南北通透,410万,46016元/平,顶层 (共6层) 2室1厅 | 89.1平米 | 南 北,https://ke-image.ljcdn.com/110000-inspection/3b0b34ff-9fd5-4a13-af4a-abb1518f7cab_1000.jpg!m_fill,w_280,h_210,f_jpg?from=ke.com
20240923,朝阳,立水桥,101122739219,合立方小区满五唯一户型方正。,519万,59247元/平,中楼层 (共21层) | 2010年 | 3室1厅 | 87.6平米 | 南 西 北,https://ke-image.ljcdn.com/110000-inspection/e2a95720-73c0-4e50-a593-68eb6f6d159b_1000.jpg!m_fill,w_280,h_210,f_jpg?from=ke.com
20240923,朝阳,立水桥,101122738264,北京北 立水桥 满五唯一 诚心出售,560万,64710元/平,底层 (共20层) | 2009年 | 4室2厅 | 86.54平米 | 南 北,https://ke-image.ljcdn.com/110000-inspection/pc1_1flmEIaWb.jpg!m_fill,w_280,h_210,f_jpg?from=ke.com
20240923,朝阳,立水桥,101122674697,立清路1号院 朝阳产权 07年社区 钢混板楼 近地铁房主自荐,235万,65570元/平,高楼层 (共6层) | 2007年 | 1室0厅 | 35.84平米 | 西北,https://ke-image.ljcdn.com/110000-inspection/cfa49229-3ba4-4f17-a075-b17cfd5f318d_1000.jpg!m_fill,w_280,h_210,f_jpg?from=ke.com
20240923,朝阳,立水桥,101122637224,卢卡新天地 1室1厅 南,445万,58034元/平,顶层 (共18层) | 2014年 | 1室1厅 | 76.68平米 | 南,https://ke-image.ljcdn.com/110000-inspection/pc1_MW7MeNLE1.jpg!m_fill,w_280,h_210,f_jpg?from=ke.com
20240923,朝阳,立水桥,101122626658,商品房70年住宅挨着双地铁楼位置好高楼层,460万,51501元/平,高楼层 (共20层) 2室1厅 | 89.32平米 | 东 南,https://ke-image.ljcdn.com/110000-inspection/e4c5c3c8-12f0-46d1-8440-90a90ceec340_1000.jpg!m_fill,w_280,h_210,f_jpg?from=ke.com
20240923,朝阳,立水桥,101122610454,塞纳维拉 4室2厅 南 北,1730万,86100元/平,底层 (共3层) 4室2厅 | 200.93平米 | 南 北,https://ke-image.ljcdn.com/110000-inspection/e01ae59b-5af8-4d56-a8cc-4d3c5266de5c_1000.jpg!m_fill,w_280,h_210,f_jpg?from=ke.com
20240923,朝阳,立水桥,101122602364,合立方 2010年小区 离地铁站近  两居室,308万,44026元/平,高楼层 (共21层) | 2010年 | 2室1厅 | 69.96平米 | 东,https://ke-image.ljcdn.com/110000-inspection/0b349f2a-0364-4bac-8bbd-252aab49879d_1000.jpg!m_fill,w_280,h_210,f_jpg?from=ke.com
20240923,朝阳,立水桥,101122581501,合立方 精装西南三居室 商品房满五唯一,450万,51874元/平,低楼层 (共21层) | 2010年 | 3室1厅 | 86.75平米 | 西南,https://ke-image.ljcdn.com/110000-inspection/39259337-ddb4-401d-abc1-e2294b0b14f2_1000.jpg!m_fill,w_280,h_210,f_jpg?from=ke.com
20240923,朝阳,立水桥,101122576673,北方明珠大厦立汤路188号院2号楼,291万,52862元/平,高楼层 (共19层) | 2004年 | 1室1厅 | 55.05平米 | 东,https://ke-image.ljcdn.com/110000-inspection/77cb121c-b980-4b06-ae3e-307169b0e617_1000.jpg!m_fill,w_280,h_210,f_jpg?from=ke.com
20240923,朝阳,立水桥,101122566706,高楼层 南北通透 精装修2居室 拎包入住 板楼电梯房,380万,46581元/平,高楼层 (共15层) 2室1厅 | 81.58平米 | 南 北,https://ke-image.ljcdn.com/110000-inspection/0e225efe-7cd6-44e5-98ed-351475ea1d4e_1000.jpg!m_fill,w_280,h_210,f_jpg?from=ke.com
20240923,朝阳,立水桥,101122544897,田字格户型商品房 双卧朝南带阳台 格局方正房主自荐,439万,52816元/平,中楼层 (共15层) | 2010年 | 2室1厅 | 83.12平米 | 南 西,https://ke-image.ljcdn.com/110000-inspection/ed00c0fd-4ae6-4bcc-bb84-0a9bee020728_1000.jpg!m_fill,w_280,h_210,f_jpg?from=ke.com
20240923,朝阳,立水桥,101122526473,立水桥 朝阳区 5号院 南北通透 两居室 有电梯 有钥匙,539万,57032元/平,中楼层 (共9层) 2室1厅 | 94.51平米 | 南 北,https://ke-image.ljcdn.com/110000-inspection/pc1_l81Y6oYVe.jpg!m_fill,w_280,h_210,f_jpg?from=ke.com
20240923,朝阳,立水桥,101122470744,明天第一城5号院 5室1厅 南 北,580万,30641元/平,底层 (共9层) | 2007年 | 5室1厅 | 189.29平米 | 南 北,https://ke-image.ljcdn.com/110000-inspection/pc1_U9L1n3ZxA.jpg!m_fill,w_280,h_210,f_jpg?from=ke.com
20240923,朝阳,立水桥,101122455249,立水桥 清水园二期  南北通透 精装修 低楼层,366万,38563元/平,底层 (共7层) | 2003年 | 3室1厅 | 94.91平米 | 南 北,https://ke-image.ljcdn.com/110000-inspection/f3a2d498-2318-4c99-b2e5-8131cefca094_1000.jpg!m_fill,w_280,h_210,f_jpg?from=ke.com
20240923,朝阳,立水桥,101122439219,北苑北 立水桥 顶秀青溪 花园洋房,990万,77660元/平,顶层 (共4层) 2室1厅 | 127.48平米 | 南,https://ke-image.ljcdn.com/110000-inspection/4d4a1214-1d5e-40f9-969d-6f5750b6c68a_1000.jpg!m_fill,w_280,h_210,f_jpg?from=ke.com
20240923,朝阳,立水桥,101122435757,溪城家园 全南两居 小区中间位置 低楼层方便,376万,47012元/平,低楼层 (共15层) | 2010年 | 2室1厅 | 79.98平米 | 南,https://ke-image.ljcdn.com/110000-inspection/6a48982f-a24d-49a2-8935-91765d8d124c_1000.jpg!m_fill,w_280,h_210,f_jpg?from=ke.com
20240923,朝阳,立水桥,101122387736,商品房装修好.15年精装修的完全可以直接入住,698万,51260元/平,高楼层 (共15层) | 2008年 | 3室1厅 | 136.17平米 | 南 北,https://ke-image.ljcdn.com/110000-inspection/f2a60d4a-9d05-4614-9a2a-85cb4192f284_1000.jpg!m_fill,w_280,h_210,f_jpg?from=ke.com
20240923,朝阳,立水桥,101122311761,嘉诚花园二期 4室1厅 南 北,555万,39675元/平,高楼层 (共7层) | 2003年 | 4室1厅 | 139.89平米 | 南 北,https://ke-image.ljcdn.com/110000-inspection/e353259c-39a0-4957-a29a-4561e205f5c3_1000.jpg!m_fill,w_280,h_210,f_jpg?from=ke.com
20240923,朝阳,立水桥,101122219685,卢卡新天地 1室1厅 东南,368万,49192元/平,高楼层 (共18层) | 2014年 | 1室1厅 | 74.81平米 | 东南,https://ke-image.ljcdn.com/110000-inspection/pc1_njQ1D10Yq.jpg!m_fill,w_280,h_210,f_jpg?from=ke.com
20240923,朝阳,立水桥,101122020703,北京北复式 立水桥 交通方便 有地铁,720万,80610元/平,底层 (共20层) | 2009年 | 4室2厅 | 89.32平米 | 东南,https://ke-image.ljcdn.com/110000-inspection/87567aff-2b19-4451-b0f4-8c2361778c8d_1000.jpg!m_fill,w_280,h_210,f_jpg?from=ke.com
20240923,朝阳,立水桥,101122004784,奥森板块东小口佳运园南北两居室商品房社区房主自荐,405万,47397元/平,底层 (共6层) 2室1厅 | 85.45平米 | 南 北,https://ke-image.ljcdn.com/110000-inspection/e49bc242-c925-4ede-80a5-1bb301015bb3_1000.jpg!m_fill,w_280,h_210,f_jpg?from=ke.com
20240923,朝阳,立水桥,101121977877,北京北南北复式楼精装修可以直接入住,590万,67306元/平,顶层 (共20层) 4室1厅 | 87.66平米 | 南 北,https://ke-image.ljcdn.com/110000-inspection/93aad079-21aa-4803-86e9-a936096415fd_1000.jpg!m_fill,w_280,h_210,f_jpg?from=ke.com
20240923,朝阳,立水桥,101121903054,佳运园一期 精装修 中间层 南北通透 诚心出售 仅契税,345万,49541元/平,中楼层 (共5层) 2室1厅 | 69.64平米 | 南 北,https://ke-image.ljcdn.com/110000-inspection/ec2bb604-1c5c-438f-9bcf-3918f39be79e_1000.jpg!m_fill,w_280,h_210,f_jpg?from=ke.com
20240923,朝阳,立水桥,101121864580,北京北 1室1厅 西北,340万,60103元/平,中楼层 (共20层) | 2008年 | 1室1厅 | 56.57平米 | 西北,https://ke-image.ljcdn.com/110000-inspection/pc1_NtKeZFn4t.jpg!m_fill,w_280,h_210,f_jpg?from=ke.com
20240923,朝阳,立水桥,101121845226,佳运园三期 南北通透 精装修 满五唯一 地暖 独立下水,349万,51812元/平,底层 (共6层) | 2004年 | 1室1厅 | 67.36平米 | 南 北,https://ke-image.ljcdn.com/110000-inspection/ab38835b-a6b7-4ac1-b06d-598f25e42cf4_1000.jpg!m_fill,w_280,h_210,f_jpg?from=ke.com
20240923,朝阳,立水桥,101121815604,房子满五年唯一卫生间带窗高楼层视野、户型方正。,439万,50483元/平,高楼层 (共21层) | 2010年 | 3室1厅 | 86.96平米 | 东北,https://ke-image.ljcdn.com/110000-inspection/ca6fdc73-be4e-4d52-8ae0-4eacc2f71c14_1000.jpg!m_fill,w_280,h_210,f_jpg?from=ke.com
20240923,朝阳,立水桥,101121798375,北京北小区环境优雅交通便利房主自荐,595万,52203元/平,低楼层 (共17层) | 2008年 | 3室1厅 | 113.98平米 | 南 北,https://ke-image.ljcdn.com/110000-inspection/8b561dc6-ab23-4e0b-8378-2415334c19d4_1000.jpg!m_fill,w_280,h_210,f_jpg?from=ke.com
20240923,朝阳,立水桥,101121787928,清水园二期 04年商品房满五年唯一 双明卫 中间楼层,470万,40679元/平,中楼层 (共7层) 3室2厅 | 115.54平米 | 南 北 西,https://ke-image.ljcdn.com/110000-inspection/pc1_p2DmbX7Ab.jpg!m_fill,w_280,h_210,f_jpg?from=ke.com
20240923,朝阳,立水桥,101121755687,昌平产权 立汤路188号院 高层东南朝向房屋出售,340万,30322元/平,高楼层 (共30层) | 2004年 | 2室1厅 | 112.13平米 | 东南,https://ke-image.ljcdn.com/110000-inspection/pc1_aSEl3m63y.jpg!m_fill,w_280,h_210,f_jpg?from=ke.com
20240923,朝阳,立水桥,101121753087,北方明珠 1室0厅 北,248万,40777元/平,顶层 (共19层) | 2004年 | 1室0厅 | 60.82平米 | 北,https://ke-image.ljcdn.com/110000-inspection/534d344e-3dc0-41a3-bce3-7f7fe9e1095e_1000.jpg!m_fill,w_280,h_210,f_jpg?from=ke.com
20240923,朝阳,立水桥,101121751566,立水桥 佳运园 两居 低楼层 东西通透,359万,46455元/平,底层 (共6层) 2室1厅 | 77.28平米 | 东 西,https://ke-image.ljcdn.com/110000-inspection/pc1_CXhPrY880.jpg!m_fill,w_280,h_210,f_jpg?from=ke.com
20240923,朝阳,立水桥,101121749611,立汤路188号院住宅出售房子所在位置好。,198万,35916元/平,中楼层 (共19层) | 2004年 | 1室1厅 | 55.13平米 | 北,https://ke-image.ljcdn.com/110000-inspection/pc1_K61ndPiwV.jpg!m_fill,w_280,h_210,f_jpg?from=ke.com
20240923,朝阳,立水桥,101121744021,立水桥 三居室 花园洋房 人车分流 一梯两户 明厨明卫,850万,54868元/平,高楼层 (共11层) | 2007年 | 3室2厅 | 154.92平米 | 南 西 北,https://ke-image.ljcdn.com/110000-inspection/190c2e34-e56f-444d-8286-cb5f817daaf3_1000.jpg!m_fill,w_280,h_210,f_jpg?from=ke.com
20240923,朝阳,立水桥,101121734808,明天第一城1号院 南向采光好满五年唯一,263万,66164元/平,顶层 (共6层) | 2007年 | 1室1厅 | 39.75平米 | 南,https://ke-image.ljcdn.com/110000-inspection/bd40c752-de84-47da-b955-8eea6e0ab22c_1000.jpg!m_fill,w_280,h_210,f_jpg?from=ke.com
20240923,朝阳,立水桥,101121578650,清水园复式满五唯一视野采光好,610万,34970元/平,高楼层 (共7层) | 2003年 | 4室1厅 | 174.44平米 | 南 北,https://ke-image.ljcdn.com/110000-inspection/pc1_ec1nt862S.jpg!m_fill,w_280,h_210,f_jpg?from=ke.com
20240923,朝阳,立水桥,101121514994,嘉诚花园二期 钢混板楼 明厨明卫 楼层好 满五年,440万,37977元/平,低楼层 (共7层) | 2003年 | 3室1厅 | 115.86平米 | 西南,https://ke-image.ljcdn.com/110000-inspection/8a864713-9659-498c-8e66-767a7e9c18ae_1000.jpg!m_fill,w_280,h_210,f_jpg?from=ke.com
20240923,朝阳,立水桥,101121503611,此房商品房满五年唯一2居2厅  全明格局 东西通透,375万,45461元/平,低楼层 (共15层) | 2010年 | 2室1厅 | 82.49平米 | 东 西 北,https://ke-image.ljcdn.com/110000-inspection/pc1_YQHhcmXyq.jpg!m_fill,w_280,h_210,f_jpg?from=ke.com
20240923,朝阳,立水桥,101121407496,立城苑 朝阳产权 交通便利 配套成熟 南北通透,575万,55135元/平,高楼层 (共15层) 2室1厅 | 104.29平米 | 南 北,https://ke-image.ljcdn.com/110000-inspection/pc1_h9m2Je4bU.jpg!m_fill,w_280,h_210,f_jpg?from=ke.com
20240923,朝阳,立水桥,101121071108,嘉诚花园 南北通透 有花园  诚心出售 看房方便,499万,49578元/平,底层 (共7层) | 2003年 | 2室1厅 | 100.65平米 | 北 南,https://ke-image.ljcdn.com/110000-inspection/pc1_P2JT8DYXe.jpg!m_fill,w_280,h_210,f_jpg?from=ke.com
20240923,朝阳,立水桥,101120737378,北京北南北通透复式楼视野开阔无遮挡,865万,76313元/平,顶层 (共17层) | 2008年 | 3室2厅 | 113.35平米 | 南 北,https://ke-image.ljcdn.com/110000-inspection/45e7be55-0d34-4687-8a99-ff616a343916_1000.jpg!m_fill,w_280,h_210,f_jpg?from=ke.com
20240923,朝阳,立水桥,101119906016,嘉诚花园二期钢混结构南北通透上下两层复式,598万,33479元/平,高楼层 (共7层) 5室2厅 | 178.62平米 | 南 北,https://ke-image.ljcdn.com/110000-inspection/af0e5f14-31b0-4572-aa0c-7ba8af098f0b_1000.jpg!m_fill,w_280,h_210,f_jpg?from=ke.com
20240923,朝阳,立水桥,101119670109,溪城家园  全南向 中楼层 诚心出售 精装修,445万,54348元/平,中楼层 (共15层) | 2010年 | 2室1厅 | 81.88平米 | 南 北,https://ke-image.ljcdn.com/110000-inspection/pc1_KcBvwFmHy.jpg!m_fill,w_280,h_210,f_jpg?from=ke.com
20240923,朝阳,立水桥,101119655994,朝阳产权城市休闲别墅繁华配套闹中取静联排房主自荐,1399万,68065元/平,底层 (共3层) 5室3厅 | 205.54平米 | 南 北,https://ke-image.ljcdn.com/110000-inspection/3f11a326-9b1a-42e7-9121-004335e6b6cf_1000.jpg!m_fill,w_280,h_210,f_jpg?from=ke.com
20240923,朝阳,立水桥,101119457683,朝阳产权休闲别墅繁华配套闹中取静联排别墅,1480万,72006元/平,底层 (共3层) 5室2厅 | 205.54平米 | 南 北,https://ke-image.ljcdn.com/110000-inspection/a40be1b6-3f8c-4a23-8918-4b78091889c0_1000.jpg!m_fill,w_280,h_210,f_jpg?from=ke.com
20240923,朝阳,立水桥,101119195733,顶秀青溪花园洋房南北通透视野采光好,870万,62438元/平,中楼层 (共15层) | 2007年 | 3室1厅 | 139.34平米 | 南 北,https://ke-image.ljcdn.com/110000-inspection/61b161e3-88bd-4287-8913-abbd4249127d_1000.jpg!m_fill,w_280,h_210,f_jpg?from=ke.com
20240923,朝阳,立水桥,101118411214,北京北 商品房 满五唯一 南北通透,799.99万,75959元/平,底层 (共17层) 5室2厅 | 105.32平米 | 南 北,https://ke-image.ljcdn.com/110000-inspection/pc1_pbp98QqO9.jpg!m_fill,w_280,h_210,f_jpg?from=ke.com
20240923,朝阳,立水桥,101117547994,塞纳维拉 优质户型 环境优美 交通便利,2690万,87418元/平,底层 (共5层) 5室2厅 | 307.72平米 | 南 北,https://ke-image.ljcdn.com/110000-inspection/pc1_ASXE3qNvE.jpg!m_fill,w_280,h_210,f_jpg?from=ke.com
20240923,朝阳,立水桥,101117041723,小区中间位置户型方正采光充足前后没有遮挡,1150万,77078元/平,底层 (共7层) 4室3厅 | 149.2平米 | 南 北 东,https://ke-image.ljcdn.com/110000-inspection/5274a623-66d9-4a7f-b263-039b29ae164d_1000.jpg!m_fill,w_280,h_210,f_jpg?from=ke.com
20240923,朝阳,立水桥,101115153415,顶秀青溪 花园洋房社区 房本满五年 南北通透复式,928万,54734元/平,顶层 (共4层) 3室2厅 | 169.55平米 | 南 北,https://ke-image.ljcdn.com/110000-inspection/ac556042-4bad-44dd-b926-58e5774ee3bf_1000.jpg!m_fill,w_280,h_210,f_jpg?from=ke.com
20240923,朝阳,立水桥,101126732597,明天第一城8号院 2室1厅 西 南,198万,21678元/平,中楼层 (共20层) | 2007年 | 2室1厅 | 91.34平米 | 西 南,https://s1.ljcdn.com/pegasus/redskull/images/common/default_house_list.png?_v=20240826145726
20240923,朝阳,立水桥,101126716186,奥北南区 2室1厅 南新上,245万,28740元/平,低楼层 (共27层) | 2008年 | 2室1厅 | 85.25平米 | 南,https://s1.ljcdn.com/pegasus/redskull/images/common/default_house_list.png?_v=20240826145726
20240923,朝阳,立水桥,101126703993,卢卡新天地 1室1厅 南新上,350万,45645元/平,高楼层 (共18层) | 2014年 | 1室1厅 | 76.68平米 | 南,https://s1.ljcdn.com/pegasus/redskull/images/common/default_house_list.png?_v=20240826145726
20240923,朝阳,立水桥,101126678917,北五环边 紧挨森林公园 电梯三居室 精装修新上,450万,51073元/平,中楼层 (共15层) 3室1厅 | 88.11平米 | 东 南 北,https://s1.ljcdn.com/pegasus/redskull/images/common/default_house_list.png?_v=20240826145726
20240923,朝阳,立水桥,101126668987,房子全南户型采光好总价合适中间楼栋新上,410万,52316元/平,中楼层 (共15层) | 2010年 | 2室1厅 | 78.37平米 | 南,https://s1.ljcdn.com/pegasus/redskull/images/common/default_house_list.png?_v=20240826145726
20240923,朝阳,立水桥,101126646522,板楼户型 南北通透 公摊小 利用率87% 舒适住宅新上,425万,50826元/平,高楼层 (共6层) 2室1厅 | 83.62平米 | 北 南,https://s1.ljcdn.com/pegasus/redskull/images/common/default_house_list.png?_v=20240826145726
20240923,朝阳,立水桥,101126641501,东辰小区 低楼层 出行方便 不临街 两居室新上,260万,41257元/平,底层 (共6层) | 1994年 | 2室1厅 | 63.02平米 | 东,https://s1.ljcdn.com/pegasus/redskull/images/common/default_house_list.png?_v=20240826145726
20240923,朝阳,立水桥,101126582790,合立方 2室1厅 南,360万,49134元/平,低楼层 (共21层) | 2010年 | 2室1厅 | 73.27平米 | 南,https://s1.ljcdn.com/pegasus/redskull/images/common/default_house_list.png?_v=20240826145726
20240923,朝阳,立水桥,101126578788,明天生活馆 1室1厅 东南,110万,23728元/平,高楼层 (共14层) | 2007年 | 1室1厅 | 46.36平米 | 东南,https://s1.ljcdn.com/pegasus/redskull/images/common/default_house_list.png?_v=20240826145726
20240923,朝阳,立水桥,101126577659,明天第一城7号院 2室1厅 南,260万,33952元/平,顶层 (共20层) | 2007年 | 2室1厅 | 76.58平米 | 南,https://s1.ljcdn.com/pegasus/redskull/images/common/default_house_list.png?_v=20240826145726
20240923,朝阳,立水桥,101126561112,明天第一城6号院 2室1厅 南 北,255万,32137元/平,高楼层 (共21层) | 2007年 | 2室1厅 | 79.35平米 | 南 北,https://s1.ljcdn.com/pegasus/redskull/images/common/default_house_list.png?_v=20240826145726
20240923,朝阳,立水桥,101126554315,润枫欣尚 1室1厅 西,143万,22631元/平,高楼层 (共20层) | 2011年 | 1室1厅 | 63.19平米 | 西,https://s1.ljcdn.com/pegasus/redskull/images/common/default_house_list.png?_v=20240826145726
20240923,朝阳,立水桥,101126532666,东亚奥北中心北区 2室1厅 西南,250万,28932元/平,中楼层 (共20层) | 2008年 | 2室1厅 | 86.41平米 | 西南,https://s1.ljcdn.com/pegasus/redskull/images/common/default_house_list.png?_v=20240826145726
20240923,朝阳,立水桥,101126512882,北苑北 立水桥 顶秀青溪 花园洋房观公园看水系,795万,51367元/平,低楼层 (共15层) | 2007年 | 3室2厅 | 154.77平米 | 南 北,https://s1.ljcdn.com/pegasus/redskull/images/common/default_house_list.png?_v=20240826145726
20240923,朝阳,立水桥,101126512458,南北通透 楼层好 采光充足 视野开阔 交通便利,260万,32771元/平,中楼层 (共21层) | 2007年 | 2室1厅 | 79.34平米 | 南 北,https://s1.ljcdn.com/pegasus/redskull/images/common/default_house_list.png?_v=20240826145726
20240923,朝阳,立水桥,101126476093,公园两栋 双层电梯房 近地铁 配套齐全,230万,40586元/平,高楼层 (共18层) 2室2厅 | 56.67平米 | 南,https://s1.ljcdn.com/pegasus/redskull/images/common/default_house_list.png?_v=20240826145726
20240923,朝阳,立水桥,101126475232,公园两栋 单独双层电梯房 近地铁 配套齐全,275万,43349元/平,中楼层 (共18层) 1室1厅 | 63.44平米 | 北,https://s1.ljcdn.com/pegasus/redskull/images/common/default_house_list.png?_v=20240826145726
20240923,朝阳,立水桥,101126462827,润枫欣尚1室1厅西向方正户型,180万,34709元/平,底层 (共20层) | 2011年 | 1室1厅 | 51.86平米 | 西,https://s1.ljcdn.com/pegasus/redskull/images/common/default_house_list.png?_v=20240826145726
20240923,朝阳,立水桥,101126451913,北京北南北三居室双卧客厅朝南楼前无遮挡,600万,52526元/平,低楼层 (共17层) | 2008年 | 3室2厅 | 114.23平米 | 南 北,https://s1.ljcdn.com/pegasus/redskull/images/common/default_house_list.png?_v=20240826145726
20240923,朝阳,立水桥,101126440025,明天第一城7号院精装视野开阔看房方便诚意卖,120万,35588元/平,低楼层 (共21层) | 2007年 | 1室0厅 | 33.72平米 | 西,https://s1.ljcdn.com/pegasus/redskull/images/common/default_house_list.png?_v=20240826145726
20240923,朝阳,立水桥,101126434234,北京北 2室1厅 南,460万,56160元/平,高楼层 (共20层) | 2009年 | 2室1厅 | 81.91平米 | 南,https://s1.ljcdn.com/pegasus/redskull/images/common/default_house_list.png?_v=20240826145726
20240923,朝阳,立水桥,101126434035,公园两栋 双层电梯房 近地铁 配套齐全,208万,74794元/平,低楼层 (共21层) | 2011年 | 2室0厅 | 27.81平米 | 北,https://s1.ljcdn.com/pegasus/redskull/images/common/default_house_list.png?_v=20240826145726
20240923,朝阳,立水桥,101126392850,明天第一城8号院 2室1厅 南,260万,33450元/平,高楼层 (共16层) | 2007年 | 2室1厅 | 77.73平米 | 南,https://s1.ljcdn.com/pegasus/redskull/images/common/default_house_list.png?_v=20240826145726
20240923,朝阳,立水桥,101126374946,明天第一城7号院 2室2厅 南 北,270万,30992元/平,顶层 (共21层) | 2007年 | 2室2厅 | 87.12平米 | 南 北,https://s1.ljcdn.com/pegasus/redskull/images/common/default_house_list.png?_v=20240826145726
20240923,朝阳,立水桥,101126371605,东辰小区 3室1厅 东 西,350万,41957元/平,顶层 (共6层) | 1994年 | 3室1厅 | 83.42平米 | 东 西,https://s1.ljcdn.com/pegasus/redskull/images/common/default_house_list.png?_v=20240826145726
20240923,朝阳,立水桥,101126356381,明天第一城8号院 1室1厅 东南,200万,30484元/平,中楼层 (共20层) | 2007年 | 1室1厅 | 65.61平米 | 东南,https://s1.ljcdn.com/pegasus/redskull/images/common/default_house_list.png?_v=20240826145726
20240923,朝阳,立水桥,101126355252,此房高楼层 全南向 视野开阔 双阳台 采光很好,229万,33942元/平,高楼层 (共20层) | 2007年 | 2室1厅 | 67.47平米 | 南,https://s1.ljcdn.com/pegasus/redskull/images/common/default_house_list.png?_v=20240826145726
20240923,朝阳,立水桥,101126340064,北京北 2室1厅 东南,490万,54792元/平,中楼层 (共20层) | 2008年 | 2室1厅 | 89.43平米 | 东南,https://s1.ljcdn.com/pegasus/redskull/images/common/default_house_list.png?_v=20240826145726
20240923,朝阳,立水桥,101126325723,溪城家园全南向两居室精装修,365万,45740元/平,低楼层 (共15层) | 2010年 | 2室1厅 | 79.8平米 | 南,https://s1.ljcdn.com/pegasus/redskull/images/common/default_house_list.png?_v=20240826145726
20240923,朝阳,立水桥,101126285943,明天第一城6号院 2室1厅 南 北,232万,28519元/平,顶层 (共19层) | 2007年 | 2室1厅 | 81.35平米 | 南 北,https://s1.ljcdn.com/pegasus/redskull/images/common/default_house_list.png?_v=20240826145726
20240923,朝阳,立水桥,101126266154,立水桥 10年小区环境好 诚心卖,138万,24211元/平,中楼层 (共20层) | 2011年 | 1室0厅 | 57平米 | 东,https://s1.ljcdn.com/pegasus/redskull/images/common/default_house_list.png?_v=20240826145726
20240923,朝阳,立水桥,101126260840,东亚奥北中心北区 2室1厅 南 北,236万,26243元/平,低楼层 (共20层) | 2008年 | 2室1厅 | 89.93平米 | 南 北,https://s1.ljcdn.com/pegasus/redskull/images/common/default_house_list.png?_v=20240826145726
20240923,朝阳,立水桥,101126243837,明天第一城8号院 1室1厅 东南,238万,32828元/平,高楼层 (共20层) | 2007年 | 1室1厅 | 72.5平米 | 东南,https://s1.ljcdn.com/pegasus/redskull/images/common/default_house_list.png?_v=20240826145726
20240923,朝阳,立水桥,101126240720,奥北南区 2室1厅 南 北,248万,29308元/平,中楼层 (共27层) 2室1厅 | 84.62平米 | 南 北,https://s1.ljcdn.com/pegasus/redskull/images/common/default_house_list.png?_v=20240826145726
20240923,朝阳,立水桥,101126236213,交通方便配套齐全户型方正诚意出售看房方便,100万,22574元/平,高楼层 (共14层) | 2009年 | 1室0厅 | 44.3平米 | 西,https://s1.ljcdn.com/pegasus/redskull/images/common/default_house_list.png?_v=20240826145726
20240923,朝阳,立水桥,101126228815,东亚奥北北区电梯精装全齐采光视野无遮挡房屋舒适温馨,108万,35480元/平,中楼层 (共20层) | 2008年 | 1室0厅 | 30.44平米 | 北,https://s1.ljcdn.com/pegasus/redskull/images/common/default_house_list.png?_v=20240826145726
20240923,朝阳,立水桥,101126213215,奥北北区50年产权商办房连续五年社保全款购买,220万,24736元/平,中楼层 (共20层) | 2008年 | 3室1厅 | 88.94平米 | 东北,https://s1.ljcdn.com/pegasus/redskull/images/common/default_house_list.png?_v=20240826145726
20240923,朝阳,立水桥,101126196545,商办类需要全款购买单价总价都合适 诚心出售,164.5万,25935元/平,中楼层 (共21层) | 2007年 | 1室1厅 | 63.43平米 | 东 西北,https://s1.ljcdn.com/pegasus/redskull/images/common/default_house_list.png?_v=20240826145726
20240923,朝阳,立水桥,101126193966,润枫欣尚 2室1厅 东南,190万,23140元/平,低楼层 (共20层) | 2011年 | 2室1厅 | 82.11平米 | 东南,https://s1.ljcdn.com/pegasus/redskull/images/common/default_house_list.png?_v=20240826145726
20240923,朝阳,立水桥,101126187886,奥北南区 朝阳产权  双地铁 电梯房 户型好房主自荐,159万,26818元/平,低楼层 (共27层) 1室1厅 | 59.29平米 | 西北,https://s1.ljcdn.com/pegasus/redskull/images/common/default_house_list.png?_v=20240826145726
20240923,朝阳,立水桥,101126184002,明天第一城5号院 南北通透 中间层低密板楼,530万,63382元/平,低楼层 (共6层) 2室1厅 | 83.62平米 | 南 北,https://s1.ljcdn.com/pegasus/redskull/images/common/default_house_list.png?_v=20240826145726
20240923,朝阳,立水桥,101126182876,合立方 2室2厅 东 西,248万,45986元/平,中楼层 (共11层) | 2010年 | 2室2厅 | 53.93平米 | 东 西,https://s1.ljcdn.com/pegasus/redskull/images/common/default_house_list.png?_v=20240826145726
20240923,朝阳,立水桥,101126182635,明天第一城7号院 2室1厅 南,240万,30988元/平,中楼层 (共20层) | 2007年 | 2室1厅 | 77.45平米 | 南,https://s1.ljcdn.com/pegasus/redskull/images/common/default_house_list.png?_v=20240826145726
20240923,朝阳,立水桥,101126177311,东方郁金香 1室0厅 西,110万,24831元/平,中楼层 (共14层) | 2009年 | 1室0厅 | 44.3平米 | 西,https://s1.ljcdn.com/pegasus/redskull/images/common/default_house_list.png?_v=20240826145726
20240923,朝阳,立水桥,101126167798,立水桥润枫欣尚交通便利户型方正装修好,152万,24612元/平,低楼层 (共20层) | 2011年 | 1室0厅 | 61.76平米 | 东,https://s1.ljcdn.com/pegasus/redskull/images/common/default_house_list.png?_v=20240826145726
20240923,朝阳,立水桥,101126153301,东亚奥北中心北区 1室1厅 北,125万,38617元/平,高楼层 (共20层) | 2008年 | 1室1厅 | 32.37平米 | 北,https://s1.ljcdn.com/pegasus/redskull/images/common/default_house_list.png?_v=20240826145726
20240923,朝阳,立水桥,101126152543,溪城家园   东南北3居室  视野很好 小区环境美,425万,48351元/平,高楼层 (共15层) | 2010年 | 3室1厅 | 87.9平米 | 东南 北,https://s1.ljcdn.com/pegasus/redskull/images/common/default_house_list.png?_v=20240826145726
20240923,朝阳,立水桥,101126144076,东亚奥北中心北区 1室0厅 北,100万,33026元/平,低楼层 (共20层) | 2008年 | 1室0厅 | 30.28平米 | 北,https://s1.ljcdn.com/pegasus/redskull/images/common/default_house_list.png?_v=20240826145726
20240923,朝阳,立水桥,101126143889,南北朝向 高楼层 采光视野好 诚心出售,269万,29519元/平,高楼层 (共21层) | 2007年 | 2室1厅 | 91.13平米 | 南 北,https://s1.ljcdn.com/pegasus/redskull/images/common/default_house_list.png?_v=20240826145726
20240923,朝阳,立水桥,101126125667,明天第一城7号院 1室0厅 北,129万,28528元/平,低楼层 (共20层) | 2007年 | 1室0厅 | 45.22平米 | 北,https://s1.ljcdn.com/pegasus/redskull/images/common/default_house_list.png?_v=20240826145726
20240923,朝阳,立水桥,101126122430,明天第一城7号院 1室1厅 东南,218万,30020元/平,中楼层 (共20层) | 2007年 | 1室1厅 | 72.62平米 | 东南,https://s1.ljcdn.com/pegasus/redskull/images/common/default_house_list.png?_v=20240826145726
20240923,朝阳,立水桥,101126065321,朝阳立水桥明天第一城7号院 13号线5号线,145万,28628元/平,高楼层 (共20层) | 2007年 | 1室0厅 | 50.65平米 | 南,https://s1.ljcdn.com/pegasus/redskull/images/common/default_house_list.png?_v=20240826145726
20240923,朝阳,立水桥,101126052435,明天第一城6号院电梯房两梯五户高楼层采光充足,258万,30851元/平,高楼层 (共21层) | 2007年 | 2室1厅 | 83.63平米 | 南,https://s1.ljcdn.com/pegasus/redskull/images/common/default_house_list.png?_v=20240826145726
20240923,朝阳,立水桥,101126044793,奥北南区 1室1厅 东 南,140万,37494元/平,低楼层 (共25层) | 2008年 | 1室1厅 | 37.34平米 | 东 南,https://s1.ljcdn.com/pegasus/redskull/images/common/default_house_list.png?_v=20240826145726
20240923,朝阳,立水桥,101125997229,奥北南区 1室0厅 西北,135万,33591元/平,中楼层 (共11层) 1室0厅 | 40.19平米 | 西北,https://s1.ljcdn.com/pegasus/redskull/images/common/default_house_list.png?_v=20240826145726
20240923,朝阳,立水桥,101125981795,南北通透 采光视野好 出行方便 配套齐全,245万,30401元/平,低楼层 (共19层) | 2007年 | 2室1厅 | 80.59平米 | 南 北,https://s1.ljcdn.com/pegasus/redskull/images/common/default_house_list.png?_v=20240826145726
20240923,朝阳,立水桥,101125969214,东方郁金香 1室0厅 北,105万,25381元/平,中楼层 (共14层) | 2009年 | 1室0厅 | 41.37平米 | 北,https://s1.ljcdn.com/pegasus/redskull/images/common/default_house_list.png?_v=20240826145726
20240923,朝阳,立水桥,101125950554,立水桥 东南向 高楼层 视野采光很好 诚心出售,250万,28730元/平,高楼层 (共21层) | 2007年 | 2室1厅 | 87.02平米 | 东南,https://s1.ljcdn.com/pegasus/redskull/images/common/default_house_list.png?_v=20240826145726
20240923,朝阳,立水桥,101125858550,朝阳区 需连续5年的社保或纳税 全款,255万,30816元/平,中楼层 (共21层) | 2007年 | 2室1厅 | 82.75平米 | 南,https://s1.ljcdn.com/pegasus/redskull/images/common/default_house_list.png?_v=20240826145726
20240923,朝阳,立水桥,101125739831,东亚奥北中心北区 2室1厅 南,240万,27759元/平,低楼层 (共20层) | 2008年 | 2室1厅 | 86.46平米 | 南,https://s1.ljcdn.com/pegasus/redskull/images/common/default_house_list.png?_v=20240826145726
20240923,朝阳,立水桥,101125678431,朝阳产权 近地铁 电梯房 南向 带阳台 中楼层,230万,29693元/平,中楼层 (共20层) | 2007年 | 2室1厅 | 77.46平米 | 南,https://s1.ljcdn.com/pegasus/redskull/images/common/default_house_list.png?_v=20240826145726
20240923,朝阳,立水桥,101125652830,奥北南区 2室1厅 西南,259万,28692元/平,中楼层 (共23层) 2室1厅 | 90.27平米 | 西南,https://s1.ljcdn.com/pegasus/redskull/images/common/default_house_list.png?_v=20240826145726
20240923,朝阳,立水桥,101125639544,北方明珠 2室2厅 西 北,400万,37401元/平,高楼层 (共19层) | 2005年 | 2室2厅 | 106.95平米 | 西 北,https://s1.ljcdn.com/pegasus/redskull/images/common/default_house_list.png?_v=20240826145726
20240923,朝阳,立水桥,101125598548,明天生活馆 1室0厅 北,84万,21484元/平,中楼层 (共14层) | 2007年 | 1室0厅 | 39.1平米 | 北,https://s1.ljcdn.com/pegasus/redskull/images/common/default_house_list.png?_v=20240826145726
20240923,朝阳,立水桥,101125594804,公园两栋 1室0厅 北,88万,26708元/平,顶层 (共21层) | 2011年 | 1室0厅 | 32.95平米 | 北,https://s1.ljcdn.com/pegasus/redskull/images/common/default_house_list.png?_v=20240826145726
20240923,朝阳,立水桥,101125549095,中间楼层 视野开阔 采光好户型方正 价格可谈,235万,29676元/平,中楼层 (共20层) | 2007年 | 2室1厅 | 79.19平米 | 南,https://s1.ljcdn.com/pegasus/redskull/images/common/default_house_list.png?_v=20240826145726
20240923,朝阳,立水桥,101125543196,全南向带阳台 高楼层无遮挡 视野开阔,260万,31090元/平,高楼层 (共21层) | 2007年 | 2室1厅 | 83.63平米 | 南,https://s1.ljcdn.com/pegasus/redskull/images/common/default_house_list.png?_v=20240826145726
20240923,朝阳,立水桥,101125541570,此房采光好视野开阔楼层好。配套齐全交通便利,238万,29998元/平,低楼层 (共21层) | 2007年 | 2室1厅 | 79.34平米 | 南 北,https://s1.ljcdn.com/pegasus/redskull/images/common/default_house_list.png?_v=20240826145726
20240923,朝阳,立水桥,101125477134,明天第一城6号院朝阳区南北通透配套成熟,259万,32645元/平,中楼层 (共21层) | 2007年 | 2室1厅 | 79.34平米 | 南 北,https://s1.ljcdn.com/pegasus/redskull/images/common/default_house_list.png?_v=20240826145726
20240923,朝阳,立水桥,101125460199,润枫欣尚 1室1厅 南,195万,27319元/平,中楼层 (共20层) | 2011年 | 1室1厅 | 71.38平米 | 南,https://s1.ljcdn.com/pegasus/redskull/images/common/default_house_list.png?_v=20240826145726
20240923,朝阳,立水桥,101125453054,奥北南区交通便利 配套齐全 视野开阔 采光充足,225万,25818元/平,高楼层 (共11层) 2室1厅 | 87.15平米 | 南,https://s1.ljcdn.com/pegasus/redskull/images/common/default_house_list.png?_v=20240826145726
20240923,朝阳,立水桥,101125439873,明天第一城6号院 2室1厅 南 北,278万,32058元/平,低楼层 (共21层) | 2007年 | 2室1厅 | 86.72平米 | 南 北,https://s1.ljcdn.com/pegasus/redskull/images/common/default_house_list.png?_v=20240826145726
20240923,朝阳,立水桥,101125406263,明天第一城7号院 2室0厅 南 北,255万,31611元/平,顶层 (共20层) | 2007年 | 2室0厅 | 80.67平米 | 南 北,https://s1.ljcdn.com/pegasus/redskull/images/common/default_house_list.png?_v=20240826145726
20240923,朝阳,立水桥,101125376899,卢卡新天地 1室0厅 南,206万,44676元/平,中楼层 (共5层) 1室0厅 | 46.11平米 | 南,https://s1.ljcdn.com/pegasus/redskull/images/common/default_house_list.png?_v=20240826145726
20240923,朝阳,立水桥,101125374101,立水桥商业中心地段 润枫欣尚开间诚心出售,143万,24609元/平,低楼层 (共20层) | 2011年 | 1室0厅 | 58.11平米 | 西,https://s1.ljcdn.com/pegasus/redskull/images/common/default_house_list.png?_v=20240826145726
20240923,朝阳,立水桥,101125333879,立水桥 商办房 全款购买 正规一室 看房方便 诚售,119万,29289元/平,高楼层 (共20层) | 2008年 | 1室1厅 | 40.63平米 | 北,https://s1.ljcdn.com/pegasus/redskull/images/common/default_house_list.png?_v=20240826145726
20240923,朝阳,立水桥,101125318781,明天生活馆 1室1厅 东南,118万,25453元/平,中楼层 (共14层) | 2007年 | 1室1厅 | 46.36平米 | 东南,https://s1.ljcdn.com/pegasus/redskull/images/common/default_house_list.png?_v=20240826145726
20240923,朝阳,立水桥,101125306338,合立方 4室2厅 东 西 北,398万,50355元/平,中楼层 (共11层) | 2010年 | 4室2厅 | 79.04平米 | 东 西 北,https://s1.ljcdn.com/pegasus/redskull/images/common/default_house_list.png?_v=20240826145726
20240923,朝阳,立水桥,101125187020,明天生活馆 1室0厅 东南,98万,21139元/平,顶层 (共14层) | 2007年 | 1室0厅 | 46.36平米 | 东南,https://s1.ljcdn.com/pegasus/redskull/images/common/default_house_list.png?_v=20240826145726
20240923,朝阳,立水桥,101125171840,立水桥 正规开间 采光视野好 诚心出售,131万,29432元/平,底层 (共21层) | 2007年 | 1室0厅 | 44.51平米 | 北,https://s1.ljcdn.com/pegasus/redskull/images/common/default_house_list.png?_v=20240826145726
20240923,朝阳,立水桥,101125167972,东方郁金香 1室1厅 南,159万,22528元/平,高楼层 (共14层) | 2009年 | 1室1厅 | 70.58平米 | 南,https://s1.ljcdn.com/pegasus/redskull/images/common/default_house_list.png?_v=20240826145726
20240923,朝阳,立水桥,101125156262,明天第一城8号院 1室0厅 西,135万,38838元/平,高楼层 (共20层) | 2007年 | 1室0厅 | 34.76平米 | 西,https://s1.ljcdn.com/pegasus/redskull/images/common/default_house_list.png?_v=20240826145726
20240923,朝阳,立水桥,101125137565,奥北南区 1室0厅 北,126万,42698元/平,中楼层 (共25层) | 2008年 | 1室0厅 | 29.51平米 | 北,https://s1.ljcdn.com/pegasus/redskull/images/common/default_house_list.png?_v=20240826145726
20240923,朝阳,立水桥,101125132755,立水桥 润枫欣尚 交通便利 配套齐全 户型方正。,149万,22559元/平,中楼层 (共20层) | 2011年 | 1室1厅 | 66.05平米 | 东北,https://s1.ljcdn.com/pegasus/redskull/images/common/default_house_list.png?_v=20240826145726
20240923,朝阳,立水桥,101125090168,明天第一城6号院 3室1厅 南,208万,27514元/平,底层 (共21层) | 2007年 | 3室1厅 | 75.6平米 | 南,https://s1.ljcdn.com/pegasus/redskull/images/common/default_house_list.png?_v=20240826145726
20240923,朝阳,立水桥,101125066561,2008年建成 商办房  需要60个月纳税或社保,265万,31111元/平,高楼层 (共20层) | 2008年 | 2室1厅 | 85.18平米 | 南,https://s1.ljcdn.com/pegasus/redskull/images/common/default_house_list.png?_v=20240826145726
20240923,朝阳,立水桥,101124967883,立水桥润枫欣尚交通便利配套齐全户型方正。,139万,26803元/平,中楼层 (共20层) | 2011年 | 1室0厅 | 51.86平米 | 西,https://s1.ljcdn.com/pegasus/redskull/images/common/default_house_list.png?_v=20240826145726
20240923,朝阳,立水桥,101124920623,立水桥精装修开间50年商办房 需要全款购买,96万,29823元/平,顶层 (共20层) | 2008年 | 1室0厅 | 32.19平米 | 北,https://s1.ljcdn.com/pegasus/redskull/images/common/default_house_list.png?_v=20240826145726
20240923,朝阳,立水桥,101124916590,明天第一城7号院 高楼层 视野采光好,268万,34801元/平,中楼层 (共20层) | 2007年 | 2室1厅 | 77.01平米 | 西南,https://s1.ljcdn.com/pegasus/redskull/images/common/default_house_list.png?_v=20240826145726
20240923,朝阳,立水桥,101124890093,朝阳区明天第一城7号院高层精装房,279万,33057元/平,高楼层 (共21层) | 2007年 | 2室1厅 | 84.4平米 | 西南,https://s1.ljcdn.com/pegasus/redskull/images/common/default_house_list.png?_v=20240826145726
20240923,朝阳,立水桥,101124861752,明天第一城7号院 只有契税 精装 视野开阔无遮挡,128万,36729元/平,中楼层 (共21层) | 2007年 | 1室0厅 | 34.85平米 | 东,https://s1.ljcdn.com/pegasus/redskull/images/common/default_house_list.png?_v=20240826145726
20240923,朝阳,立水桥,101124757833,正对森林公园  视野好 采光充足 高楼层 有钥匙,115万,34267元/平,高楼层 (共21层) | 2007年 | 1室0厅 | 33.56平米 | 西,https://s1.ljcdn.com/pegasus/redskull/images/common/default_house_list.png?_v=20240826145726
20240923,朝阳,立水桥,101124756188,朝阳产权奥北南区全款购买可以注册公司交通便利,138万,39362元/平,高楼层 (共25层) | 2008年 | 1室1厅 | 35.06平米 | 西北,https://s1.ljcdn.com/pegasus/redskull/images/common/default_house_list.png?_v=20240826145726
20240923,朝阳,立水桥,101124714872,奥北南区户型方正中间楼层地铁干扰少。,166万,27802元/平,中楼层 (共27层) | 2008年 | 2室1厅 | 59.71平米 | 西北,https://s1.ljcdn.com/pegasus/redskull/images/common/default_house_list.png?_v=20240826145726
20240923,朝阳,立水桥,101124705501,明天第一城7号院 电梯房 小区环境好近地铁,228万,32516元/平,低楼层 (共21层) | 2007年 | 2室1厅 | 70.12平米 | 东,https://s1.ljcdn.com/pegasus/redskull/images/common/default_house_list.png?_v=20240826145726
20240923,朝阳,立水桥,101124702231,朝阳区立清路 明天第一城6号院,270万,34027元/平,低楼层 (共21层) | 2007年 | 2室1厅 | 79.35平米 | 南,https://s1.ljcdn.com/pegasus/redskull/images/common/default_house_list.png?_v=20240826145726
20240923,朝阳,立水桥,101124673126,50年产权商办房个人购买需要有连续60个月社保,190万,18914元/平,中楼层 (共14层) | 2009年 | 2室1厅 | 100.46平米 | 西北,https://s1.ljcdn.com/pegasus/redskull/images/common/default_house_list.png?_v=20240826145726
20240923,朝阳,立水桥,101124618343,清水园一期 仅契税 南北通透 户型方正 停车免费,450万,53198元/平,顶层 (共6层) 3室1厅 | 84.59平米 | 南 北,https://s1.ljcdn.com/pegasus/redskull/images/common/default_house_list.png?_v=20240826145726
20240923,朝阳,立水桥,101124604527,奥北南区 2室1厅 东南,259万,30357元/平,低楼层 (共11层) 2室1厅 | 85.32平米 | 东南,https://s1.ljcdn.com/pegasus/redskull/images/common/default_house_list.png?_v=20240826145726
20240923,朝阳,立水桥,101124580992,明天第一城7号院 2室1厅 南,230万,30344元/平,中楼层 (共21层) | 2007年 | 2室1厅 | 75.8平米 | 南,https://s1.ljcdn.com/pegasus/redskull/images/common/default_house_list.png?_v=20240826145726
20240923,朝阳,立水桥,101124553860,商品房50年产权户型方正交通便利电梯房,155万,34338元/平,中楼层 (共20层) | 2007年 | 1室1厅 | 45.14平米 | 南,https://s1.ljcdn.com/pegasus/redskull/images/common/default_house_list.png?_v=20240826145726
20240923,朝阳,立水桥,101124551396,需要全款 交通方便配套齐全户型方正诚意出售,108万,24380元/平,中楼层 (共14层) | 2009年 | 1室1厅 | 44.3平米 | 西,https://s1.ljcdn.com/pegasus/redskull/images/common/default_house_list.png?_v=20240826145726
20240923,朝阳,立水桥,101124538367,润枫欣尚 需全款购买 满足60个月纳税或社保,145万,26917元/平,低楼层 (共20层) | 2011年 | 1室0厅 | 53.87平米 | 西,https://s1.ljcdn.com/pegasus/redskull/images/common/default_house_list.png?_v=20240826145726
20240923,朝阳,立水桥,101124528870,明天第一城7号院 开间诚心出售,135万,44147元/平,低楼层 (共21层) | 2007年 | 1室0厅 | 30.58平米 | 西,https://s1.ljcdn.com/pegasus/redskull/images/common/default_house_list.png?_v=20240826145726
20240923,朝阳,立水桥,101124526884,东亚奥北中心北区出行方便可随时交易,230万,25137元/平,高楼层 (共20层) | 2008年 | 2室1厅 | 91.5平米 | 东,https://s1.ljcdn.com/pegasus/redskull/images/common/default_house_list.png?_v=20240826145726
20240923,朝阳,立水桥,101124502610,明天第一城6号院 2室1厅 南 北,260万,32771元/平,高楼层 (共21层) | 2007年 | 2室1厅 | 79.34平米 | 南 北,https://s1.ljcdn.com/pegasus/redskull/images/common/default_house_list.png?_v=20240826145726
20240923,朝阳,立水桥,101124472064,公园两栋  商办房 需全款购买 上下两层,245万,42264元/平,底层 (共21层) | 2011年 | 2室1厅 | 57.97平米 | 东南,https://s1.ljcdn.com/pegasus/redskull/images/common/default_house_list.png?_v=20240826145726
20240923,朝阳,立水桥,101124470407,立水桥  西向开间 采光视野好 诚心出售,130万,37400元/平,高楼层 (共20层) | 2007年 | 1室0厅 | 34.76平米 | 西,https://s1.ljcdn.com/pegasus/redskull/images/common/default_house_list.png?_v=20240826145726
20240923,朝阳,立水桥,101124405005,临立水桥地铁临龙德广场成熟商圈配套全,121万,30010元/平,低楼层 (共20层) | 2008年 | 1室1厅 | 40.32平米 | 北,https://s1.ljcdn.com/pegasus/redskull/images/common/default_house_list.png?_v=20240826145726
20240923,朝阳,立水桥,101124337094,奥北南区 2室1厅 南 北,296万,34722元/平,中楼层 (共23层) 2室1厅 | 85.25平米 | 南 北,https://s1.ljcdn.com/pegasus/redskull/images/common/default_house_list.png?_v=20240826145726
20240923,朝阳,立水桥,101124325820,南北向 三个阳台 中间楼层 采光无遮挡,295万,32910元/平,中楼层 (共20层) | 2007年 | 2室1厅 | 89.64平米 | 南 北,https://s1.ljcdn.com/pegasus/redskull/images/common/default_house_list.png?_v=20240826145726
20240923,朝阳,立水桥,101124250482,明天第一城7号院 2室1厅 东北,235万,30198元/平,高楼层 (共21层) | 2007年 | 2室1厅 | 77.82平米 | 东北,https://s1.ljcdn.com/pegasus/redskull/images/common/default_house_list.png?_v=20240826145726
20240923,朝阳,立水桥,101124215735,立水桥卢卡新天地小面积70年刚需住宅诚心出售,185万,48240元/平,低楼层 (共18层) | 2014年 | 1室0厅 | 38.35平米 | 东,https://s1.ljcdn.com/pegasus/redskull/images/common/default_house_list.png?_v=20240826145726
20240923,朝阳,立水桥,101124161599,东方郁金香户型方正交通便利,100万,22728元/平,中楼层 (共14层) | 2009年 | 1室0厅 | 44平米 | 西,https://s1.ljcdn.com/pegasus/redskull/images/common/default_house_list.png?_v=20240826145726
20240923,朝阳,立水桥,101124131649,东亚奥北中心北区 2室1厅 南,228万,26767元/平,低楼层 (共20层) | 2008年 | 2室1厅 | 85.18平米 | 南,https://s1.ljcdn.com/pegasus/redskull/images/common/default_house_list.png?_v=20240826145726
20240923,朝阳,立水桥,101124095519,明天第一城6号院朝阳区户型方正正对公园和地铁,299万,37686元/平,中楼层 (共21层) | 2007年 | 2室1厅 | 79.34平米 | 南 北,https://s1.ljcdn.com/pegasus/redskull/images/common/default_house_list.png?_v=20240826145726
20240923,朝阳,立水桥,101124062438,交通方便配套齐全户型方正诚意出售看房方便,115万,26292元/平,高楼层 (共14层) | 2009年 | 1室1厅 | 43.74平米 | 西,https://s1.ljcdn.com/pegasus/redskull/images/common/default_house_list.png?_v=20240826145726
20240923,朝阳,立水桥,101124011362,朝阳立水桥明天第一城8号院 13号线5号线 全南向,220万,28402元/平,中楼层 (共20层) | 2007年 | 2室1厅 | 77.46平米 | 南,https://s1.ljcdn.com/pegasus/redskull/images/common/default_house_list.png?_v=20240826145726
20240923,朝阳,立水桥,101123802907,立水桥路立清路明天第一城8号院,199万,29495元/平,低楼层 (共20层) | 2007年 | 2室1厅 | 67.47平米 | 东南,https://s1.ljcdn.com/pegasus/redskull/images/common/default_house_list.png?_v=20240826145726
20240923,朝阳,立水桥,101123782035,朝阳产权 南北通透 交通便利 中间层无遮挡 采光好,269万,33905元/平,中楼层 (共21层) | 2007年 | 2室1厅 | 79.34平米 | 南 北,https://s1.ljcdn.com/pegasus/redskull/images/common/default_house_list.png?_v=20240826145726
20240923,朝阳,立水桥,101123717569,明天第一城7号院 1室0厅 西,117万,34201元/平,中楼层 (共21层) | 2007年 | 1室0厅 | 34.21平米 | 西,https://s1.ljcdn.com/pegasus/redskull/images/common/default_house_list.png?_v=20240826145726
20240923,朝阳,立水桥,101123690934,50年商办类需要全款购买单价2.7万靠谱,215万,27912元/平,高楼层 (共20层) | 2007年 | 2室1厅 | 77.03平米 | 南,https://s1.ljcdn.com/pegasus/redskull/images/common/default_house_list.png?_v=20240826145726
20240923,朝阳,立水桥,101123590007,全南朝向 高楼层 采光视野好 诚心出售 看房方便,249万,30307元/平,高楼层 (共19层) | 2007年 | 2室1厅 | 82.16平米 | 南,https://s1.ljcdn.com/pegasus/redskull/images/common/default_house_list.png?_v=20240826145726
20240923,朝阳,立水桥,101123484292,润枫欣尚 1室1厅 南,188万,26690元/平,底层 (共20层) | 2011年 | 1室1厅 | 70.44平米 | 南,https://s1.ljcdn.com/pegasus/redskull/images/common/default_house_list.png?_v=20240826145726
20240923,朝阳,立水桥,101123484289,润枫欣尚 3室2厅 东,138万,28112元/平,底层 (共20层) | 2011年 | 3室2厅 | 49.09平米 | 东,https://s1.ljcdn.com/pegasus/redskull/images/common/default_house_list.png?_v=20240826145726
20240923,朝阳,立水桥,101123484287,立水桥地铁5号线13号线龙德广场万优汇,128万,21900元/平,底层 (共20层) | 2011年 | 3室2厅 | 58.45平米 | 东,https://s1.ljcdn.com/pegasus/redskull/images/common/default_house_list.png?_v=20240826145726
20240923,朝阳,立水桥,101123484285,润枫欣尚 可公司购买 可以注册办公,138万,21815元/平,底层 (共20层) | 2011年 | 1室1厅 | 63.26平米 | 东北,https://s1.ljcdn.com/pegasus/redskull/images/common/default_house_list.png?_v=20240826145726
20240923,朝阳,立水桥,101123478295,全款购买 贷款不行 交通便利  视野开阔 采光充足,175万,31698元/平,高楼层 (共27层) 1室1厅 | 55.21平米 | 北,https://s1.ljcdn.com/pegasus/redskull/images/common/default_house_list.png?_v=20240826145726
20240923,朝阳,立水桥,101123475931,立水桥 南向中楼层近地铁 需全款5年纳税或社保,278万,33234元/平,高楼层 (共21层) | 2007年 | 2室1厅 | 83.65平米 | 南,https://s1.ljcdn.com/pegasus/redskull/images/common/default_house_list.png?_v=20240826145726
20240923,朝阳,立水桥,101123363637,交通便利诚心卖随时签约 装修好 仅契税房主自荐,240万,30239元/平,底层 (共21层) | 2007年 | 2室1厅 | 79.37平米 | 南,https://s1.ljcdn.com/pegasus/redskull/images/common/default_house_list.png?_v=20240826145726
20240923,朝阳,立水桥,101123354084,明天第一城6号院 2室1厅 南,283万,33840元/平,中楼层 (共21层) | 2007年 | 2室1厅 | 83.63平米 | 南,https://s1.ljcdn.com/pegasus/redskull/images/common/default_house_list.png?_v=20240826145726
20240923,朝阳,立水桥,101123346437,立水桥 润枫欣尚 交通便利 配套齐全 户型方正,170万,26874元/平,中楼层 (共20层) | 2011年 | 1室1厅 | 63.26平米 | 东 北,https://s1.ljcdn.com/pegasus/redskull/images/common/default_house_list.png?_v=20240826145726
20240923,朝阳,立水桥,101123335258,奥北南区 2室1厅 西,190万,24018元/平,低楼层 (共27层) 2室1厅 | 79.11平米 | 西,https://s1.ljcdn.com/pegasus/redskull/images/common/default_house_list.png?_v=20240826145726
20240923,朝阳,立水桥,101123312028,立水桥润枫欣尚开光视野佳周边配套齐全小区环境好,180万,30273元/平,中楼层 (共20层) | 2011年 | 1室1厅 | 59.46平米 | 西,https://s1.ljcdn.com/pegasus/redskull/images/common/default_house_list.png?_v=20240826145726
20240923,朝阳,立水桥,101123278122,奥北南区50年商办房 要购房资格 只能全款购买,284万,32633元/平,中楼层 (共25层) | 2008年 | 2室1厅 | 87.03平米 | 南,https://s1.ljcdn.com/pegasus/redskull/images/common/default_house_list.png?_v=20240826145726
20240923,朝阳,立水桥,101123263671,润枫欣尚 1室1厅 东南,198万,28863元/平,中楼层 (共20层) | 2011年 | 1室1厅 | 68.6平米 | 东南,https://s1.ljcdn.com/pegasus/redskull/images/common/default_house_list.png?_v=20240826145726
20240923,朝阳,立水桥,101123238048,公园两栋精装修格局方正配套成熟地铁交通方便,218万,37038元/平,高楼层 (共21层) | 2011年 | 1室1厅 | 58.86平米 | 西南,https://s1.ljcdn.com/pegasus/redskull/images/common/default_house_list.png?_v=20240826145726
20240923,朝阳,立水桥,101123232539,润枫欣尚 2室1厅 东南,209万,25374元/平,高楼层 (共20层) | 2011年 | 2室1厅 | 82.37平米 | 东南,https://s1.ljcdn.com/pegasus/redskull/images/common/default_house_list.png?_v=20240826145726
20240923,朝阳,立水桥,101123217305,明天第一城6号院 南北通透格局 中间楼层 采光无遮挡,259万,32138元/平,中楼层 (共19层) | 2007年 | 2室1厅 | 80.59平米 | 南 北,https://s1.ljcdn.com/pegasus/redskull/images/common/default_house_list.png?_v=20240826145726
20240923,朝阳,立水桥,101123172464,朝阳区 立水桥 明天STUDIO 临地铁,99万,23449元/平,顶层 (共14层) | 2007年 | 1室0厅 | 42.22平米 | 西,https://s1.ljcdn.com/pegasus/redskull/images/common/default_house_list.png?_v=20240826145726
20240923,朝阳,立水桥,101123145442,立水桥   正规三居室  户型方正采光好,269万,33251元/平,顶层 (共6层) 3室1厅 | 80.9平米 | 东 西,https://s1.ljcdn.com/pegasus/redskull/images/common/default_house_list.png?_v=20240826145726
20240923,朝阳,立水桥,101123037919,立水桥清水园二层南向格局方正,320万,47655元/平,低楼层 (共6层) | 1997年 | 2室1厅 | 67.15平米 | 南,https://s1.ljcdn.com/pegasus/redskull/images/common/default_house_list.png?_v=20240826145726
20240923,朝阳,立水桥,101122966253,临立水桥地铁临龙德广场成熟商圈配套全,229万,25232元/平,低楼层 (共20层) | 2008年 | 2室1厅 | 90.76平米 | 南,https://s1.ljcdn.com/pegasus/redskull/images/common/default_house_list.png?_v=20240826145726
20240923,朝阳,立水桥,101122952655,立水桥 润枫欣尚 交通便利 配套齐全 户型方正,160万,25426元/平,中楼层 (共20层) | 2011年 | 1室0厅 | 62.93平米 | 西,https://s1.ljcdn.com/pegasus/redskull/images/common/default_house_list.png?_v=20240826145726
20240923,朝阳,立水桥,101122917689,立水桥 交通方便 配套齐全 看房方便,99万,23029元/平,底层 (共20层) | 2008年 | 1室0厅 | 42.99平米 | 北,https://s1.ljcdn.com/pegasus/redskull/images/common/default_house_list.png?_v=20240826145726
20240923,朝阳,立水桥,101122893937,明天第一城8号院  地铁近 高层,220万,30345元/平,中楼层 (共20层) | 2007年 | 1室1厅 | 72.5平米 | 南,https://s1.ljcdn.com/pegasus/redskull/images/common/default_house_list.png?_v=20240826145726
20240923,朝阳,立水桥,101122753643,南向近立水桥地铁临龙德广场配套齐全,125万,21288元/平,地下室 (共21层) | 2011年 | 2室1厅 | 58.72平米 | 南,https://s1.ljcdn.com/pegasus/redskull/images/common/default_house_list.png?_v=20240826145726
20240923,朝阳,立水桥,101122732908,立水桥 南向两室 近地铁 视野采光好 诚心出售,265万,31688元/平,高楼层 (共20层) | 2007年 | 2室1厅 | 83.63平米 | 南,https://s1.ljcdn.com/pegasus/redskull/images/common/default_house_list.png?_v=20240826145726
20240923,朝阳,立水桥,101122708753,东亚奥北中心北区 50年商办房需连续五年社保纳税购买,230万,25722元/平,低楼层 (共20层) | 2008年 | 2室1厅 | 89.42平米 | 东北,https://s1.ljcdn.com/pegasus/redskull/images/common/default_house_list.png?_v=20240826145726
20240923,朝阳,立水桥,101122602771,润枫欣尚 商办房 需全款购买 诚心出售 看房方便,139万,24386元/平,中楼层 (共20层) | 2011年 | 1室1厅 | 57平米 | 东,https://s1.ljcdn.com/pegasus/redskull/images/common/default_house_list.png?_v=20240826145726
20240923,朝阳,立水桥,101122602493,商办房社区交通方便全明格局 看房方便,145万,22196元/平,低楼层 (共20层) | 2011年 | 1室1厅 | 65.33平米 | 东 北,https://s1.ljcdn.com/pegasus/redskull/images/common/default_house_list.png?_v=20240826145726
20240923,朝阳,立水桥,101122587192,明天第一城7号院南向 诚心出售,169万,37440元/平,低楼层 (共20层) | 2007年 | 1室1厅 | 45.14平米 | 南,https://s1.ljcdn.com/pegasus/redskull/images/common/default_house_list.png?_v=20240826145726
20240923,朝阳,立水桥,101122581716,润枫欣尚 1室1厅 东南,199万,29009元/平,中楼层 (共20层) | 2011年 | 1室1厅 | 68.6平米 | 东南,https://s1.ljcdn.com/pegasus/redskull/images/common/default_house_list.png?_v=20240826145726
20240923,朝阳,立水桥,101122569111,东亚奥北北区 双地铁配套完善易出租,105万,37394元/平,高楼层 (共20层) | 2008年 | 1室0厅 | 28.08平米 | 北,https://s1.ljcdn.com/pegasus/redskull/images/common/default_house_list.png?_v=20240826145726
20240923,朝阳,立水桥,101122550667,南北通透格局好楼层也合适精装修。,468万,58015元/平,低楼层 (共11层) 3室2厅 | 80.67平米 | 南 北,https://s1.ljcdn.com/pegasus/redskull/images/common/default_house_list.png?_v=20240826145726
20240923,朝阳,立水桥,101122549187,昌平区立水桥中东路5号院润枫欣尚,159万,24073元/平,低楼层 (共20层) | 2011年 | 1室1厅 | 66.05平米 | 东北,https://s1.ljcdn.com/pegasus/redskull/images/common/default_house_list.png?_v=20240826145726
20240923,朝阳,立水桥,101122510500,公园两栋 1室1厅 南,165万,30545元/平,顶层 (共21层) | 2011年 | 1室1厅 | 54.02平米 | 南,https://s1.ljcdn.com/pegasus/redskull/images/common/default_house_list.png?_v=20240826145726
20240923,朝阳,立水桥,101122510423,公园两栋 1室1厅 南,185万,31287元/平,顶层 (共21层) | 2011年 | 1室1厅 | 59.13平米 | 南,https://s1.ljcdn.com/pegasus/redskull/images/common/default_house_list.png?_v=20240826145726
20240923,朝阳,立水桥,101122494613,需全款购买 朝阳产权 可注册  近地铁 交通便利,136万,38791元/平,高楼层 (共25层) | 2008年 | 1室0厅 | 35.06平米 | 东北,https://s1.ljcdn.com/pegasus/redskull/images/common/default_house_list.png?_v=20240826145726
20240923,朝阳,立水桥,101122350795,北五环外 电梯房 不临街 钥匙房全南向,235万,30736元/平,低楼层 (共21层) | 2007年 | 2室1厅 | 76.46平米 | 南,https://s1.ljcdn.com/pegasus/redskull/images/common/default_house_list.png?_v=20240826145726
20240923,朝阳,立水桥,101122326050,东亚奥北中心北区 需全款购买 去地铁站方便 离商场近,236万,27707元/平,低楼层 (共20层) | 2008年 | 2室1厅 | 85.18平米 | 南,https://s1.ljcdn.com/pegasus/redskull/images/common/default_house_list.png?_v=20240826145726
20240923,朝阳,立水桥,101122321200,立水桥 润枫欣尚 商办房 交通便利 配套齐全 户型方正,189万,26832元/平,中楼层 (共20层) | 2011年 | 1室1厅 | 70.44平米 | 南,https://s1.ljcdn.com/pegasus/redskull/images/common/default_house_list.png?_v=20240826145726
20240923,朝阳,立水桥,101122298032,立水桥 奥北南区 全明格局 邻地铁 周边配套齐全,260万,27277元/平,高楼层 (共27层) 2室1厅 | 95.32平米 | 西南,https://s1.ljcdn.com/pegasus/redskull/images/common/default_house_list.png?_v=20240826145726
20240923,朝阳,立水桥,101122239252,东亚奥北中心北区 2室1厅 西北,230万,25170元/平,中楼层 (共20层) | 2008年 | 2室1厅 | 91.38平米 | 西北,https://s1.ljcdn.com/pegasus/redskull/images/common/default_house_list.png?_v=20240826145726
20240923,朝阳,立水桥,101122237033,公园两栋 4室2厅 北,300万,53268元/平,高楼层 (共18层) | 2011年 | 4室2厅 | 56.32平米 | 北,https://s1.ljcdn.com/pegasus/redskull/images/common/default_house_list.png?_v=20240826145726
20240923,朝阳,立水桥,101122233912,立水桥13号5号线全南双阳台精装全款,278万,32150元/平,高楼层 (共21层) | 2007年 | 2室1厅 | 86.47平米 | 南,https://s1.ljcdn.com/pegasus/redskull/images/common/default_house_list.png?_v=20240826145726
20240923,朝阳,立水桥,101122207260,润枫欣尚 立水桥 双轨交汇 近地铁,166万,25076元/平,顶层 (共20层) | 2011年 | 1室1厅 | 66.2平米 | 西北,https://s1.ljcdn.com/pegasus/redskull/images/common/default_house_list.png?_v=20240826145726
20240923,朝阳,立水桥,101122171587,东亚奥北中心北区 2室1厅 东,260万,28771元/平,顶层 (共20层) | 2008年 | 2室1厅 | 90.37平米 | 东,https://s1.ljcdn.com/pegasus/redskull/images/common/default_house_list.png?_v=20240826145726
20240923,朝阳,立水桥,101122100495,合立方 2室1厅 南 北,309万,57265元/平,中楼层 (共11层) 2室1厅 | 53.96平米 | 南 北,https://s1.ljcdn.com/pegasus/redskull/images/common/default_house_list.png?_v=20240826145726
20240923,朝阳,立水桥,101122007787,全南向50年朝阳产权需要购房资质全款购买,299万,33539元/平,顶层 (共11层) 2室1厅 | 89.15平米 | 南,https://s1.ljcdn.com/pegasus/redskull/images/common/default_house_list.png?_v=20240826145726
20240923,朝阳,立水桥,101121952212,润枫欣尚 1室1厅 西北,178万,27007元/平,高楼层 (共20层) | 2011年 | 1室1厅 | 65.91平米 | 西北,https://s1.ljcdn.com/pegasus/redskull/images/common/default_house_list.png?_v=20240826145726
20240923,朝阳,立水桥,101121874968,明天第一城8号院 3室1厅 南 北,335万,36100元/平,低楼层 (共16层) | 2007年 | 3室1厅 | 92.8平米 | 南 北,https://s1.ljcdn.com/pegasus/redskull/images/common/default_house_list.png?_v=20240826145726
20240923,朝阳,立水桥,101121782932,公园两栋 上下两层 格局方正 采光充足,275万,52622元/平,中楼层 (共21层) | 2011年 | 4室2厅 | 52.26平米 | 东南,https://s1.ljcdn.com/pegasus/redskull/images/common/default_house_list.png?_v=20240826145726
20240923,朝阳,立水桥,101121775835,南向带大阳台 看房子方便业主诚心出售,270万,30151元/平,低楼层 (共20层) | 2008年 | 2室1厅 | 89.55平米 | 南,https://s1.ljcdn.com/pegasus/redskull/images/common/default_house_list.png?_v=20240826145726
20240923,朝阳,立水桥,101121752901,交通便利 配套齐全 户型方正  诚心出售,310万,36165元/平,中楼层 (共27层) | 2008年 | 2室1厅 | 85.72平米 | 南,https://s1.ljcdn.com/pegasus/redskull/images/common/default_house_list.png?_v=20240826145726
20240923,朝阳,立水桥,101121752097,奥北南区 朝阳区 需全款 看房方便,252万,28956元/平,中楼层 (共25层) | 2008年 | 2室1厅 | 87.03平米 | 南,https://s1.ljcdn.com/pegasus/redskull/images/common/default_house_list.png?_v=20240826145726
20240923,朝阳,立水桥,101121657163,小区新 全款购买北向视野开阔无遮挡,98万,29743元/平,高楼层 (共21层) | 2011年 | 1室1厅 | 32.95平米 | 北,https://s1.ljcdn.com/pegasus/redskull/images/common/default_house_list.png?_v=20240826145726
20240923,朝阳,立水桥,101121473310,润枫欣尚 2室1厅 东南,175万,24760元/平,底层 (共20层) | 2011年 | 2室1厅 | 70.68平米 | 东南,https://s1.ljcdn.com/pegasus/redskull/images/common/default_house_list.png?_v=20240826145726
20240923,朝阳,立水桥,101121440296,润枫欣尚 2室2厅 东 南,215万,26102元/平,顶层 (共20层) | 2011年 | 2室2厅 | 82.37平米 | 东 南,https://s1.ljcdn.com/pegasus/redskull/images/common/default_house_list.png?_v=20240826145726
20240923,朝阳,立水桥,101121383554,明天第一城7号院  南向采光好 诚心出售 近地铁,235万,35612元/平,低楼层 (共21层) | 2007年 | 2室1厅 | 65.99平米 | 南,https://s1.ljcdn.com/pegasus/redskull/images/common/default_house_list.png?_v=20240826145726
20240923,朝阳,立水桥,101121251464,润枫欣尚 需全款购买 满足60个月纳税或社保,165万,24982元/平,低楼层 (共20层) | 2011年 | 1室1厅 | 66.05平米 | 西北,https://s1.ljcdn.com/pegasus/redskull/images/common/default_house_list.png?_v=20240826145726
20240923,朝阳,立水桥,101121000651,奥北南区 2室1厅 西,226万,28403元/平,高楼层 (共27层) 2室1厅 | 79.57平米 | 西,https://s1.ljcdn.com/pegasus/redskull/images/common/default_house_list.png?_v=20240826145726
20240923,朝阳,立水桥,101120976240,东方郁金香 1室1厅 南,165万,20543元/平,低楼层 (共14层) | 2009年 | 1室1厅 | 80.32平米 | 南,https://s1.ljcdn.com/pegasus/redskull/images/common/default_house_list.png?_v=20240826145726
20240923,朝阳,立水桥,101120944344,明天生活馆 1室1厅 南 北,143万,20996元/平,中楼层 (共14层) | 2007年 | 1室1厅 | 68.11平米 | 南 北,https://s1.ljcdn.com/pegasus/redskull/images/common/default_house_list.png?_v=20240826145726
20240923,朝阳,立水桥,101120938149,朝阳产权奥北南区全款购买可以注册公司交通便利,128万,31535元/平,中楼层 (共11层) | 2008年 | 1室0厅 | 40.59平米 | 北,https://s1.ljcdn.com/pegasus/redskull/images/common/default_house_list.png?_v=20240826145726
20240923,朝阳,立水桥,101120900465,顶秀青溪满五唯一商品房中间位置中间楼层房主自荐,818万,60254元/平,中楼层 (共7层) 3室2厅 | 135.76平米 | 南 北,https://s1.ljcdn.com/pegasus/redskull/images/common/default_house_list.png?_v=20240826145726
20240923,朝阳,立水桥,101120866865,奥北南区 2室1厅 西,260万,32676元/平,中楼层 (共27层) 2室1厅 | 79.57平米 | 西,https://s1.ljcdn.com/pegasus/redskull/images/common/default_house_list.png?_v=20240826145726
20240923,朝阳,立水桥,101120819349,明天第一城7号院 电梯房 诚心出售,188万,29668元/平,低楼层 (共21层) | 2007年 | 1室1厅 | 63.37平米 | 东南,https://s1.ljcdn.com/pegasus/redskull/images/common/default_house_list.png?_v=20240826145726
20240923,朝阳,立水桥,101120813190,润枫欣尚 1室0厅 东,155万,29912元/平,低楼层 (共20层) | 2011年 | 1室0厅 | 51.82平米 | 东,https://s1.ljcdn.com/pegasus/redskull/images/common/default_house_list.png?_v=20240826145726
20240923,朝阳,立水桥,101120813119,润枫欣尚 2室1厅 西南,235万,27528元/平,中楼层 (共20层) | 2011年 | 2室1厅 | 85.37平米 | 西南,https://s1.ljcdn.com/pegasus/redskull/images/common/default_house_list.png?_v=20240826145726
20240923,朝阳,立水桥,101120275312,诚心出售格局方正高楼层 视野开阔 不吵不闹,290万,36538元/平,高楼层 (共21层) | 2007年 | 2室1厅 | 79.37平米 | 南,https://s1.ljcdn.com/pegasus/redskull/images/common/default_house_list.png?_v=20240826145726
20240923,朝阳,立水桥,101120237926,东亚奥北中心北区 2室1厅 东北,235万,26423元/平,低楼层 (共20层) | 2008年 | 2室1厅 | 88.94平米 | 东北,https://s1.ljcdn.com/pegasus/redskull/images/common/default_house_list.png?_v=20240826145726
20240923,朝阳,立水桥,101120153792,明天第一城8号院 全明格局 采光充足,206万,31899元/平,高楼层 (共20层) | 2007年 | 1室1厅 | 64.58平米 | 东 西,https://s1.ljcdn.com/pegasus/redskull/images/common/default_house_list.png?_v=20240826145726
20240923,朝阳,立水桥,101120016534,润枫欣尚 1室0厅 东,160万,32148元/平,顶层 (共20层) | 2011年 | 1室0厅 | 49.77平米 | 东,https://s1.ljcdn.com/pegasus/redskull/images/common/default_house_list.png?_v=20240826145726
20240923,朝阳,立水桥,101119684846,交通方便配套齐全户型方正看房方便,195万,19411元/平,中楼层 (共17层) | 2009年 | 2室1厅 | 100.46平米 | 西北,https://s1.ljcdn.com/pegasus/redskull/images/common/default_house_list.png?_v=20240826145726
20240923,朝阳,立水桥,101119503175,明天第一城6号院 户型方正 诚心出售 朝阳产权,230万,28986元/平,低楼层 (共21层) | 2007年 | 2室1厅 | 79.35平米 | 南 北,https://s1.ljcdn.com/pegasus/redskull/images/common/default_house_list.png?_v=20240826145726
20240923,朝阳,立水桥,101119248828,商办类房屋需要全款购买采光好没遮挡可看可签,215万,37172元/平,高楼层 (共20层) | 2007年 | 1室1厅 | 57.84平米 | 西北,https://s1.ljcdn.com/pegasus/redskull/images/common/default_house_list.png?_v=20240826145726
20240923,朝阳,立水桥,101118956312,公园两栋  商办房 需全款购买 上下两层,280万,44375元/平,低楼层 (共18层) | 2011年 | 2室1厅 | 63.1平米 | 北,https://s1.ljcdn.com/pegasus/redskull/images/common/default_house_list.png?_v=20240826145726
20240923,朝阳,立水桥,101118431839,南北向50年朝阳产权需要购房资质全款购买,280万,33090元/平,中楼层 (共27层) | 2008年 | 2室1厅 | 84.62平米 | 南 北,https://s1.ljcdn.com/pegasus/redskull/images/common/default_house_list.png?_v=20240826145726
20240923,朝阳,立水桥,101118067081,南北向50年朝阳产权需要购房资质全款购买,319万,37698元/平,中楼层 (共27层) | 2008年 | 2室1厅 | 84.62平米 | 南 北,https://s1.ljcdn.com/pegasus/redskull/images/common/default_house_list.png?_v=20240826145726
20240923,朝阳,立水桥,101115798168,立水桥甲3号院朝阳产权三居室出售,750万,43717元/平,顶层 (共15层) | 2008年 | 3室2厅 | 171.56平米 | 西南,https://ke-image.ljcdn.com/110000-inspection/34484f31-5975-42c3-aded-68a1822cb1231.jpg!m_fill,w_280,h_210,f_jpg?from=ke.com
