20241008,朝阳,大望路,101126838425,前后不临街 南北两居 一梯两户 婚房装修 拎包入住必看好房,920万,84950元/平,高楼层 (共9层) 2室2厅 | 108.3平米 | 南 北,https://ke-image.ljcdn.com/110000-inspection/0c3feaf3-29fc-480e-a72f-ac85011b5ddf_1000.jpg!m_fill,w_280,h_210,f_jpg?from=ke.com
20241008,朝阳,大望路,101126826785,石韵浩庭 南北通透 二次装修 高层三居室必看好房,1098万,81922元/平,中楼层 (共15层) | 2004年 | 3室2厅 | 134.03平米 | 南 北,https://ke-image.ljcdn.com/110000-inspection/pc1_7ifRRZFny_1.jpg!m_fill,w_280,h_210,f_jpg?from=ke.com
20241008,朝阳,大望路,101126767348,双地铁换乘 看花园 不临街 诚意出售 随时可以看房必看好房,499万,28280元/平,中楼层 (共14层) | 2004年 | 3室2厅 | 176.45平米 | 南,https://ke-image.ljcdn.com/110000-inspection/3deeaf14-e2c9-48f9-b003-b1c6408b65b0_1000.jpg!m_fill,w_280,h_210,f_jpg?from=ke.com
20241008,朝阳,大望路,101126528783,金港国际高层两居 一梯两户 视野开阔 得房率84%必看好房,920万,79647元/平,中楼层 (共7层) | 2005年 | 2室2厅 | 115.51平米 | 南 北,https://ke-image.ljcdn.com/110000-inspection/611e1dd2-1e7d-4aed-a054-59ac23202b2a_1000.jpg!m_fill,w_280,h_210,f_jpg?from=ke.com
20241008,朝阳,大望路,101126476495,双地铁换乘 户型方正 没有浪费面积 满五唯一必看好房,578万,65091元/平,低楼层 (共18层) | 2004年 | 2室1厅 | 88.8平米 | 西南,https://ke-image.ljcdn.com/110000-inspection/pc1_IbcODizHF_2.jpg!m_fill,w_280,h_210,f_jpg?from=ke.com
20241008,朝阳,大望路,101126497446,易构空间高楼层 视野好前后无遮挡,455万,66269元/平,中楼层 (共28层) | 2004年 | 2室1厅 | 68.66平米 | 西北,https://ke-image.ljcdn.com/110000-inspection/21fb8549-2600-4e71-9308-e8927edf3a6c_1000.jpg!m_fill,w_280,h_210,f_jpg?from=ke.com
20241008,朝阳,大望路,101126447469,后现代城A区 满二年明厨明卫带阳台双地铁,299万,64817元/平,低楼层 (共14层) | 2004年 | 1室1厅 | 46.13平米 | 北,https://ke-image.ljcdn.com/110000-inspection/a4a4e2a2-5335-408e-8a1c-668810ccb31e_1000.jpg!m_fill,w_280,h_210,f_jpg?from=ke.com
20241008,朝阳,大望路,101126441982,东方雅苑 二期观花园 中层满五唯一,330万,67818元/平,中楼层 (共20层) | 2007年 | 1室0厅 | 48.66平米 | 南,https://ke-image.ljcdn.com/110000-inspection/pc1_on7L3aZ70_1.jpg!m_fill,w_280,h_210,f_jpg?from=ke.com
20241008,朝阳,大望路,101126431356,百子园 户型方正好利用 落地窗有阳台 CBD商圈必看好房,229万,50889元/平,低楼层 (共20层) | 2003年 | 1室1厅 | 45平米 | 北,https://ke-image.ljcdn.com/110000-inspection/356ac6d4-5782-43fd-b15f-b2d3012fdef1_1000.jpg!m_fill,w_280,h_210,f_jpg?from=ke.com
20241008,朝阳,大望路,101126383906,乐成豪丽业主诚意出售 精装看花园一居室 看房方便必看好房,430万,61773元/平,低楼层 (共15层) | 2008年 | 1室1厅 | 69.61平米 | 西,https://ke-image.ljcdn.com/110000-inspection/pc1_DZSmhgJce_1.jpg!m_fill,w_280,h_210,f_jpg?from=ke.com
20241008,朝阳,大望路,101126354779,金港国际 正规一居 满五唯一 双地铁换乘 采光好必看好房,368万,60092元/平,中楼层 (共10层) | 2003年 | 1室1厅 | 61.24平米 | 西,https://ke-image.ljcdn.com/110000-inspection/b41351f0-a8a7-4a2c-8bdd-25b180453936_1000.jpg!m_fill,w_280,h_210,f_jpg?from=ke.com
20241008,朝阳,大望路,101126344358,新上 南向三居 精装修 拎包入住必看好房,1020万,76092元/平,中楼层 (共22层) | 2006年 | 3室1厅 | 134.05平米 | 东南,https://ke-image.ljcdn.com/110000-inspection/fd3451a8-27f6-4bc1-b0fe-c8d4e0fa0b25_1000.jpg!m_fill,w_280,h_210,f_jpg?from=ke.com
20241008,朝阳,大望路,101126164230,东方雅苑南北通透2居满五年唯一看花园百米楼间距,639万,78656元/平,中楼层 (共21层) 2室1厅 | 81.24平米 | 南 北,https://ke-image.ljcdn.com/110000-inspection/433c8dd0-e63f-4514-b656-b3df3d5591d7_1000.jpg!m_fill,w_280,h_210,f_jpg?from=ke.com
20241008,朝阳,大望路,101126136293,满五年且唯一配套齐全交通便利,476万,75930元/平,低楼层 (共22层) | 2004年 | 1室1厅 | 62.69平米 | 西北,https://ke-image.ljcdn.com/110000-inspection/pc1_n5M821Jb7.jpg!m_fill,w_280,h_210,f_jpg?from=ke.com
20241008,朝阳,大望路,101126109194,金港国际高层南北大三居视野开阔采光充足。必看好房,1160万,78247元/平,中楼层 (共18层) | 2006年 | 3室1厅 | 148.25平米 | 南 北,https://ke-image.ljcdn.com/110000-inspection/097ecaef-6254-4e7c-a9c7-c92dd8a46ad5_1000.jpg!m_fill,w_280,h_210,f_jpg?from=ke.com
20241008,朝阳,大望路,101126025263,此房满五唯一南北通透楼层好视野宽阔采光充足房主自荐,1048万,91963元/平,高楼层 (共26层) | 2004年 | 2室2厅 | 113.96平米 | 南 北,https://ke-image.ljcdn.com/110000-inspection/2f56177f-125f-462d-ab48-841fb522a399_1000.jpg!m_fill,w_280,h_210,f_jpg?from=ke.com
20241008,朝阳,大望路,101125992357,南向正对小区花园看房随时诚意度高必看好房,560万,56458元/平,顶层 (共27层) | 2007年 | 2室1厅 | 99.19平米 | 南,https://ke-image.ljcdn.com/110000-inspection/34372add-af29-4d04-912a-6a1b8ef64233_1000.jpg!m_fill,w_280,h_210,f_jpg?from=ke.com
20241008,朝阳,大望路,101125835615,珠江帝景高层东南大三居自住保养好全明格局必看好房,1399万,89611元/平,中楼层 (共26层) | 2006年 | 3室1厅 | 156.12平米 | 东南,https://ke-image.ljcdn.com/110000-inspection/pc1_8LcQiopph.jpg!m_fill,w_280,h_210,f_jpg?from=ke.com
20241008,朝阳,大望路,101125810349,国贸后花园全南眼睛户型采光好视野开阔。必看好房,689万,58022元/平,中楼层 (共28层) | 2004年 | 2室2厅 | 118.75平米 | 南,https://ke-image.ljcdn.com/110000-inspection/9f01dcff-1160-468d-8f0e-24a3a01f2fc3_1000.jpg!m_fill,w_280,h_210,f_jpg?from=ke.com
20241008,朝阳,大望路,101125682964,满五年唯一户型方正装修保养好必看好房,233万,46443元/平,低楼层 (共15层) | 2004年 | 1室0厅 | 50.17平米 | 北,https://ke-image.ljcdn.com/110000-inspection/159fa525-c28d-4590-8afe-b95545dada00_1000.jpg!m_fill,w_280,h_210,f_jpg?from=ke.com
20241008,朝阳,大望路,101125561949,板楼两梯三户看花园位置安静采光充足诚心卖,1480万,89362元/平,低楼层 (共17层) 3室2厅 | 165.62平米 | 南,https://ke-image.ljcdn.com/110000-inspection/a2755b7e-cbff-4d7a-9268-5cc7185d9da5_1000.jpg!m_fill,w_280,h_210,f_jpg?from=ke.com
20241008,朝阳,大望路,101125375445,风度柏林满五唯一前后看花园安静不临街必看好房,1070万,80780元/平,低楼层 (共11层) | 2004年 | 3室1厅 | 132.46平米 | 南 北,https://ke-image.ljcdn.com/110000-inspection/pc1_I4eFTWyNl.jpg!m_fill,w_280,h_210,f_jpg?from=ke.com
20241008,朝阳,大望路,101124984244,满五唯一 高层两居室 视野开阔 观国贸 合生汇必看好房,518万,60777元/平,高楼层 (共28层) 2室1厅 | 85.23平米 | 东北,https://ke-image.ljcdn.com/110000-inspection/bd974319-ea66-4846-8e8d-8660e59e54de_1000.jpg!m_fill,w_280,h_210,f_jpg?from=ke.com
20241008,朝阳,大望路,101124977694,禧福汇 2009年商品房 明厨明卫 东南朝向必看好房,758万,70225元/平,低楼层 (共20层) | 2009年 | 2室1厅 | 107.94平米 | 南 东南,https://ke-image.ljcdn.com/110000-inspection/26861c78-f043-448f-b244-d129acb55996_1000.jpg!m_fill,w_280,h_210,f_jpg?from=ke.com
20241008,朝阳,大望路,101124703776,双井大望路！眼睛三居室！视野采光好！满五唯一！,780万,61748元/平,低楼层 (共28层) | 2006年 | 3室1厅 | 126.32平米 | 西南,https://ke-image.ljcdn.com/110000-inspection/a8ce7d78-2990-43b4-94b1-dcdd03826b9f_1000.jpg!m_fill,w_280,h_210,f_jpg?from=ke.com
20241008,朝阳,大望路,101124659224,双井大望路全新三居室！全明格局！次顶层视野采光好！,925万,70097元/平,高楼层 (共14层) | 2004年 | 3室1厅 | 131.96平米 | 南,https://ke-image.ljcdn.com/110000-inspection/42faaff5-84f2-4ca4-8039-589b24c98024_1000.jpg!m_fill,w_280,h_210,f_jpg?from=ke.com
20241008,朝阳,大望路,101124504054,安静南向高层采光好临地铁钥匙随时看房房主自荐,630万,72514元/平,顶层 (共17层) 2室1厅 | 86.88平米 | 南,https://ke-image.ljcdn.com/110000-inspection/dc41fd05-57ad-4733-8eee-261ab5a26c98_1000.jpg!m_fill,w_280,h_210,f_jpg?from=ke.com
20241008,朝阳,大望路,101124442638,石韵浩庭 2室1厅 东南,750万,94092元/平,中楼层 (共15层) | 2004年 | 2室1厅 | 79.71平米 | 东南,https://ke-image.ljcdn.com/110000-inspection/pc1_X3wjq6dtl.jpg!m_fill,w_280,h_210,f_jpg?from=ke.com
20241008,朝阳,大望路,101124433856,珠江帝景伯爵山南向两居 中高层 保养好 诚心出售必看好房,925万,102562元/平,中楼层 (共16层) | 2007年 | 2室1厅 | 90.19平米 | 南,https://ke-image.ljcdn.com/110000-inspection/pc1_9zHIrzufU.jpg!m_fill,w_280,h_210,f_jpg?from=ke.com
20241008,朝阳,大望路,101124384821,CBD商圈近地铁商场公园南向一居全明格局,340万,57336元/平,低楼层 (共20层) | 2003年 | 1室1厅 | 59.3平米 | 南,https://ke-image.ljcdn.com/110000-inspection/pc1_MMNYDs67W.jpg!m_fill,w_280,h_210,f_jpg?from=ke.com
20241008,朝阳,大望路,101124249371,双井大望路北向一居室！视野采光无遮挡！业主诚意出售,300万,51958元/平,中楼层 (共28层) 1室0厅 | 57.74平米 | 北,https://ke-image.ljcdn.com/110000-inspection/pc1_p5dtv8gMB.jpg!m_fill,w_280,h_210,f_jpg?from=ke.com
20241008,朝阳,大望路,101124222125,后现代城南向两居满五唯一边户采光更好必看好房,598万,67343元/平,中楼层 (共18层) | 2004年 | 2室1厅 | 88.8平米 | 西南,https://ke-image.ljcdn.com/110000-inspection/62b8653d-7f67-4471-a9d6-d39a97576e62_1000.jpg!m_fill,w_280,h_210,f_jpg?from=ke.com
20241008,朝阳,大望路,101124155861,风度柏林高层    观花园一居室 视野好 满五唯一必看好房,518万,76730元/平,高楼层 (共22层) | 2006年 | 1室1厅 | 67.51平米 | 西,https://ke-image.ljcdn.com/110000-inspection/997787f5-4698-4810-85bc-9b54a525d19b_1000.jpg!m_fill,w_280,h_210,f_jpg?from=ke.com
20241008,朝阳,大望路,101124091202,高层视野开阔安静对小区景观满五唯一通勤便利必看好房,515万,78578元/平,高楼层 (共20层) | 2007年 | 1室1厅 | 65.54平米 | 东南,https://ke-image.ljcdn.com/110000-inspection/ec94e3b7-de14-4c09-b46f-48c92d2e9fc1_1000.jpg!m_fill,w_280,h_210,f_jpg?from=ke.com
20241008,朝阳,大望路,101124016054,三面采光三居室满五唯一诚意卖安静不临街,679万,61133元/平,中楼层 (共14层) | 2004年 | 3室1厅 | 111.07平米 | 南 西 北,https://ke-image.ljcdn.com/110000-inspection/pc1_jTGlBApYI.jpg!m_fill,w_280,h_210,f_jpg?from=ke.com
20241008,朝阳,大望路,101123983699,四环内板楼里南北通透三居室 户型方正,788万,62219元/平,中楼层 (共14层) 3室1厅 | 126.65平米 | 南 北,https://ke-image.ljcdn.com/110000-inspection/2c48669b-5288-48d8-8579-0992da592d00_1000.jpg!m_fill,w_280,h_210,f_jpg?from=ke.com
20241008,朝阳,大望路,101123548970,珠江帝景  高楼层   看花园,1200万,93978元/平,高楼层 (共26层) 2室1厅 | 127.69平米 | 南,https://ke-image.ljcdn.com/110000-inspection/6b0ff6d8-73ab-4339-90d6-34d89331d741_1000.jpg!m_fill,w_280,h_210,f_jpg?from=ke.com
20241008,朝阳,大望路,101123346136,石韵浩庭 3室1厅 南 北,1090万,81326元/平,低楼层 (共15层) | 2004年 | 3室1厅 | 134.03平米 | 南 北,https://ke-image.ljcdn.com/110000-inspection/pc1_lMKtHWxJj.jpg!m_fill,w_280,h_210,f_jpg?from=ke.com
20241008,朝阳,大望路,101123229731,满五唯一 接受换房 方便看房 看花园不临街必看好房,1320万,85955元/平,低楼层 (共9层) 3室1厅 | 153.57平米 | 南 北,https://ke-image.ljcdn.com/110000-inspection/00d5f4db-88dc-4226-8349-3b03a9b288d0_1000.jpg!m_fill,w_280,h_210,f_jpg?from=ke.com
20241008,朝阳,大望路,101122488513,70年产权住宅  南向中间楼层 满五唯一适合贷款,398万,37110元/平,中楼层 (共14层) | 2004年 | 2室1厅 | 107.25平米 | 南,https://ke-image.ljcdn.com/110000-inspection/976b2eeb-076d-417a-a881-d7893f27c573_1000.jpg!m_fill,w_280,h_210,f_jpg?from=ke.com
20241008,朝阳,大望路,101122358621,南向一居室 户型方正  满五年唯一  诚意出售必看好房,359万,55937元/平,中楼层 (共18层) | 2004年 | 1室1厅 | 64.18平米 | 南,https://ke-image.ljcdn.com/110000-inspection/pc1_VfoP70IQl.jpg!m_fill,w_280,h_210,f_jpg?from=ke.com
20241008,朝阳,大望路,101121645362,楼层高正对小区花园   看房随时 诚意出售必看好房,560万,61783元/平,高楼层 (共27层) | 2007年 | 2室1厅 | 90.64平米 | 西 西北,https://ke-image.ljcdn.com/110000-inspection/pc1_h3OQepYNt_1.jpg!m_fill,w_280,h_210,f_jpg?from=ke.com
20241008,朝阳,大望路,101121346881,东方雅苑 1室0厅 东北,276万,62885元/平,高楼层 (共18层) | 2006年 | 1室0厅 | 43.89平米 | 东北,https://ke-image.ljcdn.com/110000-inspection/pc1_8b2AnlkHp.jpg!m_fill,w_280,h_210,f_jpg?from=ke.com
20241008,朝阳,大望路,101121166935,乐成豪丽 精装修一居室  金地物业管理必看好房,380万,56130元/平,低楼层 (共15层) | 2008年 | 1室1厅 | 67.7平米 | 东,https://ke-image.ljcdn.com/110000-inspection/b2f0e2ca-ffc1-4cac-834e-da5be9dbb5a5_1000.jpg!m_fill,w_280,h_210,f_jpg?from=ke.com
20241008,朝阳,大望路,101120922203,易构空间 中高楼层开间 视野好,289万,58574元/平,中楼层 (共28层) | 2004年 | 1室0厅 | 49.34平米 | 北,https://ke-image.ljcdn.com/110000-inspection/pc1_AZWJJnJCh_1.jpg!m_fill,w_280,h_210,f_jpg?from=ke.com
20241008,朝阳,大望路,101120426015,二期板楼高楼层明厨明卫独立厨房有燃气必看好房,239万,64543元/平,高楼层 (共20层) | 2008年 | 1室0厅 | 37.03平米 | 北,https://ke-image.ljcdn.com/110000-inspection/8b4c2835-97ef-460f-b328-6ad52015764a_1000.jpg!m_fill,w_280,h_210,f_jpg?from=ke.com
20241008,朝阳,大望路,101119972370,百子园新出满五唯一近地铁 百子湾公园稳定可签,626万,72262元/平,低楼层 (共28层) | 2007年 | 2室2厅 | 86.63平米 | 东,https://ke-image.ljcdn.com/110000-inspection/pc1_Gwef8stN2.jpg!m_fill,w_280,h_210,f_jpg?from=ke.com
20241008,朝阳,大望路,101119830226,乐成豪丽 1室1厅 南必看好房,458万,61485元/平,中楼层 (共13层) | 2008年 | 1室1厅 | 74.49平米 | 南,https://ke-image.ljcdn.com/110000-inspection/pc1_54TBbNoKI_1.jpg!m_fill,w_280,h_210,f_jpg?from=ke.com
20241008,朝阳,大望路,101119208389,全明格局厅带阳台看花园满五唯一可给周期,830万,62898元/平,中楼层 (共14层) | 2004年 | 3室1厅 | 131.96平米 | 南,https://ke-image.ljcdn.com/110000-inspection/pc1_29UyXPSE3_1.jpg!m_fill,w_280,h_210,f_jpg?from=ke.com
20241008,朝阳,大望路,101116402679,金港国际  三居室 全明格局 诚意出售房主自荐,1150万,72896元/平,低楼层 (共18层) | 2005年 | 3室2厅 | 157.76平米 | 东 西 北,https://ke-image.ljcdn.com/110000-inspection/pc1_1PaprADr4.jpg!m_fill,w_280,h_210,f_jpg?from=ke.com
20241008,朝阳,大望路,101126798529,东方雅苑新上满五唯一高楼层南向开间必看好房,288万,68198元/平,高楼层 (共18层) | 2006年 | 1室0厅 | 42.23平米 | 南,https://ke-image.ljcdn.com/110000-inspection/3832aafb-1361-41b7-9859-c6b323b55888_1000.jpg!m_fill,w_280,h_210,f_jpg?from=ke.com
20241008,朝阳,大望路,101126701109,珠江帝景C区满五唯一双阳台两居采光好必看好房,1090万,96503元/平,低楼层 (共16层) | 2010年 | 2室1厅 | 112.95平米 | 南,https://ke-image.ljcdn.com/110000-inspection/pc1_VmSoVU42R.jpg!m_fill,w_280,h_210,f_jpg?from=ke.com
20241008,朝阳,大望路,101126666749,易构空间满五年唯一高层装修好房主自荐,246万,50607元/平,中楼层 (共28层) | 2004年 | 1室0厅 | 48.61平米 | 北,https://ke-image.ljcdn.com/110000-inspection/a3f78761-c775-4e60-b86d-2050a2765565_1000.jpg!m_fill,w_280,h_210,f_jpg?from=ke.com
20241008,朝阳,大望路,101126650353,后现代城A区 精装修 拎包入住,199万,52604元/平,底层 (共14层) | 2004年 | 1室0厅 | 37.83平米 | 北,https://ke-image.ljcdn.com/110000-inspection/e0c2d361-7478-4f95-8649-c79824c712d5_1000.jpg!m_fill,w_280,h_210,f_jpg?from=ke.com
20241008,朝阳,大望路,101126188298,风度柏林 中高层 视野好 安静不临街必看好房,746万,78601元/平,中楼层 (共16层) | 2004年 | 2室1厅 | 94.91平米 | 东 西北,https://ke-image.ljcdn.com/110000-inspection/pc1_W0sbyXjjy.jpg!m_fill,w_280,h_210,f_jpg?from=ke.com
20241008,朝阳,大望路,101126118074,珠江帝景新博悦一梯两户板楼总高九层满五年唯一必看好房,1730万,91817元/平,高楼层 (共9层) | 2009年 | 3室2厅 | 188.42平米 | 南 北,https://ke-image.ljcdn.com/110000-inspection/9f426281-58c9-4ddb-a64d-e7bbad61be72_1000.jpg!m_fill,w_280,h_210,f_jpg?from=ke.com
20241008,朝阳,大望路,101126072016,珠江帝景  满五唯一 院内不临街 看房方便必看好房,890万,72565元/平,低楼层 (共26层) | 2006年 | 2室1厅 | 122.65平米 | 北,https://ke-image.ljcdn.com/110000-inspection/085d7681-645d-490c-aaae-fe0018ebaae2_1000.jpg!m_fill,w_280,h_210,f_jpg?from=ke.com
20241008,朝阳,大望路,101126070519,珠江帝景博悦 看花园 板楼南向小三居 满五年唯一,1185万,103666元/平,低楼层 (共15层) 2室2厅 | 114.31平米 | 南,https://ke-image.ljcdn.com/110000-inspection/bf21e857-f04b-47fc-ace4-baaa8aabdb34_1000.jpg!m_fill,w_280,h_210,f_jpg?from=ke.com
20241008,朝阳,大望路,101126054023,此房东南北朝向视野开阔、采光充足。小区中间位置,1250万,77689元/平,低楼层 (共20层) | 2009年 | 3室2厅 | 160.9平米 | 东 南 北,https://ke-image.ljcdn.com/110000-inspection/75d9c9d4-888b-4914-a54e-7912b7d80a92_1000.jpg!m_fill,w_280,h_210,f_jpg?from=ke.com
20241008,朝阳,大望路,101125706691,急 急 急   南向看花园  看房有钥匙  随时能必看好房,1380万,89379元/平,低楼层 (共15层) | 2007年 | 3室2厅 | 154.4平米 | 南 北,https://ke-image.ljcdn.com/110000-inspection/48400f00-b74d-4f25-9d72-36a8feab3cb9_1000.jpg!m_fill,w_280,h_210,f_jpg?from=ke.com
20241008,朝阳,大望路,101125636189,珠江帝景 东南三居 中高层 满5年唯一 视野佳无遮必看好房,1288万,81063元/平,中楼层 (共25层) | 2006年 | 3室2厅 | 158.89平米 | 东南,https://ke-image.ljcdn.com/110000-inspection/pc1_m3pXeKFz2_1.jpg!m_fill,w_280,h_210,f_jpg?from=ke.com
20241008,朝阳,大望路,101125526909,珠江帝景随时看南向高层2+1采光视野好无遮挡必看好房,1099万,87466元/平,中楼层 (共26层) | 2004年 | 2室1厅 | 125.65平米 | 南,https://ke-image.ljcdn.com/110000-inspection/a2a1f7f4-3bb3-4492-b67d-8011f8e3f424_1000.jpg!m_fill,w_280,h_210,f_jpg?from=ke.com
20241008,朝阳,大望路,101125144782,2010年社区 精装修 仅契税楼层高无遮挡必看好房,950万,106004元/平,中楼层 (共17层) 2室1厅 | 89.62平米 | 南,https://ke-image.ljcdn.com/110000-inspection/52a63bdf-4fef-430b-90c9-fa52cec037a9_1000.jpg!m_fill,w_280,h_210,f_jpg?from=ke.com
20241008,朝阳,大望路,101125117208,珠江帝景C区南北通透四居满五唯一必看好房,1554万,85334元/平,低楼层 (共9层) | 2009年 | 4室2厅 | 182.11平米 | 南 北,https://ke-image.ljcdn.com/110000-inspection/f554c816-8f0c-4dca-81aa-7325bf633efd_1000.jpg!m_fill,w_280,h_210,f_jpg?from=ke.com
20241008,朝阳,大望路,101124775769,金港国际 3室2厅 南 北必看好房,1079万,73123元/平,低楼层 (共18层) | 2006年 | 3室2厅 | 147.56平米 | 南 北,https://ke-image.ljcdn.com/110000-inspection/pc1_off3bzkk1_1.jpg!m_fill,w_280,h_210,f_jpg?from=ke.com
20241008,朝阳,大望路,101124771242,易构空间 3室1厅 北,650万,44567元/平,底层 (共28层) | 2004年 | 3室1厅 | 145.85平米 | 北,https://ke-image.ljcdn.com/110000-inspection/0ae1423d-7f0b-4d9f-abb6-59d08f9a1231_1000.jpg!m_fill,w_280,h_210,f_jpg?from=ke.com
20241008,朝阳,大望路,101124707771,珠江C区 南向两居室 二次装修 诚心出售 可以看房房主自荐,920万,102587元/平,低楼层 (共17层) | 2009年 | 2室1厅 | 89.68平米 | 南,https://ke-image.ljcdn.com/110000-inspection/22f6ca53-4f72-4687-a9b4-664797552165_1000.jpg!m_fill,w_280,h_210,f_jpg?from=ke.com
20241008,朝阳,大望路,101124253154,中楼层采光好看房有钥匙 随时看房  满五年唯一必看好房,565万,49427元/平,中楼层 (共18层) | 2007年 | 2室1厅 | 114.31平米 | 南,https://ke-image.ljcdn.com/110000-inspection/pc1_Ab2ccI8ZG.jpg!m_fill,w_280,h_210,f_jpg?from=ke.com
20241008,朝阳,大望路,101124172975,国贸商圈 方正复式 定制装修 近地铁 商场 公园,580万,58622元/平,低楼层 (共18层) 2室1厅 | 98.94平米 | 东南,https://ke-image.ljcdn.com/110000-inspection/pc1_xkJm2qyd9_2.jpg!m_fill,w_280,h_210,f_jpg?from=ke.com
20241008,朝阳,大望路,101124102346,LOFT格局2层不算面积南北通透随时看房,780万,61196元/平,中楼层 (共11层) 3室2厅 | 127.46平米 | 北 南,https://ke-image.ljcdn.com/110000-inspection/73e29a66-4e93-4eba-be47-1df78267365a_1000.jpg!m_fill,w_280,h_210,f_jpg?from=ke.com
20241008,朝阳,大望路,101124067166,珠江帝景伯爵山 两居 高层 满五年 诚心出售 方便看房房主自荐,900万,97308元/平,高楼层 (共15层) | 2008年 | 2室1厅 | 92.49平米 | 东 北,https://ke-image.ljcdn.com/110000-inspection/414b9965-d9eb-41fa-93ee-2d4e1c89c1ef_1000.jpg!m_fill,w_280,h_210,f_jpg?from=ke.com
20241008,朝阳,大望路,101123939503,CBD商圈 满五年唯一 近地铁商场公园 方方正正复式。,565万,52834元/平,高楼层 (共18层) 3室2厅 | 106.94平米 | 南,https://ke-image.ljcdn.com/110000-inspection/5761e20d-30a9-4411-81bc-9faeb597be10_1000.jpg!m_fill,w_280,h_210,f_jpg?from=ke.com
20241008,朝阳,大望路,101123699392,满五年唯一 户型方正 精装修  高层视野好 客厅大面宽房主自荐,1199万,79637元/平,高楼层 (共18层) | 2004年 | 3室2厅 | 150.56平米 | 南 北,https://ke-image.ljcdn.com/110000-inspection/56be79ba-7307-4caa-aa3a-ff10dabf576f_1000.jpg!m_fill,w_280,h_210,f_jpg?from=ke.com
20241008,朝阳,大望路,101123687111,珠江帝景博悦  满五唯一看花园 二装 可拎包入住必看好房,1120万,97980元/平,中楼层 (共15层) 2室1厅 | 114.31平米 | 南,https://ke-image.ljcdn.com/110000-inspection/pc1_RwO36KQu6_1.jpg!m_fill,w_280,h_210,f_jpg?from=ke.com
20241008,朝阳,大望路,101123471459,珠江帝景 拎包入住 可贷款1000万以上 南向视野好,2120万,76718元/平,高楼层 (共25层) 6室4厅 | 276.34平米 | 南,https://ke-image.ljcdn.com/110000-inspection/bfc1858a-a54a-42ce-8e9d-c5b80e1407db_1000.jpg!m_fill,w_280,h_210,f_jpg?from=ke.com
20241008,朝阳,大望路,101123377337,70年产权住宅户型方正没有浪费面积中间楼层必看好房,398万,35905元/平,中楼层 (共14层) | 2004年 | 2室1厅 | 110.85平米 | 南,https://ke-image.ljcdn.com/110000-inspection/pc1_tVcDaqfOP_1.jpg!m_fill,w_280,h_210,f_jpg?from=ke.com
20241008,朝阳,大望路,101123070737,满五年高楼层小复式精装修视野开阔无遮挡必看好房,398万,53152元/平,中楼层 (共24层) 2室1厅 | 74.88平米 | 东,https://ke-image.ljcdn.com/110000-inspection/33da6a3e-4b69-43d6-8fb9-7842755d1cd0_1000.jpg!m_fill,w_280,h_210,f_jpg?from=ke.com
20241008,朝阳,大望路,101122883251,浩庭花园采光很好也很安静满五年唯一住宅,1050万,78283元/平,底层 (共15层) | 2004年 | 3室1厅 | 134.13平米 | 南 北,https://ke-image.ljcdn.com/110000-inspection/pc1_ZnW4quuY0.jpg!m_fill,w_280,h_210,f_jpg?from=ke.com
20241008,朝阳,大望路,101122380938,禧福汇国际社区 东南两居 采光好 无遮挡 上市物业必看好房,730万,70689元/平,低楼层 (共20层) | 2009年 | 2室1厅 | 103.27平米 | 东南,https://ke-image.ljcdn.com/110000-inspection/pc1_QUoUapFJi.jpg!m_fill,w_280,h_210,f_jpg?from=ke.com
20241008,朝阳,大望路,101121827973,百子园 满五唯一近地铁7号14号百子湾公园精装,499万,49168元/平,低楼层 (共18层) | 2008年 | 2室1厅 | 101.49平米 | 东,https://ke-image.ljcdn.com/110000-inspection/3ade98c0-d3e1-4b59-b9b3-623fad023de7_1000.jpg!m_fill,w_280,h_210,f_jpg?from=ke.com
20241008,朝阳,大望路,101119940864,百子园 高层南向观百子湾公园 近地铁,520万,52558元/平,中楼层 (共18层) | 2008年 | 1室1厅 | 98.94平米 | 东南,https://ke-image.ljcdn.com/110000-inspection/394f0065-5f38-4208-808e-fc2c65b10e0b_1000.jpg!m_fill,w_280,h_210,f_jpg?from=ke.com
20241008,朝阳,大望路,101126628571,金茂府东区南向开间恒温恒湿科技房屋必看好房,264万,50907元/平,中楼层 (共9层) | 2013年 | 1室0厅 | 51.86平米 | 南,https://s1.ljcdn.com/pegasus/redskull/images/common/default_house_list.png?_v=20240826145726
20241008,朝阳,大望路,101126817456,双井后现代城 南向正规一居室 明厨明卫 近地铁,359万,57175元/平,低楼层 (共14层) | 2004年 | 1室1厅 | 62.79平米 | 南,https://ke-image.ljcdn.com/110000-inspection/pc1_lFOLHNxNG_2.jpg!m_fill,w_280,h_210,f_jpg?from=ke.com
20241008,朝阳,大望路,101126802549,东三环双井 南向正规高楼层一居室 诚意出售 配套全,375万,58658元/平,高楼层 (共14层) | 2003年 | 1室1厅 | 63.93平米 | 南,https://ke-image.ljcdn.com/110000-inspection/396dbcf8-5580-4794-9d66-fc1c365c4e34_1000.jpg!m_fill,w_280,h_210,f_jpg?from=ke.com
20241008,朝阳,大望路,101126793336,双轨交汇 封闭式社区 人车分流 板楼2梯6户,495万,87611元/平,高楼层 (共10层) 1室1厅 | 56.5平米 | 西南,https://ke-image.ljcdn.com/110000-inspection/1067bd0c-becd-41ad-9f56-bee3cf0ecdf4_1000.jpg!m_fill,w_280,h_210,f_jpg?from=ke.com
20241008,朝阳,大望路,101126743913,风度柏林 观花园一居室满五年唯一不临街,525万,77048元/平,低楼层 (共22层) | 2007年 | 1室1厅 | 68.14平米 | 西,https://ke-image.ljcdn.com/110000-inspection/9740e8fa-0b78-4efa-a793-837d00d3c5b4_1000.jpg!m_fill,w_280,h_210,f_jpg?from=ke.com
20241008,朝阳,大望路,101126742959,金港国际西南三居室 中间位置不临街 视野采光好,1160万,80679元/平,低楼层 (共16层) | 2005年 | 3室2厅 | 143.78平米 | 南 西,https://ke-image.ljcdn.com/110000-inspection/e3f310e8-6d31-4ed4-a20b-31e9648e02ae_1000.jpg!m_fill,w_280,h_210,f_jpg?from=ke.com
20241008,朝阳,大望路,101126706551,金港国际南北通透1居满五年唯一一梯2户房主自荐,558万,76074元/平,中楼层 (共8层) 1室1厅 | 73.35平米 | 南 北,https://ke-image.ljcdn.com/110000-inspection/9adfe5f7-cb9b-40bf-9e36-a1da273aca1f_1000.jpg!m_fill,w_280,h_210,f_jpg?from=ke.com
20241008,朝阳,大望路,101126695487,九龙山地铁 东方雅苑 南北两居室 不临街 满五唯一,645万,73867元/平,低楼层 (共18层) 2室2厅 | 87.32平米 | 南 北,https://ke-image.ljcdn.com/110000-inspection/dfdbd2d0-dd1c-45f2-bbb2-673afe6953c3_1000.jpg!m_fill,w_280,h_210,f_jpg?from=ke.com
20241008,朝阳,大望路,101126690827,满五唯一明厨明卫南向一居室采光好,385万,61316元/平,中楼层 (共18层) | 2004年 | 1室1厅 | 62.79平米 | 南,https://ke-image.ljcdn.com/110000-inspection/pc1_qhXpOXCJb.jpg!m_fill,w_280,h_210,f_jpg?from=ke.com
20241008,朝阳,大望路,101126689432,后现代城高层三居室！带阳台！观公园！视野好！精装修,800万,61877元/平,顶层 (共27层) | 2006年 | 3室1厅 | 129.29平米 | 西南,https://ke-image.ljcdn.com/110000-inspection/d558ef36-5e3b-45fb-a8b1-c322c6b8c4bf_1000.jpg!m_fill,w_280,h_210,f_jpg?from=ke.com
20241008,朝阳,大望路,101126618868,珠江新区 正规三居 满五年唯一 自住二次精装修,1210万,97518元/平,低楼层 (共15层) | 2007年 | 3室2厅 | 124.08平米 | 西,https://ke-image.ljcdn.com/110000-inspection/4452f327-9722-4446-94ba-138e4542a412_1000.jpg!m_fill,w_280,h_210,f_jpg?from=ke.com
20241008,朝阳,大望路,101126617007,曲径通幽 私人尊府 含花园 自住保养好,1798万,92547元/平,底层 (共16层) | 2007年 | 3室2厅 | 194.28平米 | 南 北,https://ke-image.ljcdn.com/110000-inspection/pc1_Qvg33Md6D_1.jpg!m_fill,w_280,h_210,f_jpg?from=ke.com
20241008,朝阳,大望路,101126613888,住总香榭8号 3室2厅 南 北,1650万,118714元/平,中楼层 (共7层) 3室2厅 | 138.99平米 | 南 北,https://ke-image.ljcdn.com/110000-inspection/pc1_7faTWw03l_1.jpg!m_fill,w_280,h_210,f_jpg?from=ke.com
20241008,朝阳,大望路,101126610610,禧福汇 两居室 满五年唯一 全明格局 视野开阔,930万,96134元/平,顶层 (共20层) | 2009年 | 2室1厅 | 96.74平米 | 西南,https://ke-image.ljcdn.com/110000-inspection/pc1_NKTSM1Q12_1.jpg!m_fill,w_280,h_210,f_jpg?from=ke.com
20241008,朝阳,大望路,101126599406,禧福汇不临街 两居室 满五年唯一 全明格局 视野开,910万,94360元/平,顶层 (共20层) | 2009年 | 2室1厅 | 96.44平米 | 西 北,https://ke-image.ljcdn.com/110000-inspection/2a7f1aae-50a0-4c31-8a5a-b5690e3b25c9_1000.jpg!m_fill,w_280,h_210,f_jpg?from=ke.com
20241008,朝阳,大望路,101126597296,国贸大望路大旸楼东北向四居室满五唯一业主诚意出售！房主自荐,1300万,60119元/平,中楼层 (共17层) 4室2厅 | 216.24平米 | 东 北,https://ke-image.ljcdn.com/110000-inspection/pc1_QkkiTUmgb_1.jpg!m_fill,w_280,h_210,f_jpg?from=ke.com
20241008,朝阳,大望路,101126570085,高层两居室满五唯一正对小区花园,580万,61396元/平,高楼层 (共28层) | 2007年 | 2室1厅 | 94.47平米 | 东 北 东北,https://ke-image.ljcdn.com/110000-inspection/pc1_IFL8PmQrx.jpg!m_fill,w_280,h_210,f_jpg?from=ke.com
20241008,朝阳,大望路,101126566440,后现代城C区 精品一居室 诚意出售,430万,58800元/平,低楼层 (共18层) 2室1厅 | 73.13平米 | 东 北,https://ke-image.ljcdn.com/110000-inspection/pc1_YfP7CxsO0_1.jpg!m_fill,w_280,h_210,f_jpg?from=ke.com
20241008,朝阳,大望路,101126537341,国贸西大望路精装四居室套内130平采光好无遮挡,1298万,85261元/平,中楼层 (共7层) 4室2厅 | 152.24平米 | 南 北,https://ke-image.ljcdn.com/110000-inspection/e1e1530a-28d0-4c27-9f5c-196fbb6ef754_1000.jpg!m_fill,w_280,h_210,f_jpg?from=ke.com
20241008,朝阳,大望路,101126531339,满五唯一 高层观景 户型方正实用 诚心出售,950万,82487元/平,中楼层 (共26层) 2室1厅 | 115.17平米 | 西北,https://ke-image.ljcdn.com/110000-inspection/864857e9-1828-4cd4-8204-cb0854b1b2d1_1000.jpg!m_fill,w_280,h_210,f_jpg?from=ke.com
20241008,朝阳,大望路,101126530834,百子园 南向三居室 户型方正 设计合理,760万,62883元/平,低楼层 (共28层) 3室1厅 | 120.86平米 | 南,https://ke-image.ljcdn.com/110000-inspection/1afd09ab-e751-407c-bf96-d225014adc87_1000.jpg!m_fill,w_280,h_210,f_jpg?from=ke.com
20241008,朝阳,大望路,101126522467,后现代城A区 1室1厅 西南,405万,65323元/平,低楼层 (共18层) | 2004年 | 1室1厅 | 62平米 | 西南,https://ke-image.ljcdn.com/110000-inspection/5e45d02b-d0fb-4f12-b5aa-89a645f4912b_1000.jpg!m_fill,w_280,h_210,f_jpg?from=ke.com
20241008,朝阳,大望路,101126516648,珠江帝景 满五年唯一 高层精装修 无挡,999万,81036元/平,中楼层 (共26层) | 2006年 | 2室2厅 | 123.28平米 | 北,https://ke-image.ljcdn.com/110000-inspection/960f7971-0c0a-4f33-9bd1-527461ae8b0f_1000.jpg!m_fill,w_280,h_210,f_jpg?from=ke.com
20241008,朝阳,大望路,101126512254,国贸CBD 户型方正对花园 落地大窗 视野采光好,550万,58220元/平,中楼层 (共28层) | 2007年 | 2室1厅 | 94.47平米 | 东北,https://ke-image.ljcdn.com/110000-inspection/7297858e-509d-43d5-aed2-b217a720fe8c_1000.jpg!m_fill,w_280,h_210,f_jpg?from=ke.com
20241008,朝阳,大望路,101126505722,东方雅苑 4室1厅 南 北,1498万,70942元/平,中楼层 (共12层) | 2009年 | 4室1厅 | 211.16平米 | 南 北,https://ke-image.ljcdn.com/110000-inspection/4a7a79e4-ffda-44c0-b798-5958378c88de_1000.jpg!m_fill,w_280,h_210,f_jpg?from=ke.com
20241008,朝阳,大望路,101126492586,金港国际中间楼层东向一居室视野开阔采光好,415万,70567元/平,中楼层 (共11层) 1室1厅 | 58.81平米 | 东,https://ke-image.ljcdn.com/110000-inspection/41497497-0b9f-417e-a12c-fd9791e5e6bc_1000.jpg!m_fill,w_280,h_210,f_jpg?from=ke.com
20241008,朝阳,大望路,101126491211,风度柏林 2室1厅 东,700万,79555元/平,中楼层 (共22层) | 2007年 | 2室1厅 | 87.99平米 | 东,https://ke-image.ljcdn.com/110000-inspection/11cc22df-1f49-4a4a-a412-296837cf1d2b_1000.jpg!m_fill,w_280,h_210,f_jpg?from=ke.com
20241008,朝阳,大望路,101126473909,百子湾 后现代城 满五唯一 住宅 民水民电,410万,35796元/平,中楼层 (共14层) 3室2厅 | 114.54平米 | 北,https://ke-image.ljcdn.com/110000-inspection/fa1388df-967e-4dd2-bd10-c82dd1bf45b5_1000.jpg!m_fill,w_280,h_210,f_jpg?from=ke.com
20241008,朝阳,大望路,101126443255,满五年唯一户型方正交通便利,470万,62709元/平,中楼层 (共28层) 2室1厅 | 74.95平米 | 东,https://ke-image.ljcdn.com/110000-inspection/pc1_4CYqojDoV.jpg!m_fill,w_280,h_210,f_jpg?from=ke.com
20241008,朝阳,大望路,101126419550,后现代城A区 1室0厅 南,350万,57115元/平,高楼层 (共14层) | 2004年 | 1室0厅 | 61.28平米 | 南,https://ke-image.ljcdn.com/110000-inspection/0014c718-ef5e-4920-8114-e7427f1784fa_1000.jpg!m_fill,w_280,h_210,f_jpg?from=ke.com
20241008,朝阳,大望路,101126419339,后现代城A区全名格局三居室！全新装修！看房随时！,950万,71992元/平,高楼层 (共14层) | 2004年 | 3室1厅 | 131.96平米 | 南,https://ke-image.ljcdn.com/110000-inspection/033274f8-7b68-498e-9b96-57f1c685d3a2_1000.jpg!m_fill,w_280,h_210,f_jpg?from=ke.com
20241008,朝阳,大望路,101126408051,珠江帝景板楼南北通透两梯两户观小区花园不临街,1880万,104480元/平,高楼层 (共18层) | 2004年 | 3室2厅 | 179.94平米 | 南 北,https://ke-image.ljcdn.com/110000-inspection/2e6d6a40-4d92-475f-ac7c-a06933b41e9c_1000.jpg!m_fill,w_280,h_210,f_jpg?from=ke.com
20241008,朝阳,大望路,101126392477,禧福汇国际社区双南卧南北通透三居正观花园水系,1538万,72404元/平,低楼层 (共20层) | 2010年 | 3室2厅 | 212.42平米 | 南 北,https://ke-image.ljcdn.com/110000-inspection/98c342c5-59b1-4a0e-ad5f-3ae4f026c8cb_1000.jpg!m_fill,w_280,h_210,f_jpg?from=ke.com
20241008,朝阳,大望路,101126384322,后现代城A区 1室1厅 北,245万,48458元/平,低楼层 (共14层) | 2004年 | 1室1厅 | 50.56平米 | 北,https://ke-image.ljcdn.com/110000-inspection/600e7ba1-a9da-4400-9299-e373d174ec1a_1000.jpg!m_fill,w_280,h_210,f_jpg?from=ke.com
20241008,朝阳,大望路,101126335228,后现代城B区精品一居交通便利 满五唯一,285万,55806元/平,中楼层 (共14层) | 2004年 | 1室0厅 | 51.07平米 | 北,https://ke-image.ljcdn.com/110000-inspection/50d6fa14-a330-4d7f-8007-25966519eb82_1000.jpg!m_fill,w_280,h_210,f_jpg?from=ke.com
20241008,朝阳,大望路,101126334692,北京开府典藏之作-广渠路金茂府北区,4850万,146460元/平,中楼层 (共18层) 4室2厅 | 331.15平米 | 东 南 北,https://ke-image.ljcdn.com/110000-inspection/7ebb472f-13d8-4fe2-b7f0-5cd907694078_1000.jpg!m_fill,w_280,h_210,f_jpg?from=ke.com
20241008,朝阳,大望路,101126325869,金茂府南区 满2年一梯一户 恒温恒湿科技住宅价可谈,2600万,118581元/平,中楼层 (共24层) 3室2厅 | 219.26平米 | 南 北,https://ke-image.ljcdn.com/110000-inspection/50f3c1b1-6e93-4d68-818f-38efe696bed5_1000.jpg!m_fill,w_280,h_210,f_jpg?from=ke.com
20241008,朝阳,大望路,101126323347,珠江帝景高层两居视野开阔满五年唯一,999万,83160元/平,高楼层 (共25层) 2室1厅 | 120.13平米 | 北,https://ke-image.ljcdn.com/110000-inspection/a35378ba-c6f1-4856-85d2-80b5a3eece23_1000.jpg!m_fill,w_280,h_210,f_jpg?from=ke.com
20241008,朝阳,大望路,101126284487,珠江帝景 满五年高层精装修博洛尼全屋定制装修房主自荐,1196万,102407元/平,中楼层 (共26层) | 2006年 | 3室2厅 | 116.79平米 | 南,https://ke-image.ljcdn.com/110000-inspection/50e98dcc-a92b-4628-9bac-e42d9969ec12_1000.jpg!m_fill,w_280,h_210,f_jpg?from=ke.com
20241008,朝阳,大望路,101126275185,金茂府南区 4室1厅 南 北,2900万,126660元/平,低楼层 (共24层) 4室1厅 | 228.96平米 | 南 北,https://ke-image.ljcdn.com/110000-inspection/0be9b534-c3b5-48aa-a736-8b934ec66fef_1000.jpg!m_fill,w_280,h_210,f_jpg?from=ke.com
20241008,朝阳,大望路,101126260433,大望路金港国际南北双阳台大三居精装修满五唯一,1326万,83914元/平,高楼层 (共18层) | 2005年 | 3室2厅 | 158.02平米 | 南 北,https://ke-image.ljcdn.com/110000-inspection/98c23d3e-59d3-49bf-a2a9-ae6e4087bace_1000.jpg!m_fill,w_280,h_210,f_jpg?from=ke.com
20241008,朝阳,大望路,101126228601,业主诚意卖南向的户型采光好视野好。,600万,67568元/平,低楼层 (共18层) | 2004年 | 2室1厅 | 88.8平米 | 南,https://ke-image.ljcdn.com/110000-inspection/951acd4d-20a9-40ae-9963-60d7e4c5dd0e_1000.jpg!m_fill,w_280,h_210,f_jpg?from=ke.com
20241008,朝阳,大望路,101126225605,东方雅苑看花园三居南北通透三面观景满五唯一,860万,75274元/平,顶层 (共13层) | 2007年 | 3室1厅 | 114.25平米 | 南 北,https://ke-image.ljcdn.com/110000-inspection/70bb0ddc-fa35-49d6-8566-8fdbb2616184_1000.jpg!m_fill,w_280,h_210,f_jpg?from=ke.com
20241008,朝阳,大望路,101126222840,国贸CBD  后现代城 南向 满五唯一 近公园,469万,59761元/平,底层 (共28层) | 2007年 | 1室1厅 | 78.48平米 | 南,https://ke-image.ljcdn.com/110000-inspection/e6fe921b-e98c-4ff9-968d-ff0f148acdcc_1000.jpg!m_fill,w_280,h_210,f_jpg?from=ke.com
20241008,朝阳,大望路,101126220250,后现代城 东南把边户型 不临街 楼层采光视野好,730万,77339元/平,中楼层 (共18层) | 2003年 | 2室2厅 | 94.39平米 | 东南,https://ke-image.ljcdn.com/110000-inspection/31e91d63-85ad-479b-9577-ff40301be61e_1000.jpg!m_fill,w_280,h_210,f_jpg?from=ke.com
20241008,朝阳,大望路,101126214496,东方雅苑西南观花园一居室静谧舒适满五唯一,515万,80306元/平,顶层 (共8层) | 2007年 | 1室1厅 | 64.13平米 | 西南,https://ke-image.ljcdn.com/110000-inspection/pc1_i4ig89McU.jpg!m_fill,w_280,h_210,f_jpg?from=ke.com
20241008,朝阳,大望路,101126202585,华腾国际 3室2厅 西北,650万,40343元/平,中楼层 (共18层) | 2006年 | 3室2厅 | 161.12平米 | 西北,https://ke-image.ljcdn.com/110000-inspection/7c58c4cd-6246-42c5-9081-780176123f69_1000.jpg!m_fill,w_280,h_210,f_jpg?from=ke.com
20241008,朝阳,大望路,101126183319,东方雅苑明厨明卫两居室满五唯一看房有钥匙,560万,76243元/平,底层 (共13层) | 2007年 | 2室1厅 | 73.45平米 | 南,https://ke-image.ljcdn.com/110000-inspection/677443b4-366d-494c-bd97-62b6f5eb3221_1000.jpg!m_fill,w_280,h_210,f_jpg?from=ke.com
20241008,朝阳,大望路,101126167369,板楼一梯两户直线通透双卫格局看房方便,880万,82075元/平,中楼层 (共15层) | 2004年 | 2室2厅 | 107.22平米 | 南 北,https://ke-image.ljcdn.com/110000-inspection/pc1_pBnbfSxuw_1.jpg!m_fill,w_280,h_210,f_jpg?from=ke.com
20241008,朝阳,大望路,101126141716,西大望路铁西宿舍 2室1厅 南 北,270万,50934元/平,中楼层 (共6层) 2室1厅 | 53.01平米 | 南 北,https://ke-image.ljcdn.com/110000-inspection/pc1_WeWxFGTyx.jpg!m_fill,w_280,h_210,f_jpg?from=ke.com
20241008,朝阳,大望路,101126135739,禧福汇国际社区西向开间诚售带独立厨房,340万,72743元/平,低楼层 (共20层) | 2010年 | 1室0厅 | 46.74平米 | 西,https://ke-image.ljcdn.com/110000-inspection/6964d30a-1bf9-439d-b168-007a7888e6c0_1000.jpg!m_fill,w_280,h_210,f_jpg?from=ke.com
20241008,朝阳,大望路,101126126280,珠江帝景B区高层观景房  满五唯一业主诚心出售,1550万,94432元/平,中楼层 (共26层) | 2004年 | 3室2厅 | 164.14平米 | 东南,https://ke-image.ljcdn.com/110000-inspection/2e2e7210-c325-44bb-a277-0add10a9d1bc_1000.jpg!m_fill,w_280,h_210,f_jpg?from=ke.com
20241008,朝阳,大望路,101126091347,新上 风度柏林东向看花园两居 只有契税,610万,71867元/平,中楼层 (共16层) | 2004年 | 2室1厅 | 84.88平米 | 东,https://ke-image.ljcdn.com/110000-inspection/b5324531-9f1c-4da1-8609-9730cb19357d_1000.jpg!m_fill,w_280,h_210,f_jpg?from=ke.com
20241008,朝阳,大望路,101126089689,乐成公馆静谧园林管家服务 全明格局 户型通透方正,1890万,98912元/平,低楼层 (共22层) | 2007年 | 3室2厅 | 191.08平米 | 南 北,https://ke-image.ljcdn.com/110000-inspection/pc1_ATb8iLroJ.jpg!m_fill,w_280,h_210,f_jpg?from=ke.com
20241008,朝阳,大望路,101126087162,鸿坤花语墅 花园洋房 品质社区 管家服务,1630万,109994元/平,中楼层 (共7层) 3室1厅 | 148.19平米 | 南 北,https://ke-image.ljcdn.com/110000-inspection/dc41ffbc-2f96-46d1-bda8-0902dd55cda7_1000.jpg!m_fill,w_280,h_210,f_jpg?from=ke.com
20241008,朝阳,大望路,101126071104,2008年房子 小区环境好 板楼功能性强 靠谱卖,1330万,92865元/平,低楼层 (共16层) | 2009年 | 4室2厅 | 143.22平米 | 南 北,https://ke-image.ljcdn.com/110000-inspection/63fc7167-71d8-4c44-a5c9-9409db4c5e1e_1000.jpg!m_fill,w_280,h_210,f_jpg?from=ke.com
20241008,朝阳,大望路,101126060703,乐成公馆高层三居室 南北通透 视野采光无遮挡,1950万,102052元/平,高楼层 (共22层) | 2007年 | 3室2厅 | 191.08平米 | 南 北,https://ke-image.ljcdn.com/110000-inspection/pc1_LEd4351Z1_1.jpg!m_fill,w_280,h_210,f_jpg?from=ke.com
20241008,朝阳,大望路,101126046567,住总香榭8号南北通透三居室 次新房  满五年唯一,1730万,121472元/平,低楼层 (共9层) 3室2厅 | 142.42平米 | 南 北,https://ke-image.ljcdn.com/110000-inspection/pc1_YOJqQZGmj_1.jpg!m_fill,w_280,h_210,f_jpg?from=ke.com
20241008,朝阳,大望路,101126041352,高层视野超好满五唯一自住装修不错 一手业主产权干净,1180万,92282元/平,高楼层 (共26层) | 2006年 | 2室2厅 | 127.87平米 | 南,https://ke-image.ljcdn.com/110000-inspection/c93ba613-2fb1-4c7e-b9af-cc708c44e68a_1000.jpg!m_fill,w_280,h_210,f_jpg?from=ke.com
20241008,朝阳,大望路,101126029796,后现代城C区 视野好 正规一居室,420万,58537元/平,中楼层 (共28层) | 2007年 | 1室1厅 | 71.75平米 | 北,https://ke-image.ljcdn.com/110000-inspection/b9bf0a9e-8784-4c3a-bfd0-f7bf8efff880_1000.jpg!m_fill,w_280,h_210,f_jpg?from=ke.com
20241008,朝阳,大望路,101126027914,风度柏林高楼层一居室 采光好 视野好,530万,77782元/平,中楼层 (共22层) | 2007年 | 1室1厅 | 68.14平米 | 东,https://ke-image.ljcdn.com/110000-inspection/2ea38b8b-9f78-4660-b582-867a537c7ea9_1000.jpg!m_fill,w_280,h_210,f_jpg?from=ke.com
20241008,朝阳,大望路,101126020244,禧福汇国际社区  南北通透三居看花园 四星上市物业,1400万,87011元/平,低楼层 (共20层) | 2009年 | 3室2厅 | 160.9平米 | 南 北,https://ke-image.ljcdn.com/110000-inspection/fa21361c-ee75-4157-b5ec-34469332b793_1000.jpg!m_fill,w_280,h_210,f_jpg?from=ke.com
20241008,朝阳,大望路,101126016865,满五唯一 中间层看花园 保养好拎包入住 看房方便,1400万,97297元/平,中楼层 (共17层) 4室1厅 | 143.89平米 | 南 北,https://ke-image.ljcdn.com/110000-inspection/0c5bc04e-c29b-4cc5-881a-5a29b9a730d8_1000.jpg!m_fill,w_280,h_210,f_jpg?from=ke.com
20241008,朝阳,大望路,101126002675,后现代城 满五唯一 近公园 近公园两居室,525万,60603元/平,中楼层 (共28层) | 2007年 | 2室1厅 | 86.63平米 | 西,https://ke-image.ljcdn.com/110000-inspection/9ef5c382-6c57-4df4-bad3-461e129f635b_1000.jpg!m_fill,w_280,h_210,f_jpg?from=ke.com
20241008,朝阳,大望路,101125982633,石韵浩庭 高层观景 采光好 满五唯一,785万,99129元/平,中楼层 (共15层) | 2004年 | 2室1厅 | 79.19平米 | 东南,https://ke-image.ljcdn.com/110000-inspection/pc1_wMxuUlveq.jpg!m_fill,w_280,h_210,f_jpg?from=ke.com
20241008,朝阳,大望路,101125957186,珠江帝景 满五唯一优质一居室 采光好视野棒 看花园房主自荐,490万,135697元/平,高楼层 (共26层) 1室1厅 | 36.11平米 | 西北,https://ke-image.ljcdn.com/110000-inspection/pc1_8OWonD0OY.jpg!m_fill,w_280,h_210,f_jpg?from=ke.com
20241008,朝阳,大望路,101125955445,双井  南北通透 纯板楼 交通便利 田字格户型三,399万,56492元/平,中楼层 (共5层) 3室1厅 | 70.63平米 | 南 北,https://ke-image.ljcdn.com/110000-inspection/pc1_nijTyYQSb_1.jpg!m_fill,w_280,h_210,f_jpg?from=ke.com
20241008,朝阳,大望路,101125950154,满五年唯一 总价合适 接受换房 可看房 随时签约,650万,111435元/平,低楼层 (共10层) 1室2厅 | 58.33平米 | 西,https://ke-image.ljcdn.com/110000-inspection/950d4e8c-cfbe-4bb6-bd97-4314bd1434ba_1000.jpg!m_fill,w_280,h_210,f_jpg?from=ke.com
20241008,朝阳,大望路,101125938770,金港国际南北通透四居室。户型方正。不临街,1298万,85322元/平,中楼层 (共9层) 4室2厅 | 152.13平米 | 北 南,https://ke-image.ljcdn.com/110000-inspection/001e6356-4ca2-47c9-96a9-8cd604e83f3e_1000.jpg!m_fill,w_280,h_210,f_jpg?from=ke.com
20241008,朝阳,大望路,101125927368,禧福汇国际社区融创物业苏州园林小区,1450万,88626元/平,中楼层 (共20层) | 2009年 | 3室2厅 | 163.61平米 | 南 东 北,https://ke-image.ljcdn.com/110000-inspection/f28f375e-1eda-486e-b4ba-a4a74912ad07_1000.jpg!m_fill,w_280,h_210,f_jpg?from=ke.com
20241008,朝阳,大望路,101125886707,后现代城 满五唯一 全明格局 正规一居 近合生汇,389万,70154元/平,中楼层 (共20层) | 2003年 | 1室1厅 | 55.45平米 | 西北,https://ke-image.ljcdn.com/110000-inspection/pc1_DLwm9koDQ.jpg!m_fill,w_280,h_210,f_jpg?from=ke.com
20241008,朝阳,大望路,101125796085,后现代城A区 全南两居 户型方正 高层无遮挡,728万,81982元/平,中楼层 (共18层) | 2004年 | 2室1厅 | 88.8平米 | 南,https://ke-image.ljcdn.com/110000-inspection/c9d37fd6-6115-4741-a1c1-d3816cd06718_1000.jpg!m_fill,w_280,h_210,f_jpg?from=ke.com
20241008,朝阳,大望路,101125764904,珠江帝景南向三居高层观景房百万豪装修,1499万,93031元/平,中楼层 (共26层) | 2004年 | 3室2厅 | 161.13平米 | 南,https://ke-image.ljcdn.com/110000-inspection/pc1_O8jkFgDsk.jpg!m_fill,w_280,h_210,f_jpg?from=ke.com
20241008,朝阳,大望路,101125738178,石韵浩庭高层观景两居室 视野开阔无遮挡,735万,87626元/平,高楼层 (共15层) | 2004年 | 2室1厅 | 83.88平米 | 西 西北 北,https://ke-image.ljcdn.com/110000-inspection/pc1_D6v1577ve.jpg!m_fill,w_280,h_210,f_jpg?from=ke.com
20241008,朝阳,大望路,101125734265,金港国际南北通透两居室 前后不临街看房随时,980万,90248元/平,低楼层 (共9层) | 2005年 | 2室1厅 | 108.59平米 | 南 北,https://ke-image.ljcdn.com/110000-inspection/pc1_lxKHN18EO.jpg!m_fill,w_280,h_210,f_jpg?from=ke.com
20241008,朝阳,大望路,101125714566,东方雅苑 1室0厅 西北,298万,67027元/平,底层 (共18层) 1室0厅 | 44.46平米 | 西北,https://ke-image.ljcdn.com/110000-inspection/pc1_cwi8t9wuC.jpg!m_fill,w_280,h_210,f_jpg?from=ke.com
20241008,朝阳,大望路,101125712672,乐成公馆 南向一居室 金地物业 品质社区,862万,93029元/平,底层 (共21层) | 2007年 | 1室1厅 | 92.66平米 | 南,https://ke-image.ljcdn.com/110000-inspection/pc1_U5pTpBEk6_1.jpg!m_fill,w_280,h_210,f_jpg?from=ke.com
20241008,朝阳,大望路,101125712657,乐成公馆 高层 南北三居室 金地物业 管家式服务,1922万,103853元/平,高楼层 (共21层) | 2007年 | 3室2厅 | 185.07平米 | 南 北,https://ke-image.ljcdn.com/110000-inspection/pc1_WsYoNcIBm_1.jpg!m_fill,w_280,h_210,f_jpg?from=ke.com
20241008,朝阳,大望路,101125699969,中间楼层无遮挡 小区人车分流 配套成熟,370万,65931元/平,中楼层 (共20层) 1室1厅 | 56.12平米 | 东北,https://ke-image.ljcdn.com/110000-inspection/a88d1b18-8eab-44ce-afec-f346cfbe310a_1000.jpg!m_fill,w_280,h_210,f_jpg?from=ke.com
20241008,朝阳,大望路,101125692929,后现代城B区 精装修一居室 全明格局 出行便利,288万,62083元/平,低楼层 (共14层) | 2004年 | 1室1厅 | 46.39平米 | 北,https://ke-image.ljcdn.com/110000-inspection/05142acb-e1c3-4890-a84e-97bc3938181a_1000.jpg!m_fill,w_280,h_210,f_jpg?from=ke.com
20241008,朝阳,大望路,101125678349,金茂府北区 次顶层 视野开阔 采光无遮挡,3600万,134888元/平,高楼层 (共18层) 4室2厅 | 266.89平米 | 南 北,https://ke-image.ljcdn.com/110000-inspection/b3bf5bcd-5aba-40ea-b932-3dcd67d0d7d9_1000.jpg!m_fill,w_280,h_210,f_jpg?from=ke.com
20241008,朝阳,大望路,101125665955,珠江帝景 院里高层观景房精装修诚意出售,950万,77073元/平,中楼层 (共26层) 2室1厅 | 123.26平米 | 北,https://ke-image.ljcdn.com/110000-inspection/f379da58-16eb-4aad-bb23-d59f9da877a6_1000.jpg!m_fill,w_280,h_210,f_jpg?from=ke.com
20241008,朝阳,大望路,101125649674,珠江帝景 3室2厅 东南,1350万,99010元/平,高楼层 (共26层) | 2004年 | 3室2厅 | 136.35平米 | 东南,https://ke-image.ljcdn.com/110000-inspection/c5b1d936-19db-45ac-82d0-43215a3ba838_1000.jpg!m_fill,w_280,h_210,f_jpg?from=ke.com
20241008,朝阳,大望路,101125644739,全明格局开间  落地窗有阳台  朝小区院里 看花园,360万,78041元/平,高楼层 (共18层) | 2004年 | 1室0厅 | 46.13平米 | 北,https://ke-image.ljcdn.com/110000-inspection/25dc2e1f-88e7-4220-9369-83e9f8ca19eb_1000.jpg!m_fill,w_280,h_210,f_jpg?from=ke.com
20241008,朝阳,大望路,101125615533,大望路满五唯一中高楼层全明格局精装一居室,428万,65155元/平,中楼层 (共24层) | 2004年 | 1室1厅 | 65.69平米 | 东北,https://ke-image.ljcdn.com/110000-inspection/eda15940-744f-4a9c-b76b-fc35a9e4a445_1000.jpg!m_fill,w_280,h_210,f_jpg?from=ke.com
20241008,朝阳,大望路,101125612034,禧福汇国际社区 品质社区 中式园林风格 管家服务,1180万,87259元/平,高楼层 (共20层) | 2009年 | 3室1厅 | 135.23平米 | 南,https://ke-image.ljcdn.com/110000-inspection/7287278e-e1d2-438e-b4cd-bd1536e1de49_1000.jpg!m_fill,w_280,h_210,f_jpg?from=ke.com
20241008,朝阳,大望路,101125552774,双地铁换乘 小区中间前后观景 不临街 诚意出售,1130万,61161元/平,低楼层 (共16层) 4室2厅 | 184.76平米 | 南 北,https://ke-image.ljcdn.com/110000-inspection/4d0fd3ac-15c3-4ca5-bdd4-0fa62da3de2d_1000.jpg!m_fill,w_280,h_210,f_jpg?from=ke.com
20241008,朝阳,大望路,101125548529,后现代城一居室！高层视野采光好！满五唯一！看房随时,390万,62122元/平,中楼层 (共14层) | 2004年 | 1室1厅 | 62.78平米 | 南,https://ke-image.ljcdn.com/110000-inspection/5de6c7dd-a4d5-4afc-8ccb-23a1638f3d9a_1000.jpg!m_fill,w_280,h_210,f_jpg?from=ke.com
20241008,朝阳,大望路,101125543824,东方雅苑南向有燃气一居精装修落地窗,299万,69779元/平,低楼层 (共21层) | 2006年 | 1室1厅 | 42.85平米 | 南,https://ke-image.ljcdn.com/110000-inspection/385eb7b7-c7d6-4a32-ab19-33d857d2a3b4_1000.jpg!m_fill,w_280,h_210,f_jpg?from=ke.com
20241008,朝阳,大望路,101125536568,满五年唯一看花园不临街产权清晰,790万,78389元/平,低楼层 (共22层) | 2006年 | 2室1厅 | 100.78平米 | 南 西,https://ke-image.ljcdn.com/110000-inspection/7e9336e9-596e-4fd9-a2c3-eda939d1351e_1000.jpg!m_fill,w_280,h_210,f_jpg?from=ke.com
20241008,朝阳,大望路,101125534379,双井九龙山 石韵浩庭小区 东南向两居室中高层诚意卖,820万,94996元/平,中楼层 (共15层) | 2004年 | 2室1厅 | 86.32平米 | 东南,https://ke-image.ljcdn.com/110000-inspection/be5b1a72-8410-4bfe-a03f-0872e7e04f25_1000.jpg!m_fill,w_280,h_210,f_jpg?from=ke.com
20241008,朝阳,大望路,101125514716,本房满五年唯一高楼层视野开阔全明格局。房主自荐,865万,84448元/平,高楼层 (共20层) | 2009年 | 2室1厅 | 102.43平米 | 东南,https://ke-image.ljcdn.com/110000-inspection/38bad035-0a9a-4c44-a454-eb1c1234814f_1000.jpg!m_fill,w_280,h_210,f_jpg?from=ke.com
20241008,朝阳,大望路,101125511436,禧福汇大三居南向看花园南北通透无遮挡值得选择,1560万,73440元/平,中楼层 (共20层) | 2010年 | 3室2厅 | 212.42平米 | 南 北,https://ke-image.ljcdn.com/110000-inspection/3f80367c-ebf0-49c9-a84d-d9d6071d243e_1000.jpg!m_fill,w_280,h_210,f_jpg?from=ke.com
20241008,朝阳,大望路,101125487730,双井大望路二居室！满五唯一！70年产权民水民电！,420万,37561元/平,中楼层 (共14层) | 2004年 | 2室1厅 | 111.82平米 | 北,https://ke-image.ljcdn.com/110000-inspection/76910cd6-4127-4294-ade7-b92a7eeb09d9_1000.jpg!m_fill,w_280,h_210,f_jpg?from=ke.com
20241008,朝阳,大望路,101125458250,合生汇旁 户型方正 采光好 看公园 交通方便,520万,60677元/平,低楼层 (共28层) | 2006年 | 2室1厅 | 85.7平米 | 东,https://ke-image.ljcdn.com/110000-inspection/69121c00-7df5-4cfe-b43e-3367bcca0133_1000.jpg!m_fill,w_280,h_210,f_jpg?from=ke.com
20241008,朝阳,大望路,101125441481,金港国际南北通透4居一梯一户满五年唯一,1240万,67031元/平,低楼层 (共18层) | 2005年 | 4室2厅 | 184.99平米 | 南 北,https://ke-image.ljcdn.com/110000-inspection/248a1f66-666e-4894-b5e9-7b62d2e3672e_1000.jpg!m_fill,w_280,h_210,f_jpg?from=ke.com
20241008,朝阳,大望路,101125438877,后现代城高层装修保养好拎包入住,648万,68594元/平,高楼层 (共28层) | 2007年 | 2室1厅 | 94.47平米 | 东 北,https://ke-image.ljcdn.com/110000-inspection/e6e15bbc-961d-4740-94ab-b911ed1bed22_1000.jpg!m_fill,w_280,h_210,f_jpg?from=ke.com
20241008,朝阳,大望路,101125408181,高层三居景观好无浪费面积诚意出售价格可谈,1450万,89990元/平,中楼层 (共26层) | 2004年 | 3室2厅 | 161.13平米 | 西南,https://ke-image.ljcdn.com/110000-inspection/4e98f4ea-29e3-4ed4-8adc-9c01f3e401ba_1000.jpg!m_fill,w_280,h_210,f_jpg?from=ke.com
20241008,朝阳,大望路,101125385139,满五唯一南向两居室采光好视野好户型方正有阳台,598万,67343元/平,顶层 (共14层) | 2004年 | 2室1厅 | 88.8平米 | 西南,https://ke-image.ljcdn.com/110000-inspection/491e2c10-7b15-4536-93bf-95095bf1a953_1000.jpg!m_fill,w_280,h_210,f_jpg?from=ke.com
20241008,朝阳,大望路,101125384208,珠江帝景伯爵山 高层观花园南向两居 板楼满5年唯一,1180万,101980元/平,高楼层 (共15层) | 2007年 | 3室1厅 | 115.71平米 | 南,https://ke-image.ljcdn.com/110000-inspection/6d8048f3-7f4f-459a-b434-e954aee1e8c9_1000.jpg!m_fill,w_280,h_210,f_jpg?from=ke.com
20241008,朝阳,大望路,101125376136,易构空间 1室0厅 北,260万,53587元/平,低楼层 (共28层) | 2004年 | 1室0厅 | 48.52平米 | 北,https://ke-image.ljcdn.com/110000-inspection/7165b71a-4afa-432c-9c4c-ed7b1d468b22_1000.jpg!m_fill,w_280,h_210,f_jpg?from=ke.com
20241008,朝阳,大望路,101125376140,后现代城C区 对花园 户型方正 落地大窗 采光好,600万,66196元/平,低楼层 (共27层) | 2007年 | 2室1厅 | 90.64平米 | 东北,https://ke-image.ljcdn.com/110000-inspection/pc1_OxEOzELwc_1.jpg!m_fill,w_280,h_210,f_jpg?from=ke.com
20241008,朝阳,大望路,101125362627,珠江帝景新博悦   次顶层   看房有钥匙房主自荐,1430万,99382元/平,高楼层 (共17层) 3室2厅 | 143.89平米 | 南 北,https://ke-image.ljcdn.com/110000-inspection/0ca19d05-c332-47b6-ada0-878c19004a29_1000.jpg!m_fill,w_280,h_210,f_jpg?from=ke.com
20241008,朝阳,大望路,101125341574,东方雅苑二期南向开间带燃气看花园满五年唯一,335万,69016元/平,顶层 (共12层) | 2007年 | 1室0厅 | 48.54平米 | 南,https://ke-image.ljcdn.com/110000-inspection/8ee976b7-2334-4422-b4f6-d1ed8e92e9aa_1000.jpg!m_fill,w_280,h_210,f_jpg?from=ke.com
20241008,朝阳,大望路,101125319901,70年产权清晰配套成熟民水民电地铁口,399万,36135元/平,中楼层 (共14层) | 2004年 | 1室1厅 | 110.42平米 | 北,https://ke-image.ljcdn.com/110000-inspection/9a1fbb2b-977f-450e-9fd5-fc426b37b35d_1000.jpg!m_fill,w_280,h_210,f_jpg?from=ke.com
20241008,朝阳,大望路,101125317998,满五唯一西南向三居室户型方正无浪费大落地窗,800万,63332元/平,低楼层 (共28层) | 2006年 | 3室2厅 | 126.32平米 | 西南,https://ke-image.ljcdn.com/110000-inspection/ed4e8043-5d1a-43c3-b06a-4bd78c9f1733_1000.jpg!m_fill,w_280,h_210,f_jpg?from=ke.com
20241008,朝阳,大望路,101125304483,后现代城精装一居室！高层视野采光无遮挡！满五唯一！,259万,55831元/平,顶层 (共15层) | 2004年 | 1室0厅 | 46.39平米 | 北,https://ke-image.ljcdn.com/110000-inspection/b97d939b-ef7a-4566-8bb1-7d5976d132a1_1000.jpg!m_fill,w_280,h_210,f_jpg?from=ke.com
20241008,朝阳,大望路,101125270113,乐成公馆 南向双卫大两居 静谧 景观好 满五年,1336万,94025元/平,低楼层 (共16层) | 2007年 | 2室2厅 | 142.09平米 | 南,https://ke-image.ljcdn.com/110000-inspection/pc1_eqMWH80BO_1.jpg!m_fill,w_280,h_210,f_jpg?from=ke.com
20241008,朝阳,大望路,101125240665,双井大望路高层！满五唯一！70年产权民水民电！房主自荐,399万,36660元/平,高楼层 (共14层) 3室1厅 | 108.84平米 | 北,https://ke-image.ljcdn.com/110000-inspection/83ed1f6a-d208-4563-adce-d3e97acb015b_1000.jpg!m_fill,w_280,h_210,f_jpg?from=ke.com
20241008,朝阳,大望路,101125223554,后现代城一居室！高层视野采光好！满五唯一！看房随时,450万,57391元/平,顶层 (共28层) | 2006年 | 1室1厅 | 78.41平米 | 南,https://ke-image.ljcdn.com/110000-inspection/16403260-8dfb-43a6-9001-8627e05f4d8d_1000.jpg!m_fill,w_280,h_210,f_jpg?from=ke.com
20241008,朝阳,大望路,101125216656,双地铁换乘 精装修 直接住 满五唯一 看房方便,570万,67233元/平,低楼层 (共28层) | 2004年 | 2室1厅 | 84.78平米 | 东北,https://ke-image.ljcdn.com/110000-inspection/06b991fc-4d5b-4feb-b68d-8a83323fad03_1000.jpg!m_fill,w_280,h_210,f_jpg?from=ke.com
20241008,朝阳,大望路,101125213095,乐成豪丽 1室1厅 西房主自荐,520万,75396元/平,顶层 (共15层) | 2008年 | 1室1厅 | 68.97平米 | 西,https://ke-image.ljcdn.com/110000-inspection/pc1_pVPERhXPV_1.jpg!m_fill,w_280,h_210,f_jpg?from=ke.com
20241008,朝阳,大望路,101125212920,珠江帝景 南北通透 三居 位置安静看小区花园,1800万,93775元/平,中楼层 (共18层) 3室2厅 | 191.95平米 | 南 北,https://ke-image.ljcdn.com/110000-inspection/fec3a3b9-f01d-4aa4-864d-61914327fe66_1000.jpg!m_fill,w_280,h_210,f_jpg?from=ke.com
20241008,朝阳,大望路,101125202454,珠江帝景全明格局小三居户型方正。,998万,87783元/平,低楼层 (共25层) 2室2厅 | 113.69平米 | 东 北,https://ke-image.ljcdn.com/110000-inspection/d0c33967-2411-42ce-a39f-dd070e045373_1000.jpg!m_fill,w_280,h_210,f_jpg?from=ke.com
20241008,朝阳,大望路,101125185321,东方雅苑二期南向高楼层开间带燃气看花园2梯3户,325万,70837元/平,高楼层 (共20层) | 2007年 | 1室0厅 | 45.88平米 | 南,https://ke-image.ljcdn.com/110000-inspection/bac00df0-911e-4e45-9088-b6c32a4b0bd7_1000.jpg!m_fill,w_280,h_210,f_jpg?from=ke.com
20241008,朝阳,大望路,101125180147,东方雅苑新上南向大开间诚意出售2梯4户,320万,76191元/平,低楼层 (共18层) 1室0厅 | 42平米 | 南,https://ke-image.ljcdn.com/110000-inspection/eebf53e3-5a9a-407b-870e-a631beb3cb8d_1000.jpg!m_fill,w_280,h_210,f_jpg?from=ke.com
20241008,朝阳,大望路,101125166731,新上东方雅苑北向看花园板楼2梯5户,265万,70162元/平,高楼层 (共12层) | 2007年 | 1室0厅 | 37.77平米 | 北,https://ke-image.ljcdn.com/110000-inspection/465a57e1-0b81-45e4-a39d-92a7b3483a91_1000.jpg!m_fill,w_280,h_210,f_jpg?from=ke.com
20241008,朝阳,大望路,101125141741,乐成豪丽 1室0厅 西,499万,71686元/平,中楼层 (共15层) | 2008年 | 1室0厅 | 69.61平米 | 西,https://ke-image.ljcdn.com/110000-inspection/pc1_JbTIzEtmF_1.jpg!m_fill,w_280,h_210,f_jpg?from=ke.com
20241008,朝阳,大望路,101125117674,珠江帝景新博悦 板楼 高层观小区花园2010年入住,1370万,94882元/平,中楼层 (共17层) | 2009年 | 4室2厅 | 144.39平米 | 南 北,https://ke-image.ljcdn.com/110000-inspection/3062688c-ebda-4008-b9fd-bb8d7ef25297_1000.jpg!m_fill,w_280,h_210,f_jpg?from=ke.com
20241008,朝阳,大望路,101125114764,南北通透两居中高层观花园不临街位置楼层好,1158万,93200元/平,中楼层 (共26层) | 2006年 | 2室1厅 | 124.25平米 | 南 北,https://ke-image.ljcdn.com/110000-inspection/e6be8158-06ff-4fca-af15-f66b48b45e63_1000.jpg!m_fill,w_280,h_210,f_jpg?from=ke.com
20241008,朝阳,大望路,101125113172,6号楼中高层一居正观社区花园满五唯一保养好,529万,76701元/平,高楼层 (共15层) | 2008年 | 1室1厅 | 68.97平米 | 西,https://ke-image.ljcdn.com/110000-inspection/pc1_Z4iEvhtNZ.jpg!m_fill,w_280,h_210,f_jpg?from=ke.com
20241008,朝阳,大望路,101125065400,珠江帝景新上南北三居中间楼层视野好两梯两户房主自荐,1758万,91644元/平,中楼层 (共18层) | 2004年 | 3室2厅 | 191.83平米 | 南 北,https://ke-image.ljcdn.com/110000-inspection/1f4fbce0-7e26-47d4-8a54-b3b322dd2d1a_1000.jpg!m_fill,w_280,h_210,f_jpg?from=ke.com
20241008,朝阳,大望路,101125062104,户型方正落地窗采光好正对花园,360万,71048元/平,高楼层 (共18层) | 2004年 | 1室0厅 | 50.67平米 | 北,https://ke-image.ljcdn.com/110000-inspection/07249599-f400-4711-a461-847f11ce8cfa_1000.jpg!m_fill,w_280,h_210,f_jpg?from=ke.com
20241008,朝阳,大望路,101124939643,后现代城 定制装修 户型方正 落地大窗 采光视野好,618万,72113元/平,中楼层 (共28层) | 2006年 | 2室1厅 | 85.7平米 | 西,https://ke-image.ljcdn.com/110000-inspection/16317875-2d34-4273-aa44-484609e96f1f_1000.jpg!m_fill,w_280,h_210,f_jpg?from=ke.com
20241008,朝阳,大望路,101124909963,急急急 东四环内 低单价住宅。,760万,47335元/平,中楼层 (共18层) | 2006年 | 3室1厅 | 160.56平米 | 南,https://ke-image.ljcdn.com/110000-inspection/a973f893-6399-4e09-84b6-8b8237563da9_1000.jpg!m_fill,w_280,h_210,f_jpg?from=ke.com
20241008,朝阳,大望路,101124908698,大望路 中楼层两居室住宅 装修好 仅契税,430万,39486元/平,中楼层 (共14层) | 2004年 | 2室2厅 | 108.9平米 | 北,https://ke-image.ljcdn.com/110000-inspection/pc1_gpwhsLQ3P_1.jpg!m_fill,w_280,h_210,f_jpg?from=ke.com
20241008,朝阳,大望路,101124886615,此房满五唯一户型好装修保养好,1400万,64743元/平,中楼层 (共17层) 4室2厅 | 216.24平米 | 东北,https://ke-image.ljcdn.com/110000-inspection/pc1_nfyWnnC6Z_1.jpg!m_fill,w_280,h_210,f_jpg?from=ke.com
20241008,朝阳,大望路,101124868670,珠江帝景博悦 3室2厅 南 北,1500万,105101元/平,中楼层 (共16层) 3室2厅 | 142.72平米 | 南 北,https://ke-image.ljcdn.com/110000-inspection/5cdaf4f1-fce5-4f11-98e2-1353eca8b3c9_1000.jpg!m_fill,w_280,h_210,f_jpg?from=ke.com
20241008,朝阳,大望路,101124867024,西南向板楼2梯6户高楼层视野开阔采光足,498万,85406元/平,高楼层 (共10层) | 2005年 | 1室1厅 | 58.31平米 | 西南,https://ke-image.ljcdn.com/110000-inspection/de83191d-6e90-4b66-85c9-498177ba81c0_1000.jpg!m_fill,w_280,h_210,f_jpg?from=ke.com
20241008,朝阳,大望路,101124854287,正规南向一居室明厨明卫户型方正,430万,68494元/平,中楼层 (共14层) | 2004年 | 1室1厅 | 62.78平米 | 南,https://ke-image.ljcdn.com/110000-inspection/e3820cb6-8216-4697-8e1c-caf5d388a95f_1000.jpg!m_fill,w_280,h_210,f_jpg?from=ke.com
20241008,朝阳,大望路,101124834677,石韵浩庭 3室2厅 南 北,1130万,82458元/平,高楼层 (共15层) | 2004年 | 3室2厅 | 137.04平米 | 南 北,https://ke-image.ljcdn.com/110000-inspection/pc1_uP3NfW8sx.jpg!m_fill,w_280,h_210,f_jpg?from=ke.com
20241008,朝阳,大望路,101124833445,急售房 珠江帝景E区 满五唯一 自住保养好房主自荐,1330万,93190元/平,低楼层 (共16层) 4室2厅 | 142.72平米 | 南 北,https://ke-image.ljcdn.com/110000-inspection/97aa5a63-2cc1-4fb9-978d-37cf3083f1a5_1000.jpg!m_fill,w_280,h_210,f_jpg?from=ke.com
20241008,朝阳,大望路,101124794717,珠江帝景 两居加多功能间 业主诚心出售 可谈,899万,74836元/平,低楼层 (共25层) 2室2厅 | 120.13平米 | 北,https://ke-image.ljcdn.com/110000-inspection/2f09cdc4-bdd8-4fe0-b12a-6f52030bb8dc_1000.jpg!m_fill,w_280,h_210,f_jpg?from=ke.com
20241008,朝阳,大望路,101124791102,一层 70年产权 大阳台 南向 金地物业,885万,93002元/平,底层 (共22层) | 2007年 | 1室1厅 | 95.16平米 | 南,https://ke-image.ljcdn.com/110000-inspection/pc1_uDwxW4oMH.jpg!m_fill,w_280,h_210,f_jpg?from=ke.com
20241008,朝阳,大望路,101124785126,珠江帝景 观小区花园 满五年唯一 精装修,1480万,89286元/平,低楼层 (共26层) | 2004年 | 3室1厅 | 165.76平米 | 南,https://ke-image.ljcdn.com/110000-inspection/a60b10fd-b35f-4867-abbc-c32fb57bf66b_1000.jpg!m_fill,w_280,h_210,f_jpg?from=ke.com
20241008,朝阳,大望路,101124747122,中高层三居室加一个书房南向采光夏天的感觉,1430万,88332元/平,中楼层 (共26层) 3室1厅 | 161.89平米 | 南,https://ke-image.ljcdn.com/110000-inspection/13982dcc-89b6-40bc-904e-80355cf0d75b_1000.jpg!m_fill,w_280,h_210,f_jpg?from=ke.com
20241008,朝阳,大望路,101124717031,板楼两梯两户精装修户型方正位置安静采光和,1780万,99209元/平,高楼层 (共10层) 3室2厅 | 179.42平米 | 南 北,https://ke-image.ljcdn.com/110000-inspection/b6a1cec7-5e31-41ea-9214-28a27ab2944e_1000.jpg!m_fill,w_280,h_210,f_jpg?from=ke.com
20241008,朝阳,大望路,101124689310,后现代城西向两居采光好无遮挡高楼层。,524万,61144元/平,中楼层 (共28层) | 2006年 | 2室1厅 | 85.7平米 | 西,https://ke-image.ljcdn.com/110000-inspection/bfe1cf54-27f6-4987-abf8-78347b8ad2f2_1000.jpg!m_fill,w_280,h_210,f_jpg?from=ke.com
20241008,朝阳,大望路,101124645612,风度柏林 1室1厅 东,498万,73767元/平,中楼层 (共22层) | 2006年 | 1室1厅 | 67.51平米 | 东,https://ke-image.ljcdn.com/110000-inspection/c3604c99-da4a-459d-9bd1-40fa97d308f8_1000.jpg!m_fill,w_280,h_210,f_jpg?from=ke.com
20241008,朝阳,大望路,101124641962,易构空间朝东向开间 视野好看房随时。,199万,49221元/平,低楼层 (共24层) | 2004年 | 1室0厅 | 40.43平米 | 东,https://ke-image.ljcdn.com/110000-inspection/pc1_dLLSQhZsg.jpg!m_fill,w_280,h_210,f_jpg?from=ke.com
20241008,朝阳,大望路,101124635882,户型方正 没有浪费面积 精装修 直接住 高层 观景,285万,63334元/平,中楼层 (共11层) 1室1厅 | 45平米 | 东,https://ke-image.ljcdn.com/110000-inspection/pc1_CbrMFFna5.jpg!m_fill,w_280,h_210,f_jpg?from=ke.com
20241008,朝阳,大望路,101124582288,一梯两户 南北通透板楼两居室 小区中间位置前后不临,939万,86632元/平,中楼层 (共7层) | 2004年 | 2室2厅 | 108.39平米 | 南 北,https://ke-image.ljcdn.com/110000-inspection/pc1_WntUN3svu.jpg!m_fill,w_280,h_210,f_jpg?from=ke.com
20241008,朝阳,大望路,101124581957,珠江帝景 高层北向两居边户 明卫 满5年唯一,970万,85320元/平,中楼层 (共25层) 2室1厅 | 113.69平米 | 西北,https://ke-image.ljcdn.com/110000-inspection/pc1_ZNzx8JnjD_1.jpg!m_fill,w_280,h_210,f_jpg?from=ke.com
20241008,朝阳,大望路,101124547697,户型方正正看小区花园安静不临街业主诚意卖,254万,50417元/平,中楼层 (共14层) | 2004年 | 1室1厅 | 50.38平米 | 北,https://ke-image.ljcdn.com/110000-inspection/73b2f639-c1be-4bec-848e-76f0b58d10da_1000.jpg!m_fill,w_280,h_210,f_jpg?from=ke.com
20241008,朝阳,大望路,101124541556,乐成豪丽 高层没有遮挡 安静不临街,460万,65046元/平,高楼层 (共12层) | 2008年 | 1室1厅 | 70.72平米 | 西,https://ke-image.ljcdn.com/110000-inspection/pc1_Mc9BZo5Gb.jpg!m_fill,w_280,h_210,f_jpg?from=ke.com
20241008,朝阳,大望路,101124513593,房子满五年唯一住房无抵押产权清晰融创物业房主自荐,1398万,71781元/平,低楼层 (共20层) | 2010年 | 3室2厅 | 194.76平米 | 南 北,https://ke-image.ljcdn.com/110000-inspection/10ba0824-4206-4b00-b13f-0ca6a80995e8_1000.jpg!m_fill,w_280,h_210,f_jpg?from=ke.com
20241008,朝阳,大望路,101124511778,双井大望路东向一居室！精装修！视野采光好！,480万,74977元/平,低楼层 (共27层) | 2007年 | 1室1厅 | 64.02平米 | 西,https://ke-image.ljcdn.com/110000-inspection/5c609d3c-f5df-431b-886c-aede5285beae_1000.jpg!m_fill,w_280,h_210,f_jpg?from=ke.com
20241008,朝阳,大望路,101124503193,70年产权住 高层无遮挡  户型方正 诚意出售,780万,58515元/平,高楼层 (共14层) | 2004年 | 2室1厅 | 133.3平米 | 南 北,https://ke-image.ljcdn.com/110000-inspection/8c39058d-ff3b-4f26-9752-73440e23b72b_1000.jpg!m_fill,w_280,h_210,f_jpg?from=ke.com
20241008,朝阳,大望路,101124462235,后现代城一居室 正规70年产权住宅 带燃气,210万,55512元/平,中楼层 (共14层) | 2004年 | 1室0厅 | 37.83平米 | 北,https://ke-image.ljcdn.com/110000-inspection/41d5c9e8-3db8-4163-aeb1-5fc4b6787ec2_1000.jpg!m_fill,w_280,h_210,f_jpg?from=ke.com
20241008,朝阳,大望路,101124457486,禧福汇  南北通透  视野宽阔  采光充足,1000万,74572元/平,低楼层 (共20层) | 2009年 | 3室1厅 | 134.1平米 | 南 北,https://ke-image.ljcdn.com/110000-inspection/pc1_JDILlopnu.jpg!m_fill,w_280,h_210,f_jpg?from=ke.com
20241008,朝阳,大望路,101124455777,金港国际满五唯一户型方正楼层好视野好采光好,295万,64708元/平,中楼层 (共11层) 1室0厅 | 45.59平米 | 东,https://ke-image.ljcdn.com/110000-inspection/9b9a8c4e-7581-4dae-989b-138aeb8d1e8c_1000.jpg!m_fill,w_280,h_210,f_jpg?from=ke.com
20241008,朝阳,大望路,101124393376,南北三居不临街 前后花园景观好 高层好视野 全新房,2180万,108178元/平,高楼层 (共24层) | 2013年 | 3室2厅 | 201.52平米 | 南 北,https://ke-image.ljcdn.com/110000-inspection/ef2eae1d-4f4c-49bc-83cc-13f58410f432_1000.jpg!m_fill,w_280,h_210,f_jpg?from=ke.com
20241008,朝阳,大望路,101124386088,九龙山 石韵浩庭 南北通透 满五唯一  随时看房,860万,79586元/平,中楼层 (共15层) | 2004年 | 2室1厅 | 108.06平米 | 南 北,https://ke-image.ljcdn.com/110000-inspection/pc1_xQQ6gTGSA_1.jpg!m_fill,w_280,h_210,f_jpg?from=ke.com
20241008,朝阳,大望路,101124277825,后现代城A区 全南正规两居室 精装保养好 视野无遮挡,715万,75750元/平,中楼层 (共20层) | 2003年 | 2室1厅 | 94.39平米 | 南,https://ke-image.ljcdn.com/110000-inspection/f05b5f0f-4c9c-4fa8-8066-bd53b5143007_1000.jpg!m_fill,w_280,h_210,f_jpg?from=ke.com
20241008,朝阳,大望路,101124226304,满五年唯一 接受换房 高层视野好 无遮挡 看房方便,1350万,86257元/平,中楼层 (共26层) | 2004年 | 3室2厅 | 156.51平米 | 西南,https://ke-image.ljcdn.com/110000-inspection/eb9f713a-c3e2-487f-b719-c73d2a4d16bc_1000.jpg!m_fill,w_280,h_210,f_jpg?from=ke.com
20241008,朝阳,大望路,101124152937,南北通透看花园 两梯三户 130万重新装修房主自荐,1350万,97890元/平,低楼层 (共17层) 2室2厅 | 137.91平米 | 南 北,https://ke-image.ljcdn.com/110000-inspection/a57d6b1b-d6a6-408e-8782-92495e96df86_1000.jpg!m_fill,w_280,h_210,f_jpg?from=ke.com
20241008,朝阳,大望路,101124145656,九龙山地铁换乘合生汇斜对面闹中取静满五唯一房主自荐,670万,78935元/平,低楼层 (共17层) 2室1厅 | 84.88平米 | 南,https://ke-image.ljcdn.com/110000-inspection/pc1_5ZvGQUWYy.jpg!m_fill,w_280,h_210,f_jpg?from=ke.com
20241008,朝阳,大望路,101124145314,金港国际朝东向开间 高楼层视野好 诚心出售,298万,65366元/平,中楼层 (共11层) | 2006年 | 1室0厅 | 45.59平米 | 东,https://ke-image.ljcdn.com/110000-inspection/723a4736-b4bf-43c1-96b5-5637185d7d30_1000.jpg!m_fill,w_280,h_210,f_jpg?from=ke.com
20241008,朝阳,大望路,101124132504,易构空间板楼里三面朝南两居室 户型方正高楼层视野好,650万,75988元/平,高楼层 (共14层) | 2004年 | 2室1厅 | 85.54平米 | 南,https://ke-image.ljcdn.com/110000-inspection/e7fed5fe-8fe0-4421-be3d-1597517fec18_1000.jpg!m_fill,w_280,h_210,f_jpg?from=ke.com
20241008,朝阳,大望路,101124117980,珠江帝景伯爵山 南向两居 户型实用 视野好 满五年房主自荐,958万,106150元/平,顶层 (共16层) | 2007年 | 2室1厅 | 90.25平米 | 南,https://ke-image.ljcdn.com/110000-inspection/pc1_ogszuRhmb_2.jpg!m_fill,w_280,h_210,f_jpg?from=ke.com
20241008,朝阳,大望路,101124115330,房子70年产权住宅南朝向窗户正对小区花园,379万,33159元/平,低楼层 (共14层) | 2004年 | 2室0厅 | 114.3平米 | 南,https://ke-image.ljcdn.com/110000-inspection/3e750685-657d-44c6-b9df-d509823325fb_1000.jpg!m_fill,w_280,h_210,f_jpg?from=ke.com
20241008,朝阳,大望路,101124107269,东方雅苑新增南向带燃气开间落地窗只有契税急售房主自荐,366万,76940元/平,高楼层 (共18层) 1室0厅 | 47.57平米 | 南,https://ke-image.ljcdn.com/110000-inspection/f0dbbfa6-5ae4-4488-9d37-a1759d248a78_1000.jpg!m_fill,w_280,h_210,f_jpg?from=ke.com
20241008,朝阳,大望路,101124087706,珠江帝景博悦 3室2厅 南 北,1590万,98752元/平,顶层 (共15层) 3室2厅 | 161.01平米 | 南 北,https://ke-image.ljcdn.com/110000-inspection/a0332fd0-e240-4938-bced-b9ae0d0cb6a3_1000.jpg!m_fill,w_280,h_210,f_jpg?from=ke.com
20241008,朝阳,大望路,101124079841,珠江帝景B区3+1户型西南向 特殊楼层阳台大 业主急出,1450万,89507元/平,低楼层 (共26层) | 2006年 | 3室2厅 | 162平米 | 东南,https://ke-image.ljcdn.com/110000-inspection/c9d149b8-58fb-4626-a114-c9dc33a3072a_1000.jpg!m_fill,w_280,h_210,f_jpg?from=ke.com
20241008,朝阳,大望路,101124069381,石韵浩庭 高楼层一居室 全明格局,498万,85100元/平,中楼层 (共15层) | 2004年 | 1室1厅 | 58.52平米 | 东,https://ke-image.ljcdn.com/110000-inspection/pc1_AQNF7sc6s_1.jpg!m_fill,w_280,h_210,f_jpg?from=ke.com
20241008,朝阳,大望路,101124033018,乐成豪丽公寓 高层一居室 满五唯一 随时看房,490万,70606元/平,高楼层 (共12层) | 2008年 | 1室1厅 | 69.4平米 | 西,https://ke-image.ljcdn.com/110000-inspection/pc1_DaIiIORji_1.jpg!m_fill,w_280,h_210,f_jpg?from=ke.com
20241008,朝阳,大望路,101124019819,国贸CBD百子湾后现代城高层两居观国贸合生汇公园房主自荐,520万,61012元/平,顶层 (共28层) 2室1厅 | 85.23平米 | 西 北,https://ke-image.ljcdn.com/110000-inspection/pc1_7fTGFR8gh.jpg!m_fill,w_280,h_210,f_jpg?from=ke.com
20241008,朝阳,大望路,101124000202,净高2.85后现代城东南向两居满五唯一小区安静,599万,67455元/平,高楼层 (共18层) | 2004年 | 2室1厅 | 88.8平米 | 东南,https://ke-image.ljcdn.com/110000-inspection/ee99f8ac-c89f-45ca-a8aa-e9daf9c62619_1000.jpg!m_fill,w_280,h_210,f_jpg?from=ke.com
20241008,朝阳,大望路,101123988880,金茂府东区顶层5居3卫 2梯1户满两年恒温恒湿科技住宅房主自荐,4590万,152442元/平,顶层 (共24层) | 2013年 | 5室3厅 | 301.1平米 | 南 西 北,https://ke-image.ljcdn.com/110000-inspection/pc1_VKiuiGzsP_1.jpg!m_fill,w_280,h_210,f_jpg?from=ke.com
20241008,朝阳,大望路,101123979591,珠江帝景 南北通透2居室 视野好,1250万,99199元/平,中楼层 (共26层) | 2004年 | 2室1厅 | 126.01平米 | 南 北,https://ke-image.ljcdn.com/110000-inspection/978a1d01-82da-4ee0-8f2e-30bf58ef59d7_1000.jpg!m_fill,w_280,h_210,f_jpg?from=ke.com
20241008,朝阳,大望路,101123947146,首府官邸边户三居中高楼层采光好满五年唯一住宅,2420万,66833元/平,中楼层 (共9层) 3室2厅 | 362.1平米 | 南 北,https://ke-image.ljcdn.com/110000-inspection/pc1_fT5Zq9klb.jpg!m_fill,w_280,h_210,f_jpg?from=ke.com
20241008,朝阳,大望路,101123933297,乐成豪丽 南北通透 品质两居 金地物业 刷卡入户,935万,68373元/平,中楼层 (共13层) | 2008年 | 2室1厅 | 136.75平米 | 南 北,https://ke-image.ljcdn.com/110000-inspection/pc1_ZrHPd7Ev8_1.jpg!m_fill,w_280,h_210,f_jpg?from=ke.com
20241008,朝阳,大望路,101123927911,新上东方雅苑一居满五唯一中间楼层不临街采光充足,358万,70807元/平,中楼层 (共8层) | 2007年 | 1室1厅 | 50.56平米 | 西北,https://ke-image.ljcdn.com/110000-inspection/4e5189a2-4d28-44ac-bab5-a9828e063d17_1000.jpg!m_fill,w_280,h_210,f_jpg?from=ke.com
20241008,朝阳,大望路,101123839572,后现代城C区正规一居室！业主诚意出售！视野采光好！,510万,71579元/平,中楼层 (共28层) | 2007年 | 1室1厅 | 71.25平米 | 东,https://ke-image.ljcdn.com/110000-inspection/5cdbc904-c516-4b65-a095-609e3db8cbeb_1000.jpg!m_fill,w_280,h_210,f_jpg?from=ke.com
20241008,朝阳,大望路,101123828899,中高楼层 视野观景好 房况保养好,458万,66406元/平,中楼层 (共15层) | 2008年 | 1室1厅 | 68.97平米 | 西,https://ke-image.ljcdn.com/110000-inspection/pc1_lKkFqY5mP_1.jpg!m_fill,w_280,h_210,f_jpg?from=ke.com
20241008,朝阳,大望路,101123820158,国贸CBD 后现代城 明厨明卫 落地大窗 正对小区 景观好,251万,54107元/平,高楼层 (共14层) | 2004年 | 1室0厅 | 46.39平米 | 北,https://ke-image.ljcdn.com/110000-inspection/d201f617-01b7-401d-bedc-262b66964702_1000.jpg!m_fill,w_280,h_210,f_jpg?from=ke.com
20241008,朝阳,大望路,101123807703,住总香榭8号双井大望路高品质住宅2018年开盘,1685万,118313元/平,低楼层 (共9层) 3室1厅 | 142.42平米 | 南 北,https://ke-image.ljcdn.com/110000-inspection/pc1_FpfmBhKcE_1.jpg!m_fill,w_280,h_210,f_jpg?from=ke.com
20241008,朝阳,大望路,101123756709,层高3.6米阳光双卫大两居室近地铁国贸户型方正,640万,55455元/平,底层 (共28层) | 2004年 | 2室2厅 | 115.41平米 | 南,https://ke-image.ljcdn.com/110000-inspection/511e496b-d1d7-4b62-8f07-10279a000624_1000.jpg!m_fill,w_280,h_210,f_jpg?from=ke.com
20241008,朝阳,大望路,101123730072,东方雅苑 新上观花园两居室 满五唯一,660万,76381元/平,低楼层 (共18层) | 2008年 | 2室1厅 | 86.41平米 | 南 北,https://ke-image.ljcdn.com/110000-inspection/pc1_ccB2BJqwe.jpg!m_fill,w_280,h_210,f_jpg?from=ke.com
20241008,朝阳,大望路,101123724270,金茂府北区 三面看花园 静谧大宅,4100万,119200元/平,低楼层 (共17层) 3室3厅 | 343.96平米 | 南 北,https://ke-image.ljcdn.com/110000-inspection/8cd2d8aa-b930-4930-89eb-f8a6fcd0c7da_1000.jpg!m_fill,w_280,h_210,f_jpg?from=ke.com
20241008,朝阳,大望路,101123645310,东方雅苑 南向小户型 带燃气有阳台 两梯三户高层观景,345万,75197元/平,中楼层 (共20层) | 2007年 | 1室0厅 | 45.88平米 | 南,https://ke-image.ljcdn.com/110000-inspection/d4f3d259-ef79-48e9-8957-c67a3270f7f2_1000.jpg!m_fill,w_280,h_210,f_jpg?from=ke.com
20241008,朝阳,大望路,101123600844,金茂府北区7号楼 东边户 高层观景,5250万,134595元/平,高楼层 (共17层) 5室2厅 | 390.06平米 | 东南 北,https://ke-image.ljcdn.com/110000-inspection/pc1_4HrZudTMP_2.jpg!m_fill,w_280,h_210,f_jpg?from=ke.com
20241008,朝阳,大望路,101123594832,后现代城C区 户型方正 中高楼层,580万,61396元/平,中楼层 (共28层) | 2007年 | 2室1厅 | 94.47平米 | 东北,https://ke-image.ljcdn.com/110000-inspection/f47b0282-1807-471a-9f24-7c213c4dd5ee_1000.jpg!m_fill,w_280,h_210,f_jpg?from=ke.com
20241008,朝阳,大望路,101123504935,禧福汇格局方正不临街视野宽阔观小区花园,1150万,85041元/平,中楼层 (共20层) | 2009年 | 3室2厅 | 135.23平米 | 南,https://ke-image.ljcdn.com/110000-inspection/pc1_WEDs1muib.jpg!m_fill,w_280,h_210,f_jpg?from=ke.com
20241008,朝阳,大望路,101123498321,CBD商圈 后现代城 高层东南一居  落地窗 视野采光好,446万,69493元/平,高楼层 (共18层) | 2004年 | 1室1厅 | 64.18平米 | 东南,https://ke-image.ljcdn.com/110000-inspection/b736efc5-e9b7-4dbe-ae0a-d16d8bb6c2c0_1000.jpg!m_fill,w_280,h_210,f_jpg?from=ke.com
20241008,朝阳,大望路,101123467621,CBD商圈 后现代城 正规开间 户型方正 落地窗,288万,56394元/平,中楼层 (共14层) | 2004年 | 1室0厅 | 51.07平米 | 北,https://ke-image.ljcdn.com/110000-inspection/9265d7c5-087e-44a4-8988-93cb9a90311f_1000.jpg!m_fill,w_280,h_210,f_jpg?from=ke.com
20241008,朝阳,大望路,101123465757,满五年唯一2梯5户带有燃气业主急售房主自荐,289万,65400元/平,中楼层 (共20层) | 2007年 | 1室0厅 | 44.19平米 | 东北,https://ke-image.ljcdn.com/110000-inspection/fd909bc9-d7d0-466a-9211-8bb8ded1a2cc_1000.jpg!m_fill,w_280,h_210,f_jpg?from=ke.com
20241008,朝阳,大望路,101123464851,二次全新装修 拎包即可入住  私密性好 就是要卖 ！！,1200万,93978元/平,低楼层 (共26层) 2室1厅 | 127.69平米 | 南,https://ke-image.ljcdn.com/110000-inspection/pc1_fx5FYCJQT.jpg!m_fill,w_280,h_210,f_jpg?from=ke.com
20241008,朝阳,大望路,101123424849,满五年唯一高层装修好落地窗看花园视野好,320万,63784元/平,中楼层 (共15层) | 2004年 | 1室0厅 | 50.17平米 | 北,https://ke-image.ljcdn.com/110000-inspection/a08a9f73-ec2a-4bb6-858d-0416391fcd08_1000.jpg!m_fill,w_280,h_210,f_jpg?from=ke.com
20241008,朝阳,大望路,101123411511,高品质社区！边户全明格局视野好户型正采光充足,3799万,130937元/平,顶层 (共10层) 5室2厅 | 290.14平米 | 南 西 北,https://ke-image.ljcdn.com/110000-inspection/7b98e087-f10c-4a4b-8819-cc42b58f5a7c_1000.jpg!m_fill,w_280,h_210,f_jpg?from=ke.com
20241008,朝阳,大望路,101123402706,乐成豪丽 1室1厅 东,499万,73752元/平,高楼层 (共15层) | 2008年 | 1室1厅 | 67.66平米 | 东,https://ke-image.ljcdn.com/110000-inspection/pc1_aN4BdDSS5_1.jpg!m_fill,w_280,h_210,f_jpg?from=ke.com
20241008,朝阳,大望路,101123375228,户型方正 没有浪费面积 精装修 直接住,249万,54131元/平,中楼层 (共11层) 1室0厅 | 46平米 | 东,https://ke-image.ljcdn.com/110000-inspection/96eb394f-2002-4c84-89d4-cac7ae27035b_1000.jpg!m_fill,w_280,h_210,f_jpg?from=ke.com
20241008,朝阳,大望路,101123372040,博悦全南两居室保养好拎包入住楼层高视野好,1099万,122506元/平,高楼层 (共16层) | 2009年 | 2室1厅 | 89.71平米 | 南,https://ke-image.ljcdn.com/110000-inspection/fadbab71-6163-4747-bd49-04f3496d4a6b_1000.jpg!m_fill,w_280,h_210,f_jpg?from=ke.com
20241008,朝阳,大望路,101123337165,东方雅苑 两梯五户 北向开间 独立厨卫 有燃气,280万,74133元/平,中楼层 (共12层) | 2007年 | 1室0厅 | 37.77平米 | 北,https://ke-image.ljcdn.com/110000-inspection/e8d990fe-c01f-4bcb-8424-8cf003b20040_1000.jpg!m_fill,w_280,h_210,f_jpg?from=ke.com
20241008,朝阳,大望路,101123324870,东方雅苑北排二期南向带燃气开间不临街中层看小区花园,420万,82531元/平,低楼层 (共20层) | 2007年 | 1室0厅 | 50.89平米 | 南,https://ke-image.ljcdn.com/110000-inspection/7dfc6baa-72f1-4451-8a01-936ebdc12b0f_1000.jpg!m_fill,w_280,h_210,f_jpg?from=ke.com
20241008,朝阳,大望路,101123281813,满五年且唯一楼层高视野开阔,485万,77613元/平,高楼层 (共22层) | 2004年 | 1室1厅 | 62.49平米 | 西北,https://ke-image.ljcdn.com/110000-inspection/378a359f-2fc8-49b0-8f01-c39477ef8a0b_1000.jpg!m_fill,w_280,h_210,f_jpg?from=ke.com
20241008,朝阳,大望路,101123278102,户型方正不临街全新装修近公园,590万,75246元/平,高楼层 (共28层) 1室1厅 | 78.41平米 | 南,https://ke-image.ljcdn.com/110000-inspection/b42d00cf-b670-45a3-852b-d87624d4f479_1000.jpg!m_fill,w_280,h_210,f_jpg?from=ke.com
20241008,朝阳,大望路,101123245604,禧福汇国际社区 品质社区 中式园林风格 管家服务房主自荐,1158万,85632元/平,低楼层 (共20层) | 2009年 | 3室2厅 | 135.23平米 | 南,https://ke-image.ljcdn.com/110000-inspection/pc1_cmgriZfHJ.jpg!m_fill,w_280,h_210,f_jpg?from=ke.com
20241008,朝阳,大望路,101123214854,禧福汇南北通透三居 高楼层 北望中国尊 诚意出售,1090万,81851元/平,中楼层 (共20层) | 2009年 | 3室1厅 | 133.17平米 | 南 西 北,https://ke-image.ljcdn.com/110000-inspection/pc1_TXAThEuTB_1.jpg!m_fill,w_280,h_210,f_jpg?from=ke.com
20241008,朝阳,大望路,101123204436,风度柏林 西向2+1户型 精装修 拎包入住,770万,74246元/平,底层 (共22层) | 2004年 | 2室1厅 | 103.71平米 | 西南,https://ke-image.ljcdn.com/110000-inspection/c8402484-461e-48ae-9fe7-ab96f7249a61_1000.jpg!m_fill,w_280,h_210,f_jpg?from=ke.com
20241008,朝阳,大望路,101123203661,高层 采光足 满五唯一 二次装修  诚意卖,1180万,94886元/平,中楼层 (共26层) | 2004年 | 2室1厅 | 124.36平米 | 西南,https://ke-image.ljcdn.com/110000-inspection/9499de1e-d099-421c-a852-2b5e33607f1d_1000.jpg!m_fill,w_280,h_210,f_jpg?from=ke.com
20241008,朝阳,大望路,101123198494,金港国际小区中间位置三居室 前后不临街 观中间花园,1360万,74378元/平,高楼层 (共16层) | 2005年 | 4室2厅 | 182.85平米 | 南 北,https://ke-image.ljcdn.com/110000-inspection/11518f12-88c8-46a9-b944-ec7dfd53290c_1000.jpg!m_fill,w_280,h_210,f_jpg?from=ke.com
20241008,朝阳,大望路,101123196463,后现代城高层东南向两居带玄关无遮挡大阳台,560万,62507元/平,顶层 (共15层) | 2004年 | 2室1厅 | 89.59平米 | 东南 南,https://ke-image.ljcdn.com/110000-inspection/69909e83-884f-490b-91f4-1bfff66b5870_1000.jpg!m_fill,w_280,h_210,f_jpg?from=ke.com
20241008,朝阳,大望路,101123159196,东方雅苑南向开间满五年唯一住房大面宽采光很好！房主自荐,315万,74592元/平,低楼层 (共18层) | 2006年 | 1室0厅 | 42.23平米 | 南,https://ke-image.ljcdn.com/110000-inspection/56f4463a-db6e-4dd2-b03d-484b16a52772_1000.jpg!m_fill,w_280,h_210,f_jpg?from=ke.com
20241008,朝阳,大望路,101123081717,珠江帝景E区 南北三居 观花园 诚意出售房主自荐,1500万,93162元/平,低楼层 (共15层) 3室2厅 | 161.01平米 | 南 北,https://ke-image.ljcdn.com/110000-inspection/pc1_vMWI7reeD.jpg!m_fill,w_280,h_210,f_jpg?from=ke.com
20241008,朝阳,大望路,101123066075,自住装修好东向对院里没有遮挡满五年唯一,398万,62004元/平,高楼层 (共27层) | 2007年 | 1室1厅 | 64.19平米 | 东,https://ke-image.ljcdn.com/110000-inspection/fec49635-cc64-441b-b752-603e8d0ae2c1_1000.jpg!m_fill,w_280,h_210,f_jpg?from=ke.com
20241008,朝阳,大望路,101123050910,国贸CBD 西大望路 后现代城户型方正满五唯一近合生汇,428万,66678元/平,低楼层 (共27层) | 2007年 | 1室1厅 | 64.19平米 | 西,https://ke-image.ljcdn.com/110000-inspection/fef0e7a2-4c56-4009-a2f8-ca47285caf6a_1000.jpg!m_fill,w_280,h_210,f_jpg?from=ke.com
20241008,朝阳,大望路,101123005984,后现代城D区正规三居两卫带阳台三居室,790万,61000元/平,中楼层 (共27层) | 2006年 | 3室2厅 | 129.51平米 | 东南,https://ke-image.ljcdn.com/110000-inspection/bd527ef7-0d7e-4615-a6db-88d8d5d34af4_1000.jpg!m_fill,w_280,h_210,f_jpg?from=ke.com
20241008,朝阳,大望路,101122995012,本房南北通透三居 高楼层 北望中国尊 诚意出售,1220万,85501元/平,顶层 (共20层) | 2009年 | 3室2厅 | 142.69平米 | 南 北,https://ke-image.ljcdn.com/110000-inspection/pc1_srxAG9CQc.jpg!m_fill,w_280,h_210,f_jpg?from=ke.com
20241008,朝阳,大望路,101122994069,全南向70年产权住宅两个入户门全南向落地窗,530万,30037元/平,中楼层 (共14层) | 2004年 | 4室1厅 | 176.45平米 | 南,https://ke-image.ljcdn.com/110000-inspection/e53bc50b-42d3-4950-ac47-3abbcb4b3af7_1000.jpg!m_fill,w_280,h_210,f_jpg?from=ke.com
20241008,朝阳,大望路,101122978941,小户型独立卫生间厨房、户型方正好利用房主自荐,299万,59138元/平,中楼层 (共14层) | 2004年 | 1室0厅 | 50.56平米 | 北,https://ke-image.ljcdn.com/110000-inspection/pc1_qFqWSG1yw_2.jpg!m_fill,w_280,h_210,f_jpg?from=ke.com
20241008,朝阳,大望路,101122955830,安静的后现代城D区 高楼层 落地窗 视野开阔 正规两居房主自荐,599万,69895元/平,高楼层 (共28层) | 2006年 | 2室1厅 | 85.7平米 | 东,https://ke-image.ljcdn.com/110000-inspection/050a9cde-49fb-4306-a23c-c61ef93ac0a1_1000.jpg!m_fill,w_280,h_210,f_jpg?from=ke.com
20241008,朝阳,大望路,101122938559,后现代城户型方正落地窗视野好,300万,59797元/平,高楼层 (共15层) | 2004年 | 1室0厅 | 50.17平米 | 北,https://ke-image.ljcdn.com/110000-inspection/pc1_dkJ0P8muR.jpg!m_fill,w_280,h_210,f_jpg?from=ke.com
20241008,朝阳,大望路,101122922845,东方雅苑南向开间大面宽高楼层视野开阔采光好,330万,78144元/平,高楼层 (共18层) 1室0厅 | 42.23平米 | 南,https://ke-image.ljcdn.com/110000-inspection/98aa49ca-06be-47b1-8800-013fe9f4e6ab_1000.jpg!m_fill,w_280,h_210,f_jpg?from=ke.com
20241008,朝阳,大望路,101122920241,金港国际东向看小区花园安静不临街采光好房主自荐,419万,70504元/平,顶层 (共10层) | 2003年 | 1室1厅 | 59.43平米 | 东,https://ke-image.ljcdn.com/110000-inspection/e71d3a9b-abd3-4d8d-9a7b-c7889e41f571_1000.jpg!m_fill,w_280,h_210,f_jpg?from=ke.com
20241008,朝阳,大望路,101122861827,重金装修南北通透前后无遮挡视野开阔,1878万,128314元/平,中楼层 (共6层) 3室1厅 | 146.36平米 | 南 北,https://ke-image.ljcdn.com/110000-inspection/pc1_kYfX8S7Js_1.jpg!m_fill,w_280,h_210,f_jpg?from=ke.com
20241008,朝阳,大望路,101122852935,满五年家庭名下唯一住房全明格局不临街采光好,1560万,107557元/平,中楼层 (共8层) 3室2厅 | 145.04平米 | 南 北,https://ke-image.ljcdn.com/110000-inspection/e439b09b-e92e-4bc5-850a-2373413c9d34_1000.jpg!m_fill,w_280,h_210,f_jpg?from=ke.com
20241008,朝阳,大望路,101122841881,后现代城C区正规两居室！视野无遮挡房主自荐,630万,72724元/平,中楼层 (共28层) | 2007年 | 2室1厅 | 86.63平米 | 西,https://ke-image.ljcdn.com/110000-inspection/20fb51b9-fb2f-4b1e-b7b5-db008b351443_1000.jpg!m_fill,w_280,h_210,f_jpg?from=ke.com
20241008,朝阳,大望路,101122754214,四居室大平层前后观花园满五年唯一 中高楼层,2350万,94477元/平,中楼层 (共17层) 4室2厅 | 248.74平米 | 南,https://ke-image.ljcdn.com/110000-inspection/f59221af-6f16-4d10-9d24-aa1549ec350e_1000.jpg!m_fill,w_280,h_210,f_jpg?from=ke.com
20241008,朝阳,大望路,101122712988,东三环乐成豪丽精装一居室 东向视野佳 采光无遮挡房主自荐,479万,68040元/平,中楼层 (共12层) | 2008年 | 1室1厅 | 70.4平米 | 东,https://ke-image.ljcdn.com/110000-inspection/pc1_btYlFlNdH_1.jpg!m_fill,w_280,h_210,f_jpg?from=ke.com
20241008,朝阳,大望路,101122676593,易构空间朝西向 正对小区花园看房随时,235万,58795元/平,高楼层 (共24层) | 2004年 | 1室1厅 | 39.97平米 | 西,https://ke-image.ljcdn.com/110000-inspection/c607253b-829b-42d2-a354-6725c3f72992_1000.jpg!m_fill,w_280,h_210,f_jpg?from=ke.com
20241008,朝阳,大望路,101122611363,东四环内大郊亭地铁500米单价4万明亮三居室,660万,41235元/平,中楼层 (共18层) 3室2厅 | 160.06平米 | 东北,https://ke-image.ljcdn.com/110000-inspection/7616561f-c19e-4b05-b028-21a594f9b5b9_1000.jpg!m_fill,w_280,h_210,f_jpg?from=ke.com
20241008,朝阳,大望路,101122589684,户型方正 私密性好落地窗采光好,270万,51655元/平,低楼层 (共18层) | 2003年 | 1室0厅 | 52.27平米 | 北,https://ke-image.ljcdn.com/110000-inspection/34812900-7978-4a26-ba30-9d65c4020f58_1000.jpg!m_fill,w_280,h_210,f_jpg?from=ke.com
20241008,朝阳,大望路,101122565496,乐成豪丽  二次精装修 满五年唯一  随时看房房主自荐,456万,63893元/平,中楼层 (共12层) | 2008年 | 1室1厅 | 71.37平米 | 东,https://ke-image.ljcdn.com/110000-inspection/9a832368-70a1-40e8-932a-b1fdde4c790b_1000.jpg!m_fill,w_280,h_210,f_jpg?from=ke.com
20241008,朝阳,大望路,101122532319,满五唯一院内位置安静精装修诚意出售房主自荐,970万,84947元/平,低楼层 (共26层) 3室1厅 | 114.19平米 | 东北,https://ke-image.ljcdn.com/110000-inspection/pc1_Ub0CVGK4L.jpg!m_fill,w_280,h_210,f_jpg?from=ke.com
20241008,朝阳,大望路,101122456194,全明格局  满五唯一  看房方便,402万,67303元/平,低楼层 (共15层) | 2004年 | 1室1厅 | 59.73平米 | 南,https://ke-image.ljcdn.com/110000-inspection/2a368178-125b-441f-9992-ce9de73c6bf4_1000.jpg!m_fill,w_280,h_210,f_jpg?from=ke.com
20241008,朝阳,大望路,101122343501,中间楼层 无任何遮挡 室内采光好 小户型格局带燃气,509万,74809元/平,中楼层 (共10层) | 2003年 | 1室1厅 | 68.04平米 | 西,https://ke-image.ljcdn.com/110000-inspection/d8b5ce15-bfcc-4909-9caa-3a34558969ef_1000.jpg!m_fill,w_280,h_210,f_jpg?from=ke.com
20241008,朝阳,大望路,101122313239,后现代C区南向2居 高层位置佳 正对小区 采光视野好,555万,68115元/平,高楼层 (共18层) | 2007年 | 2室1厅 | 81.48平米 | 南,https://ke-image.ljcdn.com/110000-inspection/386282cb-7d8e-451d-bd92-221a1b30375b_1000.jpg!m_fill,w_280,h_210,f_jpg?from=ke.com
20241008,朝阳,大望路,101122154442,后现代城C区 定制精装修 对花园 安静 近地铁 合生汇,460万,66919元/平,低楼层 (共27层) | 2007年 | 2室1厅 | 68.74平米 | 北,https://ke-image.ljcdn.com/110000-inspection/2a9e2e10-c847-4d6b-8c33-edf6e07bae42_1000.jpg!m_fill,w_280,h_210,f_jpg?from=ke.com
20241008,朝阳,大望路,101122131219,风度柏林正规两居室 不临街  满五唯一,618万,92696元/平,中楼层 (共16层) | 2004年 | 2室1厅 | 66.67平米 | 西南,https://ke-image.ljcdn.com/110000-inspection/b98844ef-55f7-40c4-bd48-4355e9b67e41_1000.jpg!m_fill,w_280,h_210,f_jpg?from=ke.com
20241008,朝阳,大望路,101122120226,正对小区花园 居住安静 不临街 落地窗 采光好,314万,61970元/平,低楼层 (共18层) | 2004年 | 1室0厅 | 50.67平米 | 北,https://ke-image.ljcdn.com/110000-inspection/bcfa5638-edcd-4fa2-ae7b-e960b20576b1_1000.jpg!m_fill,w_280,h_210,f_jpg?from=ke.com
20241008,朝阳,大望路,101122107017,国贸CBD商圈房子满五唯一 高层 视野好,360万,71457元/平,高楼层 (共18层) | 2004年 | 1室1厅 | 50.38平米 | 东北,https://ke-image.ljcdn.com/110000-inspection/d7d4b9f5-2bd7-4b0b-ae94-9ae932479301_1000.jpg!m_fill,w_280,h_210,f_jpg?from=ke.com
20241008,朝阳,大望路,101122021412,高层视野好精装修满五年唯一,439万,63864元/平,中楼层 (共27层) | 2007年 | 2室1厅 | 68.74平米 | 南 北,https://ke-image.ljcdn.com/110000-inspection/pc1_i8VCEws5Y_1.jpg!m_fill,w_280,h_210,f_jpg?from=ke.com
20241008,朝阳,大望路,101121959454,风度柏林 南北通透两居室 热卖户型 保养很好拎包入住,829万,82463元/平,低楼层 (共16层) | 2004年 | 2室1厅 | 100.53平米 | 南 北,https://ke-image.ljcdn.com/110000-inspection/pc1_Zir4COxM9.jpg!m_fill,w_280,h_210,f_jpg?from=ke.com
20241008,朝阳,大望路,101121948898,商超边地铁口次新房！业主自住从未出租！诚心出售！,480万,69596元/平,中楼层 (共15层) | 2008年 | 1室1厅 | 68.97平米 | 东,https://ke-image.ljcdn.com/110000-inspection/pc1_vqtfU7vt7_1.jpg!m_fill,w_280,h_210,f_jpg?from=ke.com
20241008,朝阳,大望路,101121937628,后现代城C区 西向一居 采光充足,458万,71541元/平,中楼层 (共27层) | 2007年 | 1室1厅 | 64.02平米 | 西,https://ke-image.ljcdn.com/110000-inspection/f9b5653b-d922-4c85-b7d1-a33bf730e60a_1000.jpg!m_fill,w_280,h_210,f_jpg?from=ke.com
20241008,朝阳,大望路,101121850504,就是诚意   位置  位置  房龄1989年 首付首套100内房主自荐,239万,50412元/平,中楼层 (共6层) 1室1厅 | 47.41平米 | 南 北,https://ke-image.ljcdn.com/110000-inspection/b0cb0c5f-220d-4072-ac90-0107e09cc200_1000.jpg!m_fill,w_280,h_210,f_jpg?from=ke.com
20241008,朝阳,大望路,101121804713,后现代城A区  带玄关开间  独立阳台,247万,48853元/平,低楼层 (共14层) | 2004年 | 1室0厅 | 50.56平米 | 北,https://ke-image.ljcdn.com/110000-inspection/ed2c2f72-6726-463c-aa43-65277c4bcc7c_1000.jpg!m_fill,w_280,h_210,f_jpg?from=ke.com
20241008,朝阳,大望路,101121671956,后现代城A区 楼层好 视野宽阔 采光充足 配套设施齐全,500万,90172元/平,高楼层 (共20层) | 2003年 | 1室1厅 | 55.45平米 | 西,https://ke-image.ljcdn.com/110000-inspection/16eeb08d-f049-4450-a2d9-9aa9acff67a5_1000.jpg!m_fill,w_280,h_210,f_jpg?from=ke.com
20241008,朝阳,大望路,101121671727,南向一居室  户型方正  2梯8户  人车分流,569万,81824元/平,中楼层 (共20层) 1室1厅 | 69.54平米 | 南,https://ke-image.ljcdn.com/110000-inspection/pc1_ipJtTdM37_1.jpg!m_fill,w_280,h_210,f_jpg?from=ke.com
20241008,朝阳,大望路,101121657574,大望路 乐成豪丽 高楼层 三居室,945万,68999元/平,高楼层 (共15层) | 2008年 | 3室2厅 | 136.96平米 | 西 北,https://ke-image.ljcdn.com/110000-inspection/pc1_txgWZtc14_1.jpg!m_fill,w_280,h_210,f_jpg?from=ke.com
20241008,朝阳,大望路,101121603506,金港国际南北通透两居室  高楼层 视野佳,999万,92117元/平,中楼层 (共8层) 2室1厅 | 108.45平米 | 南 北,https://ke-image.ljcdn.com/110000-inspection/98a0cb34-ece7-4e20-84de-9f1163de2961_1000.jpg!m_fill,w_280,h_210,f_jpg?from=ke.com
20241008,朝阳,大望路,101121602660,满五年唯一大落地窗视野无遮挡,215万,42855元/平,底层 (共18层) | 2004年 | 1室0厅 | 50.17平米 | 北,https://ke-image.ljcdn.com/110000-inspection/6e264dc1-eaa7-46da-b90d-b53c3efb7108_1000.jpg!m_fill,w_280,h_210,f_jpg?from=ke.com
20241008,朝阳,大望路,101121563789,金港国际 正规一居室 双地铁换乘 人车分流,528万,77602元/平,中楼层 (共10层) | 2003年 | 1室1厅 | 68.04平米 | 西,https://ke-image.ljcdn.com/110000-inspection/pc1_z7vjhop0R.jpg!m_fill,w_280,h_210,f_jpg?from=ke.com
20241008,朝阳,大望路,101121552753,2008年商品房大面宽短进深融创物业地铁14号线,1070万,80168元/平,高楼层 (共20层) | 2009年 | 3室2厅 | 133.47平米 | 南 北,https://ke-image.ljcdn.com/110000-inspection/pc1_BvtdhOs4F.jpg!m_fill,w_280,h_210,f_jpg?from=ke.com
20241008,朝阳,大望路,101121534677,好房推荐 珠江帝景 小区中间位置 满五唯一,1780万,108445元/平,中楼层 (共26层) | 2004年 | 3室1厅 | 164.14平米 | 南,https://ke-image.ljcdn.com/110000-inspection/pc1_8HJxwPqRQ_1.jpg!m_fill,w_280,h_210,f_jpg?from=ke.com
20241008,朝阳,大望路,101121482348,国贸CBD 北向开间 视野开阔 无遮挡 采光很好,319万,69153元/平,中楼层 (共18层) | 2004年 | 1室0厅 | 46.13平米 | 北,https://ke-image.ljcdn.com/110000-inspection/pc1_z1fJMns2Q_1.jpg!m_fill,w_280,h_210,f_jpg?from=ke.com
20241008,朝阳,大望路,101121414307,乐成豪丽 满五年唯一 全明格局 高层视野好 保养好,655万,80675元/平,高楼层 (共12层) | 2008年 | 1室1厅 | 81.19平米 | 东北,https://ke-image.ljcdn.com/110000-inspection/pc1_LU9P4CX5R.jpg!m_fill,w_280,h_210,f_jpg?from=ke.com
20241008,朝阳,大望路,101121395688,后现代城开间全落地大窗全明格局房主自荐,280万,61634元/平,中楼层 (共20层) | 2003年 | 1室0厅 | 45.43平米 | 北,https://ke-image.ljcdn.com/110000-inspection/c6116717-5e3a-4a47-bc37-07c3dbc34984_1000.jpg!m_fill,w_280,h_210,f_jpg?from=ke.com
20241008,朝阳,大望路,101121320048,满五年唯一国贸CBD商圈近地铁、商场、公园,280万,60476元/平,顶层 (共18层) | 2004年 | 1室0厅 | 46.3平米 | 北,https://ke-image.ljcdn.com/110000-inspection/pc1_C8KtYE1zG_1.jpg!m_fill,w_280,h_210,f_jpg?from=ke.com
20241008,朝阳,大望路,101121181288,一层  朝小区内 挨着小区内部路,298万,64601元/平,底层 (共18层) | 2004年 | 1室0厅 | 46.13平米 | 北,https://ke-image.ljcdn.com/110000-inspection/pc1_LVfdKFrWK_1.jpg!m_fill,w_280,h_210,f_jpg?from=ke.com
20241008,朝阳,大望路,101121166223,珠江帝景新博悦；南北通透；四居,1460万,101411元/平,高楼层 (共17层) | 2009年 | 4室2厅 | 143.97平米 | 南 北,https://ke-image.ljcdn.com/110000-inspection/pc1_OZLRrx2IA_1.jpg!m_fill,w_280,h_210,f_jpg?from=ke.com
20241008,朝阳,大望路,101121053128,全明格局南北通透业主诚意出售看房预约房主自荐,387万,58477元/平,中楼层 (共6层) 2室1厅 | 66.18平米 | 南 北,https://ke-image.ljcdn.com/110000-inspection/pc1_KvsgVnidO.jpg!m_fill,w_280,h_210,f_jpg?from=ke.com
20241008,朝阳,大望路,101121007744,动静分离  封闭式管理  2梯4户  视野采光好,555万,63234元/平,中楼层 (共20层) | 2003年 | 1室1厅 | 87.77平米 | 西北,https://ke-image.ljcdn.com/110000-inspection/9db77b13-9043-4a92-8095-f1ddf5cc99e4_1000.jpg!m_fill,w_280,h_210,f_jpg?from=ke.com
20241008,朝阳,大望路,101120940146,风度柏林 中楼层 精装修 不临街,539万,79102元/平,低楼层 (共22层) 1室1厅 | 68.14平米 | 东,https://ke-image.ljcdn.com/110000-inspection/1182e018-06c4-4eb6-9bf1-3203e599ca4e_1000.jpg!m_fill,w_280,h_210,f_jpg?from=ke.com
20241008,朝阳,大望路,101120897580,南向三居室满五唯一户型方正正看百子湾公园,868万,69026元/平,中楼层 (共28层) | 2007年 | 3室2厅 | 125.75平米 | 东南 南,https://ke-image.ljcdn.com/110000-inspection/dcb93a4d-9572-4a19-a2b4-68cba5518220_1000.jpg!m_fill,w_280,h_210,f_jpg?from=ke.com
20241008,朝阳,大望路,101120882965,金港国际高层一居室西向采光充足视野开阔。,450万,68483元/平,高楼层 (共10层) | 2003年 | 1室1厅 | 65.71平米 | 西,https://ke-image.ljcdn.com/110000-inspection/pc1_xKSFJAWuE_1.jpg!m_fill,w_280,h_210,f_jpg?from=ke.com
20241008,朝阳,大望路,101120854580,后现代城B区  户型方正  落地窗,440万,39441元/平,中楼层 (共14层) 2室1厅 | 111.56平米 | 北,https://ke-image.ljcdn.com/110000-inspection/c00d3c86-b886-40bc-aff1-9e98373dfb39_1000.jpg!m_fill,w_280,h_210,f_jpg?from=ke.com
20241008,朝阳,大望路,101120638067,万科蓝山万科物业板楼一梯一户南北通透3居采光视野好,1700万,102047元/平,中楼层 (共25层) | 2012年 | 3室2厅 | 166.59平米 | 南 北,https://ke-image.ljcdn.com/110000-inspection/pc1_I4yfOD8a5_1.jpg!m_fill,w_280,h_210,f_jpg?from=ke.com
20241008,朝阳,大望路,101120603465,后现代城A区 正对小区花园两居室 安静不临街,620万,74288元/平,低楼层 (共14层) | 2003年 | 2室1厅 | 83.46平米 | 南,https://ke-image.ljcdn.com/110000-inspection/a2d4a594-00a8-4cec-b257-0a630b10a9c0_1000.jpg!m_fill,w_280,h_210,f_jpg?from=ke.com
20241008,朝阳,大望路,101120489815,地铁口全明格局明厨明卫 户型方正一梯三户,388万,68856元/平,底层 (共15层) | 2004年 | 1室1厅 | 56.35平米 | 东北,https://ke-image.ljcdn.com/110000-inspection/pc1_bvZog9oCM_1.jpg!m_fill,w_280,h_210,f_jpg?from=ke.com
20241008,朝阳,大望路,101120475535,国贸CBD 后现代城 满五唯一 拎包入住 近公园合生汇,500万,79290元/平,中楼层 (共14层) | 2004年 | 1室1厅 | 63.06平米 | 南,https://ke-image.ljcdn.com/110000-inspection/pc1_oLRcOKhbA_1.jpg!m_fill,w_280,h_210,f_jpg?from=ke.com
20241008,朝阳,大望路,101120411953,金港国际东向开间洋房社区户型方正无遮挡,311万,68217元/平,中楼层 (共11层) 1室0厅 | 45.59平米 | 东,https://ke-image.ljcdn.com/110000-inspection/81aee6b1-fd52-4a20-8c81-f389de4be11a_1000.jpg!m_fill,w_280,h_210,f_jpg?from=ke.com
20241008,朝阳,大望路,101120218057,四环内板楼洋房社区 南北通透两居室 看房随时,940万,81379元/平,中楼层 (共7层) | 2005年 | 2室2厅 | 115.51平米 | 南 北,https://ke-image.ljcdn.com/110000-inspection/75f2bfe7-18f1-454c-9bf6-b3e507fdb863_1000.jpg!m_fill,w_280,h_210,f_jpg?from=ke.com
20241008,朝阳,大望路,101120153434,后现代城A区全明格局三居室！南北通透,680万,61223元/平,中楼层 (共14层) | 2004年 | 3室1厅 | 111.07平米 | 南 西南 北,https://ke-image.ljcdn.com/110000-inspection/68d1d3e4-d903-4184-84e4-330e4e2fc121_1000.jpg!m_fill,w_280,h_210,f_jpg?from=ke.com
20241008,朝阳,大望路,101119974787,满五年唯一单独产权诚意出售随时看房房主自荐,450万,76648元/平,低楼层 (共15层) | 2004年 | 1室1厅 | 58.71平米 | 东北,https://ke-image.ljcdn.com/110000-inspection/pc1_pc4JW5XY7.jpg!m_fill,w_280,h_210,f_jpg?from=ke.com
20241008,朝阳,大望路,101119921122,国贸CBD 百子湾 后现代城 南向 满五唯一 近公园 地铁,410万,55874元/平,底层 (共28层) | 2006年 | 1室1厅 | 73.38平米 | 南,https://ke-image.ljcdn.com/110000-inspection/4145810b-2b55-4de3-9bdd-8e3ad713deeb_1000.jpg!m_fill,w_280,h_210,f_jpg?from=ke.com
20241008,朝阳,大望路,101119743622,金茂府北区 产权面积多28平米 9号楼南北四居室,3300万,139100元/平,顶层 (共18层) 4室2厅 | 237.24平米 | 南 北,https://ke-image.ljcdn.com/110000-inspection/ef7a4035-2b33-4476-a773-53de2f4ce89b_1000.jpg!m_fill,w_280,h_210,f_jpg?from=ke.com
20241008,朝阳,大望路,101119742161,金港国际  南北一居室   诚意出售,540万,65360元/平,底层 (共7层) | 2005年 | 1室1厅 | 82.62平米 | 南 北,https://ke-image.ljcdn.com/110000-inspection/326d7b5e-c78a-4994-8f2d-c5b8e3b16ae1_1000.jpg!m_fill,w_280,h_210,f_jpg?from=ke.com
20241008,朝阳,大望路,101119605609,南向采光好户型方正大落地窗,400万,36911元/平,低楼层 (共14层) | 2004年 | 2室1厅 | 108.37平米 | 南,https://ke-image.ljcdn.com/110000-inspection/pc1_QlF6zTsK0_1.jpg!m_fill,w_280,h_210,f_jpg?from=ke.com
20241008,朝阳,大望路,101119603032,易构空间全明格局中间楼层满五唯一精装一居室,458万,69722元/平,中楼层 (共24层) | 2004年 | 1室1厅 | 65.69平米 | 东北,https://ke-image.ljcdn.com/110000-inspection/pc1_7MgAxYZRu_1.jpg!m_fill,w_280,h_210,f_jpg?from=ke.com
20241008,朝阳,大望路,101119588589,地材宿舍临大望路商圈 全南两居,286万,54737元/平,中楼层 (共5层) | 1992年 | 2室1厅 | 52.25平米 | 南,https://ke-image.ljcdn.com/110000-inspection/pc1_HhKA44oW4_1.jpg!m_fill,w_280,h_210,f_jpg?from=ke.com
20241008,朝阳,大望路,101119542313,后现代城C区 正对小区院里安静不临街,530万,61180元/平,低楼层 (共28层) | 2007年 | 2室1厅 | 86.63平米 | 东,https://ke-image.ljcdn.com/110000-inspection/pc1_xat8OTz09.jpg!m_fill,w_280,h_210,f_jpg?from=ke.com
20241008,朝阳,大望路,101119467087,金茂府北区 3号楼中楼层 三面花园,4850万,124235元/平,低楼层 (共17层) 4室3厅 | 390.39平米 | 东 南 北,https://ke-image.ljcdn.com/110000-inspection/pc1_tuB1s3KZM_1.jpg!m_fill,w_280,h_210,f_jpg?from=ke.com
20241008,朝阳,大望路,101119441142,南北通透1梯2户纯板楼金地物业管理管家式服务.,1899万,104238元/平,中楼层 (共11层) | 2007年 | 3室2厅 | 182.18平米 | 南 北,https://ke-image.ljcdn.com/110000-inspection/pc1_5JxhDUbUf.jpg!m_fill,w_280,h_210,f_jpg?from=ke.com
20241008,朝阳,大望路,101119403425,乐成豪丽南北通透两居室 高层采光无遮挡 视野佳,850万,62158元/平,高楼层 (共13层) | 2008年 | 2室1厅 | 136.75平米 | 南 北,https://ke-image.ljcdn.com/110000-inspection/pc1_ra6lw9NST.jpg!m_fill,w_280,h_210,f_jpg?from=ke.com
20241008,朝阳,大望路,101119334957,后现代城C区双卫三居带阳台正看公园随时看房,980万,75711元/平,低楼层 (共27层) | 2007年 | 3室2厅 | 129.44平米 | 东南,https://ke-image.ljcdn.com/110000-inspection/78e27ae6-3f2e-4803-9053-857f8f518ef7_1000.jpg!m_fill,w_280,h_210,f_jpg?from=ke.com
20241008,朝阳,大望路,101119278910,金茂府东区科技大宅 诚意出售看房方便房主自荐,2380万,118250元/平,中楼层 (共24层) | 2013年 | 3室2厅 | 201.27平米 | 南 北,https://ke-image.ljcdn.com/110000-inspection/pc1_6RaQXZuxn_1.jpg!m_fill,w_280,h_210,f_jpg?from=ke.com
20241008,朝阳,大望路,101119227983,西向不临街户型方正带阳台诚意出售,448万,64778元/平,低楼层 (共12层) | 2008年 | 1室1厅 | 69.16平米 | 西,https://ke-image.ljcdn.com/110000-inspection/pc1_JoLOiI1TY_1.jpg!m_fill,w_280,h_210,f_jpg?from=ke.com
20241008,朝阳,大望路,101119197809,金港国际南北通透两居室  无遮挡 视野好,1039万,90997元/平,低楼层 (共9层) 2室2厅 | 114.18平米 | 南 北,https://ke-image.ljcdn.com/110000-inspection/a3867273-6bd9-4ee7-b00c-b7364e756cbb_1000.jpg!m_fill,w_280,h_210,f_jpg?from=ke.com
20241008,朝阳,大望路,101118968141,后现代城C区 满五唯一南向 百子湾公园地铁7号线,380万,70488元/平,低楼层 (共18层) | 2008年 | 1室1厅 | 53.91平米 | 南,https://ke-image.ljcdn.com/110000-inspection/af3d28ba-df20-425e-8283-f1e1aa1c0f70_1000.jpg!m_fill,w_280,h_210,f_jpg?from=ke.com
20241008,朝阳,大望路,101118927402,易构空间 西北两居室 户型方正 采光充足房主自荐,610万,64977元/平,低楼层 (共28层) | 2004年 | 2室2厅 | 93.88平米 | 西北,https://ke-image.ljcdn.com/110000-inspection/6ff7e999-bd9e-4ac6-862c-a04b3e168db0_1000.jpg!m_fill,w_280,h_210,f_jpg?from=ke.com
20241008,朝阳,大望路,101118711295,易构空间中高层精装修满五唯一西向开间,230万,60068元/平,中楼层 (共24层) | 2004年 | 1室1厅 | 38.29平米 | 西,https://ke-image.ljcdn.com/110000-inspection/pc1_a63d2972h_2.jpg!m_fill,w_280,h_210,f_jpg?from=ke.com
20241008,朝阳,大望路,101118703785,石韵浩庭 1室1厅 东北,460万,78432元/平,低楼层 (共15层) | 2004年 | 1室1厅 | 58.65平米 | 东北,https://ke-image.ljcdn.com/110000-inspection/pc1_lIuMZQL85.jpg!m_fill,w_280,h_210,f_jpg?from=ke.com
20241008,朝阳,大望路,101118691080,后现代城B区70年产权住宅户型方正,370万,32304元/平,中楼层 (共14层) 1室1厅 | 114.54平米 | 北,https://ke-image.ljcdn.com/110000-inspection/f73a25b1-7fef-4059-a794-97e20e1e7826_1000.jpg!m_fill,w_280,h_210,f_jpg?from=ke.com
20241008,朝阳,大望路,101118663925,户型方正  双地铁交汇   人车分流  满五年V1,509万,73196元/平,低楼层 (共20层) 1室1厅 | 69.54平米 | 西,https://ke-image.ljcdn.com/110000-inspection/pc1_mKIpvl0yF_1.jpg!m_fill,w_280,h_210,f_jpg?from=ke.com
20241008,朝阳,大望路,101118585118,后现代城A区 精装修三居室 环境好,830万,62898元/平,中楼层 (共14层) | 2004年 | 3室1厅 | 131.96平米 | 南,https://ke-image.ljcdn.com/110000-inspection/65efefba-070b-4422-908e-fa44df7bbbc8_1000.jpg!m_fill,w_280,h_210,f_jpg?from=ke.com
20241008,朝阳,大望路,101118418702,采光视野好朝小区 安静不临街,525万,66956元/平,中楼层 (共28层) | 2006年 | 1室1厅 | 78.41平米 | 南,https://ke-image.ljcdn.com/110000-inspection/01e18253-6099-40cd-a6ca-4d3ea9d734ce_1000.jpg!m_fill,w_280,h_210,f_jpg?from=ke.com
20241008,朝阳,大望路,101118347869,乐成豪丽东向一居室采光好 满五唯一,528万,75000元/平,中楼层 (共12层) | 2008年 | 1室1厅 | 70.4平米 | 东,https://ke-image.ljcdn.com/110000-inspection/pc1_gS6cOddl9_1.jpg!m_fill,w_280,h_210,f_jpg?from=ke.com
20241008,朝阳,大望路,101118235649,后现代城B区 安静不临街 方正一居室,408万,79610元/平,底层 (共14层) | 2004年 | 1室1厅 | 51.25平米 | 西,https://ke-image.ljcdn.com/110000-inspection/14cebbc3-fcc4-4707-bc41-39adda26a20d_1000.jpg!m_fill,w_280,h_210,f_jpg?from=ke.com
20241008,朝阳,大望路,101118069781,后现代城C区 满五唯一 全新装修 高层视野好,472万,64236元/平,顶层 (共18层) 1室1厅 | 73.48平米 | 东 西北,https://ke-image.ljcdn.com/110000-inspection/pc1_g7fCyFTcZ_1.jpg!m_fill,w_280,h_210,f_jpg?from=ke.com
20241008,朝阳,大望路,101118064275,满五年唯一 高层看国贸 管家服务 改善三室,860万,62793元/平,中楼层 (共15层) | 2008年 | 3室2厅 | 136.96平米 | 西北,https://ke-image.ljcdn.com/110000-inspection/pc1_qmsVinwBx_1.jpg!m_fill,w_280,h_210,f_jpg?from=ke.com
20241008,朝阳,大望路,101117925840,金港国际 一层底商 对外开门 业主诚意出售,450万,56733元/平,底层 (共7层) | 2005年 | 1室1厅 | 79.32平米 | 南 北,https://ke-image.ljcdn.com/110000-inspection/cbd8e070-a5b0-43ac-ba91-c7b4c1206029_1000.jpg!m_fill,w_280,h_210,f_jpg?from=ke.com
20241008,朝阳,大望路,101117604408,楼层高视野好东向可享受阳光沐浴精装修拎包入住,506万,74742元/平,高楼层 (共15层) | 2008年 | 1室1厅 | 67.7平米 | 东,https://ke-image.ljcdn.com/110000-inspection/pc1_kGS3r8Qaz.jpg!m_fill,w_280,h_210,f_jpg?from=ke.com
20241008,朝阳,大望路,101117089155,后现代城B区 70年产权住宅 民水民电,430万,37470元/平,中楼层 (共14层) | 2004年 | 3室1厅 | 114.76平米 | 北,https://ke-image.ljcdn.com/110000-inspection/pc1_YmhJ5mJ1K_2.jpg!m_fill,w_280,h_210,f_jpg?from=ke.com
20241008,朝阳,大望路,101116965430,业主诚意出售南北通透大一居户型方正,580万,71140元/平,底层 (共18层) | 2006年 | 2室1厅 | 81.53平米 | 南 西 北,https://ke-image.ljcdn.com/110000-inspection/63452024-72d6-4b5d-a14e-cc0b0fbf37f5_1000.jpg!m_fill,w_280,h_210,f_jpg?from=ke.com
20241008,朝阳,大望路,101116838355,南北通透三居室看房方便满五年唯一,880万,79230元/平,低楼层 (共14层) | 2004年 | 3室1厅 | 111.07平米 | 南 北 东,https://ke-image.ljcdn.com/110000-inspection/prod-28bb929b-8d61-4fad-b0df-da5b929901f3.jpg!m_fill,w_280,h_210,f_jpg?from=ke.com
20241008,朝阳,大望路,101116773141,易构空间全明格局一居室户型方正采光无遮挡,408万,65301元/平,低楼层 (共24层) | 2004年 | 1室1厅 | 62.48平米 | 东北,https://ke-image.ljcdn.com/110000-inspection/bf112360-0176-4cbd-8e35-d4f90a9ffbad_1000.jpg!m_fill,w_280,h_210,f_jpg?from=ke.com
20241008,朝阳,大望路,101115999835,易构空间板楼一梯两户南北通透三居室高楼层采光好,930万,74395元/平,高楼层 (共14层) | 2004年 | 3室2厅 | 125.01平米 | 南 北,https://ke-image.ljcdn.com/110000-inspection/fcfd47e0-c9c7-455a-bc6e-89c42a8dd589_1000.jpg!m_fill,w_280,h_210,f_jpg?from=ke.com
20241008,朝阳,大望路,101114743303,金港国际高层景观东向一居室户型方正房主自荐,399万,72349元/平,顶层 (共10层) | 2003年 | 1室1厅 | 55.15平米 | 东,https://ke-image.ljcdn.com/110000-inspection/d6d84bd0-ece2-4167-af75-9fe07eaddf4d_1000.jpg!m_fill,w_280,h_210,f_jpg?from=ke.com
20241008,朝阳,大望路,101114704384,南北通透一居室户型好双地铁换乘周边配套齐全。房主自荐,665万,85984元/平,底层 (共14层) | 2003年 | 1室1厅 | 77.34平米 | 南 北,https://ke-image.ljcdn.com/110000-inspection/b162ecd2-c41f-462f-a417-02112f04c6fd_1000.jpg!m_fill,w_280,h_210,f_jpg?from=ke.com
20241008,朝阳,大望路,101109580726,禧福汇 满五年 南向开间 业主诚意出售 看房方便,329万,74233元/平,低楼层 (共20层) | 2009年 | 1室1厅 | 44.32平米 | 南,https://ke-image.ljcdn.com/110000-inspection/pc1_LFLKLACJQ_1.jpg!m_fill,w_280,h_210,f_jpg?from=ke.com
20241008,朝阳,大望路,101109241765,后现代城西向对花园  看房提前约,490万,58718元/平,高楼层 (共18层) | 2008年 | 2室1厅 | 83.45平米 | 西,https://ke-image.ljcdn.com/110000-inspection/82abf16e-12b3-48e9-83ed-a20aae841249_1000.jpg!m_fill,w_280,h_210,f_jpg?from=ke.com
20241008,朝阳,大望路,101126951183,珠江帝景新博悦 2室1厅 南,1090万,121544元/平,中楼层 (共17层) | 2009年 | 2室1厅 | 89.68平米 | 南,https://ke-image.ljcdn.com/110000-inspection/1b670668-886c-4394-a332-fbe5c95e800b_1000.jpg!m_fill,w_280,h_210,f_jpg?from=ke.com
20241008,朝阳,大望路,101126920412,珠江帝景C区南北优质三居采光视野良好满五唯一新上,1430万,94024元/平,中楼层 (共16层) 3室2厅 | 152.09平米 | 南 北,https://ke-image.ljcdn.com/110000-inspection/b6899425-c989-4c45-a50d-f40c22ad5a88_1000.jpg!m_fill,w_280,h_210,f_jpg?from=ke.com
20241008,朝阳,大望路,101126918348,后现代城A区 1室0厅 北新上,269万,59212元/平,高楼层 (共20层) | 2003年 | 1室0厅 | 45.43平米 | 北,https://ke-image.ljcdn.com/110000-inspection/pc1_g1Fhi9soM.jpg!m_fill,w_280,h_210,f_jpg?from=ke.com
20241008,朝阳,大望路,101126857973,东方雅苑南北通透 满五唯一 明厨明卫 前后花园新上,1185万,82378元/平,高楼层 (共12层) | 2007年 | 3室1厅 | 143.85平米 | 南 北,https://ke-image.ljcdn.com/110000-inspection/9771c1fb-f3b6-4723-9008-f67527812fc9_1000.jpg!m_fill,w_280,h_210,f_jpg?from=ke.com
20241008,朝阳,大望路,101126856635,此房业主诚意卖小户型独立卫生间厨房。户型方正新上,205万,54190元/平,底层 (共14层) | 2004年 | 1室0厅 | 37.83平米 | 北,https://ke-image.ljcdn.com/110000-inspection/3616bb29-7d6a-469a-ae9b-e66a5c4d1071_1000.jpg!m_fill,w_280,h_210,f_jpg?from=ke.com
20241008,朝阳,大望路,101126841608,花园洋房满五年唯一全明格局新上,1760万,121071元/平,中楼层 (共4层) 3室2厅 | 145.37平米 | 南 北,https://ke-image.ljcdn.com/110000-inspection/8c7d2f22-7d98-4d46-8c16-da6470d329c2_1000.jpg!m_fill,w_280,h_210,f_jpg?from=ke.com
20241008,朝阳,大望路,101126836108,双地铁换乘 中间层 无遮挡 满五唯一 诚意出售,193万,47737元/平,中楼层 (共24层) | 2004年 | 1室0厅 | 40.43平米 | 东,https://ke-image.ljcdn.com/110000-inspection/d213ef31-74f0-480c-a177-53c84ad49565_1000.jpg!m_fill,w_280,h_210,f_jpg?from=ke.com
20241008,朝阳,大望路,101126820465,后现代城A区 3室2厅 东南 南,1080万,66523元/平,中楼层 (共20层) | 2003年 | 3室2厅 | 162.35平米 | 东南 南,https://ke-image.ljcdn.com/110000-inspection/0df5fcb5-7f6a-4ffb-8512-d7e3a5704a49_1000.jpg!m_fill,w_280,h_210,f_jpg?from=ke.com
20241008,朝阳,大望路,101126817064,南向采光好看房随时  满五年唯一自住装修好,299万,52874元/平,底层 (共18层) | 2008年 | 1室1厅 | 56.55平米 | 东南,https://ke-image.ljcdn.com/110000-inspection/ab9cbb92-a248-4e0f-8b90-a9bd8fa013ad_1000.jpg!m_fill,w_280,h_210,f_jpg?from=ke.com
20241008,朝阳,大望路,101126771468,金茂府北区8号楼高层5居 1梯1户恒温恒湿科技住宅房主自荐,4500万,134864元/平,中楼层 (共18层) | 2012年 | 5室2厅 | 333.67平米 | 南 北,https://ke-image.ljcdn.com/110000-inspection/pc1_W2ROW9x8o_2.jpg!m_fill,w_280,h_210,f_jpg?from=ke.com
20241008,朝阳,大望路,101126744138,珠江帝景 2室1厅 北,1080万,87146元/平,中楼层 (共26层) | 2004年 | 2室1厅 | 123.93平米 | 北,https://ke-image.ljcdn.com/110000-inspection/ee327e23-77e7-43df-89e3-828afc0c6c5c_1000.jpg!m_fill,w_280,h_210,f_jpg?from=ke.com
20241008,朝阳,大望路,101126716967,金茂府北区 开发商重新装修 四居室加保姆间,4490万,147766元/平,中楼层 (共18层) 4室2厅 | 303.86平米 | 西 南 北,https://ke-image.ljcdn.com/110000-inspection/pc1_WEjCdKhzQ_1.jpg!m_fill,w_280,h_210,f_jpg?from=ke.com
20241008,朝阳,大望路,101126670228,后现代城D区 3室1厅 东南,850万,64837元/平,高楼层 (共28层) | 2006年 | 3室1厅 | 131.1平米 | 东南,https://ke-image.ljcdn.com/110000-inspection/pc1_x8GIctelt_1.jpg!m_fill,w_280,h_210,f_jpg?from=ke.com
20241008,朝阳,大望路,101126656782,满五唯一 南向采光好 门口双地铁 有钥匙随时看,730万,76384元/平,底层 (共17层) | 2005年 | 2室1厅 | 95.57平米 | 东,https://ke-image.ljcdn.com/110000-inspection/pc1_Att4wHjme.jpg!m_fill,w_280,h_210,f_jpg?from=ke.com
20241008,朝阳,大望路,101126650322,国贸CBD 后现代城  满五唯一 近公园 地铁,280万,51824元/平,底层 (共18层) | 2008年 | 1室1厅 | 54.03平米 | 西北,https://ke-image.ljcdn.com/110000-inspection/e98c8120-2720-413c-866a-fcac28e82cce_1000.jpg!m_fill,w_280,h_210,f_jpg?from=ke.com
20241008,朝阳,大望路,101126649814,珠江帝景下跃户型  带下沉花园  私密庭院 精装修房主自荐,1770万,110840元/平,底层 (共17层) 6室2厅 | 159.69平米 | 南,https://ke-image.ljcdn.com/110000-inspection/74607c2b-d409-4d60-9ab4-4995ee41b9f4_1000.jpg!m_fill,w_280,h_210,f_jpg?from=ke.com
20241008,朝阳,大望路,101126570144,珠江帝景博悦 2室2厅 南,1150万,101824元/平,低楼层 (共15层) 2室2厅 | 112.94平米 | 南,https://ke-image.ljcdn.com/110000-inspection/pc1_h6bkNPjFc.jpg!m_fill,w_280,h_210,f_jpg?from=ke.com
20241008,朝阳,大望路,101126528855,珠江帝景博悦 3室2厅 南 北,1499万,93147元/平,低楼层 (共15层) | 2009年 | 3室2厅 | 160.93平米 | 南 北,https://ke-image.ljcdn.com/110000-inspection/pc1_BzRi8nTNz_1.jpg!m_fill,w_280,h_210,f_jpg?from=ke.com
20241008,朝阳,大望路,101126517432,双井大望路 东南向两居室 落地窗 有阳台 装修好,650万,72553元/平,高楼层 (共18层) | 2004年 | 2室1厅 | 89.59平米 | 南,https://ke-image.ljcdn.com/110000-inspection/pc1_UZaBYSIAA_1.jpg!m_fill,w_280,h_210,f_jpg?from=ke.com
20241008,朝阳,大望路,101126511246,乐成公馆南北通透一梯两户纯板楼全明格局 有钥匙,1798万,98171元/平,中楼层 (共11层) | 2007年 | 3室2厅 | 183.15平米 | 南 北,https://ke-image.ljcdn.com/110000-inspection/pc1_GKYmciVad_1.jpg!m_fill,w_280,h_210,f_jpg?from=ke.com
20241008,朝阳,大望路,101126492384,金港国际复式使用空间大事业采光好户型方正,1730万,98824元/平,顶层 (共9层) 5室1厅 | 175.06平米 | 南 北,https://ke-image.ljcdn.com/110000-inspection/de7a14a6-c04c-4303-8fe3-b458e203636d_1000.jpg!m_fill,w_280,h_210,f_jpg?from=ke.com
20241008,朝阳,大望路,101126491207,两梯三户板楼 满五年唯一 北排看小区花园 重新装修,1150万,100472元/平,中楼层 (共15层) 2室2厅 | 114.46平米 | 南,https://ke-image.ljcdn.com/110000-inspection/a824fbf8-fd0e-4cda-9dd5-f726229e2bc1_1000.jpg!m_fill,w_280,h_210,f_jpg?from=ke.com
20241008,朝阳,大望路,101126475328,佳兆业广场 高层观景 南北通透,4999万,103611元/平,中楼层 (共40层) | 2018年 | 3室1厅 | 482.48平米 | 东南 西北,https://ke-image.ljcdn.com/110000-inspection/e0039cd1-1c36-44a0-b43d-c29873bf21e8_1000.jpg!m_fill,w_280,h_210,f_jpg?from=ke.com
20241008,朝阳,大望路,101126459707,满五年唯一节约购房成本。南北户型采光好,385万,53185元/平,中楼层 (共6层) 2室1厅 | 72.39平米 | 南 北,https://ke-image.ljcdn.com/110000-inspection/pc1_qN1jmP0ux.jpg!m_fill,w_280,h_210,f_jpg?from=ke.com
20241008,朝阳,大望路,101126437106,西大望路12号院 1室1厅 南 北,288万,60747元/平,顶层 (共6层) 1室1厅 | 47.41平米 | 南 北,https://ke-image.ljcdn.com/110000-inspection/pc1_JikMzT0v9.jpg!m_fill,w_280,h_210,f_jpg?from=ke.com
20241008,朝阳,大望路,101126424563,风度柏林一层30平米院满五唯一明厨明卫,750万,73653元/平,底层 (共11层) | 2004年 | 2室1厅 | 101.83平米 | 东 西,https://ke-image.ljcdn.com/110000-inspection/9f997de1-5e9a-44e6-976a-f12d75f59488_1000.jpg!m_fill,w_280,h_210,f_jpg?from=ke.com
20241008,朝阳,大望路,101126412111,2012年次新房万科蓝山一梯一户眼镜户型高层三居,1500万,90042元/平,中楼层 (共25层) | 2012年 | 3室1厅 | 166.59平米 | 北 南,https://ke-image.ljcdn.com/110000-inspection/af0d819a-7071-47b4-93a6-b526ba7b3ae7_1000.jpg!m_fill,w_280,h_210,f_jpg?from=ke.com
20241008,朝阳,大望路,101126411091,易构空间 精装修两居室 业主诚心出售,375万,53950元/平,低楼层 (共28层) | 2004年 | 2室1厅 | 69.51平米 | 东北,https://ke-image.ljcdn.com/110000-inspection/3303a2a3-9cf8-4d9d-990c-507226ce3504_1000.jpg!m_fill,w_280,h_210,f_jpg?from=ke.com
20241008,朝阳,大望路,101126378315,全新装修 边户双明卫 接受周期 新风地暖中央空调房主自荐,1650万,109759元/平,中楼层 (共16层) | 2009年 | 3室2厅 | 150.33平米 | 南 北,https://ke-image.ljcdn.com/110000-inspection/97b228a6-2e29-400f-b367-e773420241f4_1000.jpg!m_fill,w_280,h_210,f_jpg?from=ke.com
20241008,朝阳,大望路,101126351970,满五年唯一 高层采光好 随时可看 接受周期 不临街,820万,105548元/平,高楼层 (共15层) 2室1厅 | 77.69平米 | 西,https://ke-image.ljcdn.com/110000-inspection/5cb36893-a1c8-4c4d-9496-6832441693b5_1000.jpg!m_fill,w_280,h_210,f_jpg?from=ke.com
20241008,朝阳,大望路,101126348429,后现代城正规两居室 户型方正 精装修,555万,68418元/平,中楼层 (共28层) | 2007年 | 2室1厅 | 81.12平米 | 东北,https://ke-image.ljcdn.com/110000-inspection/7e6d3e37-d4af-4c42-bf8e-36b18516f5f2_1000.jpg!m_fill,w_280,h_210,f_jpg?from=ke.com
20241008,朝阳,大望路,101126323173,珠江帝景  高层观景  视野好 满五年 大面宽房主自荐,1350万,84965元/平,中楼层 (共25层) 4室1厅 | 158.89平米 | 西南,https://ke-image.ljcdn.com/110000-inspection/99ba98ab-51aa-40e0-b875-e556182c8d2a_1000.jpg!m_fill,w_280,h_210,f_jpg?from=ke.com
20241008,朝阳,大望路,101126321758,珠江帝景 3室1厅 东南房主自荐,1380万,86853元/平,中楼层 (共25层) 3室1厅 | 158.89平米 | 东南,https://ke-image.ljcdn.com/110000-inspection/33221654-b4c1-4dc2-966e-896337632ae1_1000.jpg!m_fill,w_280,h_210,f_jpg?from=ke.com
20241008,朝阳,大望路,101126321664,珠江帝景高层观景 视野开阔 毛坯装修简单房主自荐,1888万,76209元/平,高楼层 (共26层) | 2006年 | 6室1厅 | 247.74平米 | 东南,https://ke-image.ljcdn.com/110000-inspection/pc1_faIRvfsbA.jpg!m_fill,w_280,h_210,f_jpg?from=ke.com
20241008,朝阳,大望路,101126321577,珠江帝景 3室2厅 北 南,1798万,101870元/平,低楼层 (共10层) 3室2厅 | 176.5平米 | 北 南,https://ke-image.ljcdn.com/110000-inspection/d37de77e-6b15-42f6-b633-9da279a1c878_1000.jpg!m_fill,w_280,h_210,f_jpg?from=ke.com
20241008,朝阳,大望路,101126321512,珠江帝景 2室1厅 南,1168万,99430元/平,高楼层 (共26层) | 2004年 | 2室1厅 | 117.47平米 | 南,https://ke-image.ljcdn.com/110000-inspection/pc1_cnMkytc5D_1.jpg!m_fill,w_280,h_210,f_jpg?from=ke.com
20241008,朝阳,大望路,101126320197,珠江帝景 2室1厅 南 北 东北,1080万,97844元/平,低楼层 (共26层) | 2004年 | 2室1厅 | 110.38平米 | 南 北 东北,https://ke-image.ljcdn.com/110000-inspection/ecec9190-dffd-427c-b363-bdc0d9d3c166_1000.jpg!m_fill,w_280,h_210,f_jpg?from=ke.com
20241008,朝阳,大望路,101126312282,珠江帝景 小户型  只有十二套,488万,128523元/平,高楼层 (共26层) | 2004年 | 1室0厅 | 37.97平米 | 西北,https://ke-image.ljcdn.com/110000-inspection/f6f07e84-0cd0-47b4-8c6f-90b142415c69_1000.jpg!m_fill,w_280,h_210,f_jpg?from=ke.com
20241008,朝阳,大望路,101126306592,万科蓝山 高层南北四居室 视野开阔采光好方便看,2500万,104367元/平,高楼层 (共26层) | 2011年 | 4室1厅 | 239.54平米 | 南 北,https://ke-image.ljcdn.com/110000-inspection/dac05266-2884-4736-947c-aa23389d22df_1000.jpg!m_fill,w_280,h_210,f_jpg?from=ke.com
20241008,朝阳,大望路,101126306512,万科蓝山 前后看花园 南北四居 二次装修 看房方便,2380万,96150元/平,底层 (共23层) | 2011年 | 4室2厅 | 247.53平米 | 南 北,https://ke-image.ljcdn.com/110000-inspection/824bd2ce-1c4d-4ad9-ac47-9b48b02bbc0b_1000.jpg!m_fill,w_280,h_210,f_jpg?from=ke.com
20241008,朝阳,大望路,101126304294,珠江帝景高楼层两居随时签约。,980万,83977元/平,顶层 (共25层) 2室1厅 | 116.7平米 | 南,https://ke-image.ljcdn.com/110000-inspection/pc1_uSGjiDNvl.jpg!m_fill,w_280,h_210,f_jpg?from=ke.com
20241008,朝阳,大望路,101126304246,珠江帝景新博悦 2室1厅 西,1080万,92387元/平,低楼层 (共10层) 2室1厅 | 116.9平米 | 西,https://ke-image.ljcdn.com/110000-inspection/pc1_DVQ0kMiR9_2.jpg!m_fill,w_280,h_210,f_jpg?from=ke.com
20241008,朝阳,大望路,101126304187,珠江帝景C区 精装修 满五唯一全南两居 自住,1050万,117162元/平,低楼层 (共17层) 2室1厅 | 89.62平米 | 南,https://ke-image.ljcdn.com/110000-inspection/ccebb9b9-0793-49f4-b5ff-e373f935e486_1000.jpg!m_fill,w_280,h_210,f_jpg?from=ke.com
20241008,朝阳,大望路,101126304006,南向两居 两梯四户 满五年 一手业主 靠谱出售,1080万,120429元/平,中楼层 (共17层) | 2009年 | 2室1厅 | 89.68平米 | 南,https://ke-image.ljcdn.com/110000-inspection/pc1_50hT5S3Qw.jpg!m_fill,w_280,h_210,f_jpg?from=ke.com
20241008,朝阳,大望路,101126302406,珠江帝景精装修四居室随时看房,1660万,87962元/平,高楼层 (共26层) | 2006年 | 4室2厅 | 188.72平米 | 南,https://ke-image.ljcdn.com/110000-inspection/a0dad0bf-bdfd-446e-8861-830274f1c0a9_1000.jpg!m_fill,w_280,h_210,f_jpg?from=ke.com
20241008,朝阳,大望路,101126302297,珠江帝景博悦 3室2厅 南 北,1550万,96268元/平,高楼层 (共15层) 3室2厅 | 161.01平米 | 南 北,https://ke-image.ljcdn.com/110000-inspection/31f79c47-76ce-4fb8-bd68-f9a6aa6d9db9_1000.jpg!m_fill,w_280,h_210,f_jpg?from=ke.com
20241008,朝阳,大望路,101126302212,中间位置板楼两梯三户全新装修前后视野很好,2180万,118873元/平,中楼层 (共17层) 3室2厅 | 183.39平米 | 南 北,https://ke-image.ljcdn.com/110000-inspection/pc1_CoVAmL0M4.jpg!m_fill,w_280,h_210,f_jpg?from=ke.com
20241008,朝阳,大望路,101126299206,满五年唯一 楼层高 接受换房 边户双明卫,1540万,91553元/平,中楼层 (共25层) | 2014年 | 3室1厅 | 168.21平米 | 南 北,https://ke-image.ljcdn.com/110000-inspection/7e46c916-4c3e-4a40-b30c-c65e3825877b_1000.jpg!m_fill,w_280,h_210,f_jpg?from=ke.com
20241008,朝阳,大望路,101126299126,此房满2年只有契税无抵押看花园不临街,2350万,98105元/平,低楼层 (共30层) | 2011年 | 4室2厅 | 239.54平米 | 南 北,https://ke-image.ljcdn.com/110000-inspection/07b80e0e-515c-4001-8ff6-1c8b81191b60_1000.jpg!m_fill,w_280,h_210,f_jpg?from=ke.com
20241008,朝阳,大望路,101126213542,珠江帝景 3室2厅 南 北,1820万,103953元/平,低楼层 (共18层) | 2004年 | 3室2厅 | 175.08平米 | 南 北,https://ke-image.ljcdn.com/110000-inspection/pc1_emYimzohl.jpg!m_fill,w_280,h_210,f_jpg?from=ke.com
20241008,朝阳,大望路,101126201831,珠江帝景 南北通透 板楼 两梯两户不临街观小区花园,1810万,103382元/平,低楼层 (共18层) | 2004年 | 3室1厅 | 175.08平米 | 南 北,https://ke-image.ljcdn.com/110000-inspection/7aac8689-317d-470b-81c3-618f5b6f7243_1000.jpg!m_fill,w_280,h_210,f_jpg?from=ke.com
20241008,朝阳,大望路,101126155889,鸿坤花语墅洋房社区满五年唯一成本少次新房,1650万,114077元/平,中楼层 (共4层) 3室1厅 | 144.64平米 | 南 北,https://ke-image.ljcdn.com/110000-inspection/d4a9a7fd-17a0-4bb7-b6ad-6fb3da0159fc_1000.jpg!m_fill,w_280,h_210,f_jpg?from=ke.com
20241008,朝阳,大望路,101126136889,一梯两户 南北通透 前后花园  采光无遮挡 精装修,950万,87720元/平,中楼层 (共9层) 2室2厅 | 108.3平米 | 南 北,https://ke-image.ljcdn.com/110000-inspection/af4f6202-43a5-4e73-a0d1-46037742a95f_1000.jpg!m_fill,w_280,h_210,f_jpg?from=ke.com
20241008,朝阳,大望路,101126133647,禧福汇 3室2厅 南 东 北,1450万,88626元/平,高楼层 (共20层) | 2009年 | 3室2厅 | 163.61平米 | 南 东 北,https://ke-image.ljcdn.com/110000-inspection/ef1a0a83-141b-47cb-b528-2b2ff40001c9_1000.jpg!m_fill,w_280,h_210,f_jpg?from=ke.com
20241008,朝阳,大望路,101126117561,高楼层无遮挡 东南向眼镜户型大复式 上下两层,1950万,73475元/平,顶层 (共18层) | 2005年 | 5室2厅 | 265.4平米 | 东 南,https://ke-image.ljcdn.com/110000-inspection/454ff952-ebd0-41e3-8966-c60ef2afb7e6_1000.jpg!m_fill,w_280,h_210,f_jpg?from=ke.com
20241008,朝阳,大望路,101126083148,万科蓝山 2室1厅 北 南,1280万,88398元/平,底层 (共26层) | 2011年 | 2室1厅 | 144.8平米 | 北 南,https://ke-image.ljcdn.com/110000-inspection/2aeb87f3-6884-4209-8202-bf8ae563b1d1_1000.jpg!m_fill,w_280,h_210,f_jpg?from=ke.com
20241008,朝阳,大望路,101126079583,中间位置不临街 前后观花园 2梯3户板楼 诚意出,1030万,92063元/平,中楼层 (共20层) | 2007年 | 3室1厅 | 111.88平米 | 南 西南 西 北,https://ke-image.ljcdn.com/110000-inspection/672d43f6-b667-4cd3-8407-829c4a25e3bc_1000.jpg!m_fill,w_280,h_210,f_jpg?from=ke.com
20241008,朝阳,大望路,101126068853,苏州园林社区地铁14号线北京工业大学,788万,89965元/平,中楼层 (共20层) | 2009年 | 2室1厅 | 87.59平米 | 西 南,https://ke-image.ljcdn.com/110000-inspection/pc1_aOXvvOO3t_1.jpg!m_fill,w_280,h_210,f_jpg?from=ke.com
20241008,朝阳,大望路,101126059141,禧福汇满五年唯一高楼层观小区花园南北双通透,1560万,73440元/平,高楼层 (共20层) | 2010年 | 3室2厅 | 212.42平米 | 南 北,https://ke-image.ljcdn.com/110000-inspection/19c1b82e-13c1-43ea-8b84-369570e81229_1000.jpg!m_fill,w_280,h_210,f_jpg?from=ke.com
20241008,朝阳,大望路,101126036740,一居复式看小区内花园无遮挡随时可以签约,690万,95120元/平,中楼层 (共26层) | 2004年 | 1室1厅 | 72.54平米 | 东北,https://ke-image.ljcdn.com/110000-inspection/pc1_6oPPczAwt.jpg!m_fill,w_280,h_210,f_jpg?from=ke.com
20241008,朝阳,大望路,101126030810,双井大望路正规两居室！高层视野采光好！满五唯一！,430万,62838元/平,中楼层 (共28层) | 2007年 | 2室1厅 | 68.43平米 | 东,https://ke-image.ljcdn.com/110000-inspection/pc1_X5yrLePkT_1.jpg!m_fill,w_280,h_210,f_jpg?from=ke.com
20241008,朝阳,大望路,101125993035,万科蓝山一梯一户南北通透四居室200万全新装修房主自荐,2450万,102280元/平,顶层 (共23层) | 2011年 | 4室1厅 | 239.54平米 | 南 北,https://ke-image.ljcdn.com/110000-inspection/8320b4da-869f-4950-9e18-b94b58ae4040_1000.jpg!m_fill,w_280,h_210,f_jpg?from=ke.com
20241008,朝阳,大望路,101125973699,易构空间高楼层视野好西南向两居室,670万,63725元/平,高楼层 (共28层) 2室1厅 | 105.14平米 | 西南,https://ke-image.ljcdn.com/110000-inspection/pc1_9RZJnPRE9.jpg!m_fill,w_280,h_210,f_jpg?from=ke.com
20241008,朝阳,大望路,101125938288,东方雅苑新增南向一居室带书房满五年唯一双阳台。房主自荐,710万,79588元/平,中楼层 (共14层) | 2007年 | 1室1厅 | 89.21平米 | 南,https://ke-image.ljcdn.com/110000-inspection/pc1_67mwVgEqN.jpg!m_fill,w_280,h_210,f_jpg?from=ke.com
20241008,朝阳,大望路,101125906453,首府官邸。下叠别墅。南北通透。,3380万,84761元/平,底层 (共5层) | 2007年 | 7室2厅 | 398.77平米 | 南 北,https://ke-image.ljcdn.com/110000-inspection/287879fc-5eec-4b98-9dd0-f5ed470cda75_1000.jpg!m_fill,w_280,h_210,f_jpg?from=ke.com
20241008,朝阳,大望路,101125889020,复式结构高楼层前后花园临地铁诚意出售,1150万,82937元/平,高楼层 (共18层) | 2008年 | 3室2厅 | 138.66平米 | 南 北,https://ke-image.ljcdn.com/110000-inspection/pc1_STVI6aAp9_3.jpg!m_fill,w_280,h_210,f_jpg?from=ke.com
20241008,朝阳,大望路,101125884494,复式一居国贸CBD商圈近地铁、商场、公园双卫,399万,47814元/平,低楼层 (共18层) 1室1厅 | 83.45平米 | 西,https://ke-image.ljcdn.com/110000-inspection/pc1_ZyIohaJJF.jpg!m_fill,w_280,h_210,f_jpg?from=ke.com
20241008,朝阳,大望路,101125850538,一梯一户南向宽厅高层高前后都有阳台靠谱卖,1490万,84300元/平,顶层 (共15层) | 2004年 | 4室2厅 | 176.75平米 | 南 北,https://ke-image.ljcdn.com/110000-inspection/pc1_gYOqCP4Q6_1.jpg!m_fill,w_280,h_210,f_jpg?from=ke.com
20241008,朝阳,大望路,101125831958,珠江帝景视野开阔两居  三梯四户 居住舒适 靠谱卖,920万,83168元/平,顶层 (共25层) 2室1厅 | 110.62平米 | 北,https://ke-image.ljcdn.com/110000-inspection/pc1_ZIidNOzhy_2.jpg!m_fill,w_280,h_210,f_jpg?from=ke.com
20241008,朝阳,大望路,101125827467,东方雅苑南北3居双南向卧室前后看花园装修好,1180万,85181元/平,低楼层 (共18层) | 2007年 | 3室2厅 | 138.53平米 | 南 北,https://ke-image.ljcdn.com/110000-inspection/73a2df84-04f2-40f4-941b-4af63ccde7ab_1000.jpg!m_fill,w_280,h_210,f_jpg?from=ke.com
20241008,朝阳,大望路,101125827260,满五年且唯一200万精装修拎包入住,1090万,78070元/平,高楼层 (共22层) | 2004年 | 3室1厅 | 139.62平米 | 西南,https://ke-image.ljcdn.com/110000-inspection/fa32d4a2-8428-4d73-b91d-79c37f2553cc_1000.jpg!m_fill,w_280,h_210,f_jpg?from=ke.com
20241008,朝阳,大望路,101125818165,新上！金港国际复式 一梯两户 业主自主装修好,1680万,73478元/平,顶层 (共7层) 5室2厅 | 228.64平米 | 南 北,https://ke-image.ljcdn.com/110000-inspection/27d19d55-d9f4-40a3-bca7-d3c6ce750808_1000.jpg!m_fill,w_280,h_210,f_jpg?from=ke.com
20241008,朝阳,大望路,101125811628,东方雅苑板楼东南向一居室产权清晰业主诚意出售！,460万,70824元/平,底层 (共18层) | 2006年 | 1室1厅 | 64.95平米 | 东南,https://ke-image.ljcdn.com/110000-inspection/fda52eec-5e64-49c2-9e77-d29d86d57b75_1000.jpg!m_fill,w_280,h_210,f_jpg?from=ke.com
20241008,朝阳,大望路,101125811144,东方雅苑二期东南北通透3居3个阳台明卫看花园,990万,86653元/平,高楼层 (共13层) | 2007年 | 3室2厅 | 114.25平米 | 南 北,https://ke-image.ljcdn.com/110000-inspection/ec4c7bc0-a44e-4903-8c97-3494e91b74ec_1000.jpg!m_fill,w_280,h_210,f_jpg?from=ke.com
20241008,朝阳,大望路,101125810719,东方雅苑 1室0厅 北,298万,61292元/平,中楼层 (共18层) 1室0厅 | 48.62平米 | 北,https://ke-image.ljcdn.com/110000-inspection/pc1_JLBVQxGPm.jpg!m_fill,w_280,h_210,f_jpg?from=ke.com
20241008,朝阳,大望路,101125808472,珠江帝景C区南北小四居只有契税视野好,1500万,103951元/平,顶层 (共17层) 4室1厅 | 144.3平米 | 南 北,https://ke-image.ljcdn.com/110000-inspection/a2eea573-78fd-4f10-86f9-a7e3ecac42b3_1000.jpg!m_fill,w_280,h_210,f_jpg?from=ke.com
20241008,朝阳,大望路,101125794684,珠江帝景新博悦南向两居2010年社区满五年唯一,980万,111643元/平,低楼层 (共10层) 2室1厅 | 87.78平米 | 西南,https://ke-image.ljcdn.com/110000-inspection/230f1ac6-68d1-4875-8dc3-a1ba000a162d_1000.jpg!m_fill,w_280,h_210,f_jpg?from=ke.com
20241008,朝阳,大望路,101125733363,风度柏林高层东向一居室 采光好 视野开阔,485万,71842元/平,高楼层 (共22层) | 2006年 | 1室1厅 | 67.51平米 | 东,https://ke-image.ljcdn.com/110000-inspection/pc1_NVtd4CZOJ.jpg!m_fill,w_280,h_210,f_jpg?from=ke.com
20241008,朝阳,大望路,101125699836,易构空间 高楼层 视野没有任何遮挡,215万,54472元/平,中楼层 (共24层) | 2004年 | 1室1厅 | 39.47平米 | 东,https://ke-image.ljcdn.com/110000-inspection/bb428f16-f643-4400-bbce-22981ea352ad_1000.jpg!m_fill,w_280,h_210,f_jpg?from=ke.com
20241008,朝阳,大望路,101125683908,新上 风度柏林 南北落地窗三居 随时看房,1230万,75767元/平,底层 (共18层) | 2005年 | 3室1厅 | 162.34平米 | 南 北,https://ke-image.ljcdn.com/110000-inspection/pc1_hBHdWVMdh.jpg!m_fill,w_280,h_210,f_jpg?from=ke.com
20241008,朝阳,大望路,101125649647,南向高层两居满五年唯一装修保养好诚意出售房主自荐,660万,73669元/平,中楼层 (共15层) | 2004年 | 2室1厅 | 89.59平米 | 西南,https://ke-image.ljcdn.com/110000-inspection/ed223423-406a-4e90-8879-6aacb0d3dac4_1000.jpg!m_fill,w_280,h_210,f_jpg?from=ke.com
20241008,朝阳,大望路,101125643729,禧福汇 四星上市物业 南向两居室采光好 满五唯一,1250万,84397元/平,高楼层 (共20层) | 2009年 | 3室2厅 | 148.11平米 | 南 北,https://ke-image.ljcdn.com/110000-inspection/pc1_ZsTWPoc2L.jpg!m_fill,w_280,h_210,f_jpg?from=ke.com
20241008,朝阳,大望路,101125634890,2008年商品房两梯四户正规四居室,1350万,94261元/平,高楼层 (共16层) | 2009年 | 4室2厅 | 143.22平米 | 南 北,https://ke-image.ljcdn.com/110000-inspection/pc1_fy9lFs1Dz.jpg!m_fill,w_280,h_210,f_jpg?from=ke.com
20241008,朝阳,大望路,101125618220,后现代城LOFT 高层视野开阔 不临街,500万,59917元/平,高楼层 (共18层) 1室1厅 | 83.45平米 | 西,https://ke-image.ljcdn.com/110000-inspection/290f4b64-a038-4e3e-a278-ae88014e15ce_1000.jpg!m_fill,w_280,h_210,f_jpg?from=ke.com
20241008,朝阳,大望路,101125611259,广渠金茂府北区高层 四居室 视野开阔 带车位房主自荐,3700万,130136元/平,高楼层 (共18层) 4室2厅 | 284.32平米 | 南 北,https://ke-image.ljcdn.com/110000-inspection/pc1_w1Fx5erBc_1.jpg!m_fill,w_280,h_210,f_jpg?from=ke.com
20241008,朝阳,大望路,101125535313,珠江帝景新博悦北排洋房 眼镜户型南北通透四居室,1850万,97863元/平,低楼层 (共9层) 3室2厅 | 189.04平米 | 南 北,https://ke-image.ljcdn.com/110000-inspection/872e64eb-b320-40d6-b3e0-86be3720d94e_1000.jpg!m_fill,w_280,h_210,f_jpg?from=ke.com
20241008,朝阳,大望路,101125525384,后现代城精装复式业主诚意出售。,680万,63510元/平,高楼层 (共16层) 3室1厅 | 107.07平米 | 东,https://ke-image.ljcdn.com/110000-inspection/7b3ee43c-3699-4b09-b9c9-10bb28f2591a_1000.jpg!m_fill,w_280,h_210,f_jpg?from=ke.com
20241008,朝阳,大望路,101125520251,视野好正看小区内部位置安静 两梯三户纯板楼小区中,1420万,100932元/平,高楼层 (共22层) | 2007年 | 2室1厅 | 140.69平米 | 南,https://ke-image.ljcdn.com/110000-inspection/pc1_fak0c8vbW_1.jpg!m_fill,w_280,h_210,f_jpg?from=ke.com
20241008,朝阳,大望路,101125482108,风度柏林 2室1厅 西南,800万,77139元/平,中楼层 (共22层) | 2004年 | 2室1厅 | 103.71平米 | 西南,https://ke-image.ljcdn.com/110000-inspection/pc1_eU9j0eraC_1.jpg!m_fill,w_280,h_210,f_jpg?from=ke.com
20241008,朝阳,大望路,101125461546,两梯三户前后不临街满五年唯一精装修三居半,1830万,99788元/平,低楼层 (共17层) 4室2厅 | 183.39平米 | 北 南,https://ke-image.ljcdn.com/110000-inspection/pc1_33iW65P9S.jpg!m_fill,w_280,h_210,f_jpg?from=ke.com
20241008,朝阳,大望路,101125454924,后现代城B区 1室1厅 南,400万,42956元/平,高楼层 (共14层) 1室1厅 | 93.12平米 | 南,https://ke-image.ljcdn.com/110000-inspection/pc1_LJlEt4Wfd.jpg!m_fill,w_280,h_210,f_jpg?from=ke.com
20241008,朝阳,大望路,101125433800,户型方正保养不错单价低业主诚意度高,505万,47881元/平,高楼层 (共18层) 2室1厅 | 105.47平米 | 东,https://ke-image.ljcdn.com/110000-inspection/80a0df8b-ea00-4ac9-8116-41aaa2025b81_1000.jpg!m_fill,w_280,h_210,f_jpg?from=ke.com
20241008,朝阳,大望路,101125427728,东方雅苑CBD新上满五唯一南向开间,315万,74592元/平,低楼层 (共18层) 1室0厅 | 42.23平米 | 南,https://ke-image.ljcdn.com/110000-inspection/eb042a3b-5c9c-4b5e-9a32-5bb988175ef1_1000.jpg!m_fill,w_280,h_210,f_jpg?from=ke.com
20241008,朝阳,大望路,101125415841,后现代城D区 2室1厅 西,560万,74717元/平,高楼层 (共28层) | 2006年 | 2室1厅 | 74.95平米 | 西,https://ke-image.ljcdn.com/110000-inspection/pc1_XO1b6sMCH_1.jpg!m_fill,w_280,h_210,f_jpg?from=ke.com
20241008,朝阳,大望路,101125398328,珠江帝景 一居室 看小区花园 满五年唯一,680万,94144元/平,低楼层 (共26层) | 2006年 | 1室1厅 | 72.23平米 | 西北,https://ke-image.ljcdn.com/110000-inspection/pc1_tsZTYQrC3_1.jpg!m_fill,w_280,h_210,f_jpg?from=ke.com
20241008,朝阳,大望路,101125398061,2022年全新装修 拎包入住满五唯一交通便利,1080万,72978元/平,中楼层 (共22层) 2室1厅 | 147.99平米 | 东北,https://ke-image.ljcdn.com/110000-inspection/pc1_2AhjvAmt4_1.jpg!m_fill,w_280,h_210,f_jpg?from=ke.com
20241008,朝阳,大望路,101125360136,后现代城满五年唯一全明格局户型方正,365万,68920元/平,中楼层 (共18层) | 2004年 | 1室1厅 | 52.96平米 | 东北,https://ke-image.ljcdn.com/110000-inspection/pc1_NOUk5Wj4S_2.jpg!m_fill,w_280,h_210,f_jpg?from=ke.com
20241008,朝阳,大望路,101125322285,华腾新天地大厦 4室2厅 东南,850万,38382元/平,中楼层 (共14层) 4室2厅 | 221.46平米 | 东南,https://ke-image.ljcdn.com/110000-inspection/281f5b30-93e3-46c2-9259-35ee01806b4a_1000.jpg!m_fill,w_280,h_210,f_jpg?from=ke.com
20241008,朝阳,大望路,101125314880,南北通透满五唯一采光视野无遮挡生活便利,850万,81881元/平,低楼层 (共15层) | 2004年 | 2室1厅 | 103.81平米 | 南 北,https://ke-image.ljcdn.com/110000-inspection/pc1_h8YxUSrPh_1.jpg!m_fill,w_280,h_210,f_jpg?from=ke.com
20241008,朝阳,大望路,101125291962,禧福汇 车位,40万,14415元/平,地下室 (共1层) 1室0厅 | 27.75平米 | 东,https://ke-image.ljcdn.com/110000-inspection/pc1_9hYfdUJvA.jpg!m_fill,w_280,h_210,f_jpg?from=ke.com
20241008,朝阳,大望路,101125206789,珠江帝景新装修边户双明卫精装大复式观国贸中国尊,1650万,89093元/平,高楼层 (共26层) 4室2厅 | 185.2平米 | 西北,https://ke-image.ljcdn.com/110000-inspection/5ab6e367-4909-4fff-9902-ed5f16cbdf97_1000.jpg!m_fill,w_280,h_210,f_jpg?from=ke.com
20241008,朝阳,大望路,101125191881,后现代城C区 1室1厅 西北,408万,51379元/平,低楼层 (共18层) | 2008年 | 1室1厅 | 79.41平米 | 西北,https://ke-image.ljcdn.com/110000-inspection/df2692c0-df84-4e93-93c9-0d13ee7fed14_1000.jpg!m_fill,w_280,h_210,f_jpg?from=ke.com
20241008,朝阳,大望路,101125168766,70年产权 正南向 无遮挡 落地大窗 采光视野好,530万,38863元/平,中楼层 (共14层) | 2004年 | 3室1厅 | 136.38平米 | 南,https://ke-image.ljcdn.com/110000-inspection/pc1_Pid1047WN_1.jpg!m_fill,w_280,h_210,f_jpg?from=ke.com
20241008,朝阳,大望路,101125161266,珠江帝景优质一居室满五唯一可以随时签约,690万,95476元/平,低楼层 (共26层) | 2006年 | 1室1厅 | 72.27平米 | 东北,https://ke-image.ljcdn.com/110000-inspection/pc1_btiq7coIq_2.jpg!m_fill,w_280,h_210,f_jpg?from=ke.com
20241008,朝阳,大望路,101125129783,实用两居满五年唯一实用面积85平米自住精装,486万,78590元/平,顶层 (共10层) 2室1厅 | 61.84平米 | 东北,https://ke-image.ljcdn.com/110000-inspection/557b2290-e7de-4a8b-8ba6-1cf19c9738ce_1000.jpg!m_fill,w_280,h_210,f_jpg?from=ke.com
20241008,朝阳,大望路,101125117321,此房小区少见户型随时签约无抵押无遮挡,1000万,113922元/平,高楼层 (共10层) 2室1厅 | 87.78平米 | 西南,https://ke-image.ljcdn.com/110000-inspection/1c82457d-6c87-4279-a418-0868cebeeb5b_1000.jpg!m_fill,w_280,h_210,f_jpg?from=ke.com
20241008,朝阳,大望路,101125113206,珠江帝景博悦 二次全新装修 南北四居室 满五唯一,1450万,101555元/平,低楼层 (共16层) 4室1厅 | 142.78平米 | 南 北,https://ke-image.ljcdn.com/110000-inspection/pc1_5j8PLdSOg_1.jpg!m_fill,w_280,h_210,f_jpg?from=ke.com
20241008,朝阳,大望路,101125111109,看房随时正对小区安静  双卫复式装修好,375万,47170元/平,低楼层 (共18层) | 2008年 | 1室1厅 | 79.5平米 | 西北,https://ke-image.ljcdn.com/110000-inspection/49d4934c-4e4b-4dfa-b740-0bc60047b728_1000.jpg!m_fill,w_280,h_210,f_jpg?from=ke.com
20241008,朝阳,大望路,101125108457,正规两居室！视野采光好！业主诚意出售！随时看房！,610万,57235元/平,高楼层 (共18层) | 2008年 | 2室1厅 | 106.58平米 | 南,https://ke-image.ljcdn.com/110000-inspection/pc1_ROxmuNfjv_1.jpg!m_fill,w_280,h_210,f_jpg?from=ke.com
20241008,朝阳,大望路,101125065569,新上 风度柏林满五两居 眼睛户型临近地铁,750万,77890元/平,低楼层 (共22层) | 2004年 | 2室1厅 | 96.29平米 | 东,https://ke-image.ljcdn.com/110000-inspection/pc1_vp91JolFa_2.jpg!m_fill,w_280,h_210,f_jpg?from=ke.com
20241008,朝阳,大望路,101125063333,风度柏林 2室1厅 西南,860万,84671元/平,中楼层 (共22层) | 2007年 | 2室1厅 | 101.57平米 | 西南,https://ke-image.ljcdn.com/110000-inspection/71885ab6-caeb-4df3-a7a3-8333d36d9fb6_1000.jpg!m_fill,w_280,h_210,f_jpg?from=ke.com
20241008,朝阳,大望路,101125044412,首府官邸上叠出售看房方便满五年唯一,3800万,77159元/平,中楼层 (共5层) 5室3厅 | 492.49平米 | 南 北,https://ke-image.ljcdn.com/110000-inspection/942a0b5f-58fa-431d-9572-58e462ccf001_1000.jpg!m_fill,w_280,h_210,f_jpg?from=ke.com
20241008,朝阳,大望路,101125031386,珠江帝景新博悦正规三居加多功能间中高层视野好不临街,1250万,94419元/平,中楼层 (共10层) 3室1厅 | 132.39平米 | 东,https://ke-image.ljcdn.com/110000-inspection/b6148c8a-8a04-421e-a3b2-5c9a4b816801_1000.jpg!m_fill,w_280,h_210,f_jpg?from=ke.com
20241008,朝阳,大望路,101125027248,满五年唯一采光好LOFT户型房本算单层面积房主自荐,750万,68764元/平,高楼层 (共11层) 2室2厅 | 109.07平米 | 南,https://ke-image.ljcdn.com/110000-inspection/1586212a-220f-448f-b6db-a1aa72fdf244_1000.jpg!m_fill,w_280,h_210,f_jpg?from=ke.com
20241008,朝阳,大望路,101124987682,风度柏林新增东北开间带有燃气急售房满五年唯一,319万,61170元/平,低楼层 (共22层) | 2004年 | 1室0厅 | 52.15平米 | 东北,https://ke-image.ljcdn.com/110000-inspection/pc1_DoT0tZAla.jpg!m_fill,w_280,h_210,f_jpg?from=ke.com
20241008,朝阳,大望路,101124961311,明厨明卫无抵押无户口装修好随时可看,778万,76538元/平,顶层 (共14层) | 2003年 | 3室2厅 | 101.65平米 | 南,https://ke-image.ljcdn.com/110000-inspection/pc1_CDEXX33yd_1.jpg!m_fill,w_280,h_210,f_jpg?from=ke.com
20241008,朝阳,大望路,101124949487,珠江帝景观花园一居复式安静不临街看房方便诚意卖,745万,96854元/平,低楼层 (共26层) | 2006年 | 1室1厅 | 76.92平米 | 东北,https://ke-image.ljcdn.com/110000-inspection/cb143589-8407-4287-9c02-3235f8657cda_1000.jpg!m_fill,w_280,h_210,f_jpg?from=ke.com
20241008,朝阳,大望路,101124924724,万科蓝山一梯一户南北通透大平层四居室,2100万,87148元/平,低楼层 (共30层) | 2011年 | 4室2厅 | 240.97平米 | 南 北,https://ke-image.ljcdn.com/110000-inspection/pc1_EheKfmdpu_1.jpg!m_fill,w_280,h_210,f_jpg?from=ke.com
20241008,朝阳,大望路,101124924304,合生汇旁5.6米挑高客厅大复式南北通透,2050万,99015元/平,顶层 (共11层) | 2004年 | 4室2厅 | 207.04平米 | 南 北,https://ke-image.ljcdn.com/110000-inspection/c6a827d9-2f75-40b9-8ffa-c5093555e18e_1000.jpg!m_fill,w_280,h_210,f_jpg?from=ke.com
20241008,朝阳,大望路,101124917928,二次精装修 高层不临街 板楼南北四居室,1430万,100197元/平,高楼层 (共16层) 3室1厅 | 142.72平米 | 南 北,https://ke-image.ljcdn.com/110000-inspection/b9aa5c49-467f-40a0-9c8b-a0c5a9110248_1000.jpg!m_fill,w_280,h_210,f_jpg?from=ke.com
20241008,朝阳,大望路,101124890729,满五唯一无抵押 B区两居室位置安静,950万,85803元/平,低楼层 (共26层) | 2004年 | 2室1厅 | 110.72平米 | 西南 东北,https://ke-image.ljcdn.com/110000-inspection/c2d472b5-a38f-4644-be7e-dce11cadb1e2_1000.jpg!m_fill,w_280,h_210,f_jpg?from=ke.com
20241008,朝阳,大望路,101124890685,少有的开间户型看小区花园位置安静,550万,141899元/平,高楼层 (共26层) | 2004年 | 1室0厅 | 38.76平米 | 东北,https://ke-image.ljcdn.com/110000-inspection/pc1_NqyqpSQ6m_1.jpg!m_fill,w_280,h_210,f_jpg?from=ke.com
20241008,朝阳,大望路,101124890634,珠江帝景大平层 180万中式精装修板楼前后看花园,2250万,90427元/平,低楼层 (共17层) 4室2厅 | 248.82平米 | 南 北,https://ke-image.ljcdn.com/110000-inspection/pc1_5NvOL3QHY_1.jpg!m_fill,w_280,h_210,f_jpg?from=ke.com
20241008,朝阳,大望路,101124862380,珠江帝景E区看房随时给换房周期,1320万,88112元/平,低楼层 (共16层) | 2009年 | 3室2厅 | 149.81平米 | 南 北,https://ke-image.ljcdn.com/110000-inspection/pc1_LZabzewol.jpg!m_fill,w_280,h_210,f_jpg?from=ke.com
20241008,朝阳,大望路,101124860097,满五唯一诚意出售业主自己住装修保养好,568万,52632元/平,中楼层 (共18层) 2室1厅 | 107.92平米 | 东,https://ke-image.ljcdn.com/110000-inspection/pc1_XTuTSHDVR_2.jpg!m_fill,w_280,h_210,f_jpg?from=ke.com
20241008,朝阳,大望路,101124845398,珠江帝景  小区中间南北四居  诚意出售,1860万,105502元/平,高楼层 (共17层) 4室2厅 | 176.3平米 | 南 北,https://ke-image.ljcdn.com/110000-inspection/pc1_2bWuosox4.jpg!m_fill,w_280,h_210,f_jpg?from=ke.com
20241008,朝阳,大望路,101124826479,此房是金港国际小区中间位置不临街前水系后花园,1399万,75720元/平,中楼层 (共16层) | 2004年 | 4室1厅 | 184.76平米 | 南 北,https://ke-image.ljcdn.com/110000-inspection/29949f02-45e4-42fb-babd-3d5aa48cf227_1000.jpg!m_fill,w_280,h_210,f_jpg?from=ke.com
20241008,朝阳,大望路,101124817651,金茂府东区中间位置 满五年保养好 前后看景位置安静房主自荐,2200万,109171元/平,中楼层 (共24层) | 2013年 | 3室2厅 | 201.52平米 | 南 北,https://ke-image.ljcdn.com/110000-inspection/pc1_hsSYsut8N_1.jpg!m_fill,w_280,h_210,f_jpg?from=ke.com
20241008,朝阳,大望路,101124796595,大旸楼 四居室 改善您的居住 高楼层 视野开阔,1450万,67056元/平,高楼层 (共17层) 4室2厅 | 216.24平米 | 东北,https://ke-image.ljcdn.com/110000-inspection/pc1_p0rtrbuGM_1.jpg!m_fill,w_280,h_210,f_jpg?from=ke.com
20241008,朝阳,大望路,101124793053,后现代城近地铁商场公园西向一层复式,253万,46939元/平,底层 (共16层) | 2008年 | 1室1厅 | 53.9平米 | 西,https://ke-image.ljcdn.com/110000-inspection/cab5c174-1556-40d5-9ca3-4ff9dac545df_1000.jpg!m_fill,w_280,h_210,f_jpg?from=ke.com
20241008,朝阳,大望路,101124789535,满五年08年社区安静位置业主诚意出售随时签,998万,109155元/平,低楼层 (共15层) | 2007年 | 2室1厅 | 91.43平米 | 东南,https://ke-image.ljcdn.com/110000-inspection/eb61a5fd-215d-4bd0-894d-9a5b49e38cc3_1000.jpg!m_fill,w_280,h_210,f_jpg?from=ke.com
20241008,朝阳,大望路,101124758239,易构空间小复式 采光好 视野好,375万,50848元/平,低楼层 (共24层) 1室1厅 | 73.75平米 | 西,https://ke-image.ljcdn.com/110000-inspection/pc1_vaicU4VDr.jpg!m_fill,w_280,h_210,f_jpg?from=ke.com
20241008,朝阳,大望路,101124702398,精装修双卫看房提前约自住 中楼层  视野无遮,568万,49127元/平,中楼层 (共18层) | 2008年 | 2室1厅 | 115.62平米 | 南,https://ke-image.ljcdn.com/110000-inspection/pc1_g0cSMkXnu.jpg!m_fill,w_280,h_210,f_jpg?from=ke.com
20241008,朝阳,大望路,101124698357,风度柏林 新上观花园一居室 中间层视野好不临街,530万,77782元/平,中楼层 (共22层) | 2007年 | 1室1厅 | 68.14平米 | 西,https://ke-image.ljcdn.com/110000-inspection/2be6e872-97e8-4ddc-908e-a2bdeb748117_1000.jpg!m_fill,w_280,h_210,f_jpg?from=ke.com
20241008,朝阳,大望路,101124679339,东方雅苑南向复式精装修拎包入住。,720万,80709元/平,中楼层 (共14层) | 2007年 | 1室1厅 | 89.21平米 | 南,https://ke-image.ljcdn.com/110000-inspection/5fee1218-5b08-40df-992d-decd970eea78_1000.jpg!m_fill,w_280,h_210,f_jpg?from=ke.com
20241008,朝阳,大望路,101124677037,后现代城C区 3室1厅 南房主自荐,508万,51345元/平,中楼层 (共18层) 3室1厅 | 98.94平米 | 南,https://ke-image.ljcdn.com/110000-inspection/af23ab47-b905-4991-9e65-1d0f06afafb2_1000.jpg!m_fill,w_280,h_210,f_jpg?from=ke.com
20241008,朝阳,大望路,101124666805,后现代城A区 地下停车位 电梯直达,20万,4735元/平,地下室 (共14层) | 2004年 | 1室0厅 | 42.24平米 | 南,https://ke-image.ljcdn.com/110000-inspection/pc1_nr74gdDRM.jpg!m_fill,w_280,h_210,f_jpg?from=ke.com
20241008,朝阳,大望路,101124623404,东方雅苑满五唯一南向一居精装修户型方正采光好,615万,78565元/平,顶层 (共18层) | 2006年 | 1室1厅 | 78.28平米 | 南,https://ke-image.ljcdn.com/110000-inspection/14d4a893-3a4d-4a35-9988-8e9d86f2f0d3_1000.jpg!m_fill,w_280,h_210,f_jpg?from=ke.com
20241008,朝阳,大望路,101124561063,急售  高层  看花园  二次装修  随时可看,970万,84798元/平,中楼层 (共26层) | 2006年 | 2室1厅 | 114.39平米 | 西北,https://ke-image.ljcdn.com/110000-inspection/5c3d2b73-aa1c-4fc2-a880-0f11d9f28b7a_1000.jpg!m_fill,w_280,h_210,f_jpg?from=ke.com
20241008,朝阳,大望路,101124506316,急售  满五年唯一   稳定签约  南向看花园,1600万,99553元/平,中楼层 (共15层) | 2009年 | 3室2厅 | 160.72平米 | 南 北,https://ke-image.ljcdn.com/110000-inspection/17d76107-31f7-4456-9699-a24bb0c67a39_1000.jpg!m_fill,w_280,h_210,f_jpg?from=ke.com
20241008,朝阳,大望路,101124506292,珠江帝景伯爵山 北排 高层 南向 诚心出售 配合看,1177万,101720元/平,高楼层 (共15层) | 2007年 | 3室1厅 | 115.71平米 | 南,https://ke-image.ljcdn.com/110000-inspection/pc1_2T8Fgk9fn_1.jpg!m_fill,w_280,h_210,f_jpg?from=ke.com
20241008,朝阳,大望路,101124505739,珠江帝景新博悦 板楼1梯2户洋房 有车位南北3+1,1480万,95905元/平,底层 (共9层) 3室2厅 | 154.32平米 | 南 北,https://ke-image.ljcdn.com/110000-inspection/43442f69-897b-4001-85f0-9947078c2ebd_1000.jpg!m_fill,w_280,h_210,f_jpg?from=ke.com
20241008,朝阳,大望路,101124505535,诚心卖 珠江帝景博悦 楼龄新 2居室 满五年唯一房主自荐,760万,97825元/平,顶层 (共15层) 2室2厅 | 77.69平米 | 西,https://ke-image.ljcdn.com/110000-inspection/288fc69c-2f7e-4fb8-993b-6364c023172a_1000.jpg!m_fill,w_280,h_210,f_jpg?from=ke.com
20241008,朝阳,大望路,101124484986,珠江帝景 新装修 拎包入住高层全南三居 视野开阔房主自荐,1160万,99061元/平,高楼层 (共26层) | 2006年 | 2室1厅 | 117.1平米 | 南,https://ke-image.ljcdn.com/110000-inspection/075184a7-f71b-490e-8eeb-e6755b1651eb_1000.jpg!m_fill,w_280,h_210,f_jpg?from=ke.com
20241008,朝阳,大望路,101124356467,急售！诚意！看房随时！国贸板块刚需两居室！房主自荐,266万,47696元/平,中楼层 (共7层) 2室1厅 | 55.77平米 | 东,https://ke-image.ljcdn.com/110000-inspection/e64454cf-da1f-4095-ac0a-241fa60012cf_1000.jpg!m_fill,w_280,h_210,f_jpg?from=ke.com
20241008,朝阳,大望路,101124355627,满五年唯一带燃气 高楼层视野开间装修保持的好,329万,69162元/平,中楼层 (共18层) | 2006年 | 1室0厅 | 47.57平米 | 南,https://ke-image.ljcdn.com/110000-inspection/pc1_mJgfqcOTF.jpg!m_fill,w_280,h_210,f_jpg?from=ke.com
20241008,朝阳,大望路,101124327317,西大望路鸿坤花语墅南北三居室诚意出售,1650万,110221元/平,中楼层 (共7层) | 2013年 | 3室1厅 | 149.7平米 | 南 北,https://ke-image.ljcdn.com/110000-inspection/a3516ff7-78a8-472f-974e-f3c6b5c7fb6e_1000.jpg!m_fill,w_280,h_210,f_jpg?from=ke.com
20241008,朝阳,大望路,101124286214,急售！急售！东四环内大郊亭地铁500米单价4万三居室,660万,40905元/平,高楼层 (共18层) 4室2厅 | 161.35平米 | 西北,https://ke-image.ljcdn.com/110000-inspection/pc1_8PCa2gund_1.jpg!m_fill,w_280,h_210,f_jpg?from=ke.com
20241008,朝阳,大望路,101124279028,双井大望路正规两居室！带储物间！视野采光无遮挡！,698万,77008元/平,顶层 (共27层) | 2007年 | 2室1厅 | 90.64平米 | 东北,https://ke-image.ljcdn.com/110000-inspection/pc1_C4rph0xfz_1.jpg!m_fill,w_280,h_210,f_jpg?from=ke.com
20241008,朝阳,大望路,101124278786,东方雅苑南北通透4居室满五年唯一高楼层视野好,1250万,83854元/平,顶层 (共18层) | 2006年 | 3室2厅 | 149.07平米 | 南 北,https://ke-image.ljcdn.com/110000-inspection/53cfcdd9-ab7f-45c7-a8d2-d79ef1b2b450_1000.jpg!m_fill,w_280,h_210,f_jpg?from=ke.com
20241008,朝阳,大望路,101124261002,满五唯一精装修复式4居买一层带一层楼层净高2米7,2229万,95588元/平,顶层 (共12层) | 2009年 | 4室3厅 | 233.19平米 | 南 北,https://ke-image.ljcdn.com/110000-inspection/pc1_7qDrYBvDo_1.jpg!m_fill,w_280,h_210,f_jpg?from=ke.com
20241008,朝阳,大望路,101124248752,珠江帝景高楼层三居满五唯一无抵押随时签约,1575万,100884元/平,中楼层 (共26层) | 2006年 | 3室2厅 | 156.12平米 | 东 南,https://ke-image.ljcdn.com/110000-inspection/ed15e42e-a0a0-4145-a9e4-d3c430c48ddd_1000.jpg!m_fill,w_280,h_210,f_jpg?from=ke.com
20241008,朝阳,大望路,101124245245,万科蓝山 4室2厅 南 北,2100万,87148元/平,高楼层 (共30层) | 2011年 | 4室2厅 | 240.97平米 | 南 北,https://ke-image.ljcdn.com/110000-inspection/f0697fbc-d717-4bda-a604-c290929fb897_1000.jpg!m_fill,w_280,h_210,f_jpg?from=ke.com
20241008,朝阳,大望路,101124244686,乐成公馆南北通透三居室婚房金地物业品质社区诚意出售,1950万,102530元/平,低楼层 (共22层) | 2007年 | 3室2厅 | 190.19平米 | 南 北,https://ke-image.ljcdn.com/110000-inspection/pc1_jYvlrmriU.jpg!m_fill,w_280,h_210,f_jpg?from=ke.com
20241008,朝阳,大望路,101124158672,近地铁南向成熟板楼社区配套齐全交易成本低。,363万,78082元/平,底层 (共13层) | 2007年 | 1室1厅 | 46.49平米 | 南,https://ke-image.ljcdn.com/110000-inspection/pc1_OH4gLVZHA.jpg!m_fill,w_280,h_210,f_jpg?from=ke.com
20241008,朝阳,大望路,101124147730,珠江帝景 2室2厅 南 北,1260万,99747元/平,低楼层 (共26层) | 2004年 | 2室2厅 | 126.32平米 | 南 北,https://ke-image.ljcdn.com/110000-inspection/pc1_OF0yNYL2H_2.jpg!m_fill,w_280,h_210,f_jpg?from=ke.com
20241008,朝阳,大望路,101124128175,东方雅苑南向有燃气满五年唯一开间诚意出售！房主自荐,339万,70347元/平,低楼层 (共18层) 1室0厅 | 48.19平米 | 南,https://ke-image.ljcdn.com/110000-inspection/pc1_YtxvwEKkU.jpg!m_fill,w_280,h_210,f_jpg?from=ke.com
20241008,朝阳,大望路,101124127994,东方雅苑北向大开间高层满五唯一看花园,395万,81243元/平,高楼层 (共18层) | 2006年 | 1室0厅 | 48.62平米 | 北,https://ke-image.ljcdn.com/110000-inspection/pc1_HYAPkprJj_1.jpg!m_fill,w_280,h_210,f_jpg?from=ke.com
20241008,朝阳,大望路,101124127580,珠江帝景   高楼层   视野好  观国贸房主自荐,750万,96204元/平,中楼层 (共26层) | 2004年 | 1室1厅 | 77.96平米 | 西北,https://ke-image.ljcdn.com/110000-inspection/pc1_pzsnqoIrC.jpg!m_fill,w_280,h_210,f_jpg?from=ke.com
20241008,朝阳,大望路,101124126204,东方雅苑新增南北一居满五年唯一自住户型好急售,547万,81874元/平,低楼层 (共18层) 1室1厅 | 66.81平米 | 南 北,https://ke-image.ljcdn.com/110000-inspection/pc1_IiD6bwW5h.jpg!m_fill,w_280,h_210,f_jpg?from=ke.com
20241008,朝阳,大望路,101124105468,东方雅苑南向高层大开间落地窗,365万,86432元/平,中楼层 (共18层) | 2006年 | 1室0厅 | 42.23平米 | 南,https://ke-image.ljcdn.com/110000-inspection/90f4c8df-a46b-45ef-bb43-d8f963b39bae_1000.jpg!m_fill,w_280,h_210,f_jpg?from=ke.com
20241008,朝阳,大望路,101124093253,CBD商圈近地铁商场公园此房上下两层落地窗,629万,49314元/平,低楼层 (共27层) | 2006年 | 2室1厅 | 127.55平米 | 西,https://ke-image.ljcdn.com/110000-inspection/37a4fd5e-b004-4957-a3d3-00321e0e2373_1000.jpg!m_fill,w_280,h_210,f_jpg?from=ke.com
20241008,朝阳,大望路,101124090014,东方雅苑二期明厨明卫带燃气开间急售满五年唯一,290万,78464元/平,低楼层 (共18层) | 2007年 | 1室0厅 | 36.96平米 | 北,https://ke-image.ljcdn.com/110000-inspection/pc1_F8yDdLbkb.jpg!m_fill,w_280,h_210,f_jpg?from=ke.com
20241008,朝阳,大望路,101124077382,金港国际大一居室  满五唯一  采光好,550万,62664元/平,低楼层 (共20层) 1室1厅 | 87.77平米 | 西北,https://ke-image.ljcdn.com/110000-inspection/pc1_z0obaBnYn.jpg!m_fill,w_280,h_210,f_jpg?from=ke.com
20241008,朝阳,大望路,101124067784,珠江帝景 板楼南北大三居 二次精装 满5年唯一,1800万,102664元/平,低楼层 (共18层) 3室2厅 | 175.33平米 | 南 北,https://ke-image.ljcdn.com/110000-inspection/801ab6d7-40e3-4872-b8d0-fb96a9753fb4_1000.jpg!m_fill,w_280,h_210,f_jpg?from=ke.com
20241008,朝阳,大望路,101124055551,万科蓝山 4室2厅 南 北,2100万,87148元/平,中楼层 (共23层) | 2011年 | 4室2厅 | 240.97平米 | 南 北,https://ke-image.ljcdn.com/110000-inspection/pc1_zEtbWBgvC.jpg!m_fill,w_280,h_210,f_jpg?from=ke.com
20241008,朝阳,大望路,101124044469,东方雅苑 1室0厅 西北,405万,80103元/平,中楼层 (共8层) | 2007年 | 1室0厅 | 50.56平米 | 西北,https://ke-image.ljcdn.com/110000-inspection/pc1_z25VN2Bqh.jpg!m_fill,w_280,h_210,f_jpg?from=ke.com
20241008,朝阳,大望路,101124013174,万科蓝山 4室2厅 南 北,2650万,110629元/平,中楼层 (共30层) | 2011年 | 4室2厅 | 239.54平米 | 南 北,https://ke-image.ljcdn.com/110000-inspection/pc1_JGpVcQSLW_1.jpg!m_fill,w_280,h_210,f_jpg?from=ke.com
20241008,朝阳,大望路,101124012437,珠江帝景博悦 2室1厅 南,1150万,128191元/平,高楼层 (共16层) 2室1厅 | 89.71平米 | 南,https://ke-image.ljcdn.com/110000-inspection/66e360bd-fa11-4b12-8b39-6ed2d739127a_1000.jpg!m_fill,w_280,h_210,f_jpg?from=ke.com
20241008,朝阳,大望路,101124010396,金茂府东区 南北三居 次顶层 值得一看的好房,2100万,104209元/平,高楼层 (共24层) | 2013年 | 3室2厅 | 201.52平米 | 南 北,https://ke-image.ljcdn.com/110000-inspection/pc1_djNgciVje_1.jpg!m_fill,w_280,h_210,f_jpg?from=ke.com
20241008,朝阳,大望路,101123968815,万科蓝山 正规南北通透四居室 诚意出售,2450万,102280元/平,高楼层 (共26层) | 2011年 | 3室2厅 | 239.54平米 | 南 北,https://ke-image.ljcdn.com/110000-inspection/pc1_Njxyb9dAz_1.jpg!m_fill,w_280,h_210,f_jpg?from=ke.com
20241008,朝阳,大望路,101123951090,鸿坤花语墅 5室3厅 南 北,2399万,80200元/平,底层 (共4层) | 2012年 | 5室3厅 | 299.13平米 | 南 北,https://ke-image.ljcdn.com/110000-inspection/2ac666b1-b433-4e0e-9717-691120ef7388_1000.jpg!m_fill,w_280,h_210,f_jpg?from=ke.com
20241008,朝阳,大望路,101123933554,金港国际前后不临街看花园通透四居室,1140万,61863元/平,低楼层 (共16层) | 2005年 | 4室1厅 | 184.28平米 | 西 东,https://ke-image.ljcdn.com/110000-inspection/pc1_8GGbKSm3i_1.jpg!m_fill,w_280,h_210,f_jpg?from=ke.com
20241008,朝阳,大望路,101123922623,珠江帝景 高层 南向三居室 满五年 三梯四户,1520万,93874元/平,高楼层 (共26层) | 2006年 | 3室1厅 | 161.92平米 | 南,https://ke-image.ljcdn.com/110000-inspection/pc1_ChCPqj5gM_1.jpg!m_fill,w_280,h_210,f_jpg?from=ke.com
20241008,朝阳,大望路,101123917742,珠江帝景新博悦 南北四居 实用户型 靠谱出售 方便看房,1410万,97992元/平,顶层 (共17层) | 2009年 | 3室1厅 | 143.89平米 | 南 北,https://ke-image.ljcdn.com/110000-inspection/c420be2d-ca5e-4be5-9d4c-49370d39ef3f_1000.jpg!m_fill,w_280,h_210,f_jpg?from=ke.com
20241008,朝阳,大望路,101123901717,总价di南北三居室一梯两户满五唯一南北有花园,1320万,92121元/平,底层 (共25层) | 2012年 | 3室1厅 | 143.29平米 | 南 北,https://ke-image.ljcdn.com/110000-inspection/7c2ee01c-8368-4770-b7db-26ab2a67605a_1000.jpg!m_fill,w_280,h_210,f_jpg?from=ke.com
20241008,朝阳,大望路,101123901479,满五年唯一2010年交付板楼一梯两户双卧朝南,1829万,100170元/平,低楼层 (共10层) | 2009年 | 4室2厅 | 182.59平米 | 南 北,https://ke-image.ljcdn.com/110000-inspection/pc1_ItYx85fQd.jpg!m_fill,w_280,h_210,f_jpg?from=ke.com
20241008,朝阳,大望路,101123901457,珠江帝景C区  满五唯一 诚意出售 看房随时房主自荐,1360万,94517元/平,低楼层 (共17层) | 2009年 | 4室1厅 | 143.89平米 | 南 北,https://ke-image.ljcdn.com/110000-inspection/2517b47b-446a-4e8d-a59f-d33b41834cd3_1000.jpg!m_fill,w_280,h_210,f_jpg?from=ke.com
20241008,朝阳,大望路,101123896281,国贸CBD 后现代城一居室 户型方正 近公园地铁合生汇,445万,64700元/平,低楼层 (共27层) | 2006年 | 1室1厅 | 68.78平米 | 北,https://ke-image.ljcdn.com/110000-inspection/pc1_waCe1J6wm_1.jpg!m_fill,w_280,h_210,f_jpg?from=ke.com
20241008,朝阳,大望路,101123843645,新上珠江帝景新博悦眼镜户型三居室看花园,1180万,89442元/平,低楼层 (共10层) | 2010年 | 3室1厅 | 131.93平米 | 东,https://ke-image.ljcdn.com/110000-inspection/pc1_TNL0cXQMs_1.jpg!m_fill,w_280,h_210,f_jpg?from=ke.com
20241008,朝阳,大望路,101123832407,乐成公馆 3室2厅 南 北,1820万,103769元/平,中楼层 (共11层) | 2007年 | 3室2厅 | 175.39平米 | 南 北,https://ke-image.ljcdn.com/110000-inspection/319106b2-0045-456e-b47d-e2eaeeca8d38_1000.jpg!m_fill,w_280,h_210,f_jpg?from=ke.com
20241008,朝阳,大望路,101123806447,珠江帝景伯爵山 东向高层 精装修 适合低预算人群房主自荐,687万,133788元/平,高楼层 (共15层) | 2007年 | 1室0厅 | 51.35平米 | 东,https://ke-image.ljcdn.com/110000-inspection/bee2cbe2-a6d9-4a00-ba5b-15be1cad3e11_1000.jpg!m_fill,w_280,h_210,f_jpg?from=ke.com
20241008,朝阳,大望路,101123803130,房子满五年唯一 视野采光好  封闭式园林,380万,72589元/平,低楼层 (共20层) 1室0厅 | 52.35平米 | 西南,https://ke-image.ljcdn.com/110000-inspection/bfec1ef8-83ca-491a-bbab-62256440866b_1000.jpg!m_fill,w_280,h_210,f_jpg?from=ke.com
20241008,朝阳,大望路,101123795026,珠江帝景D区南北通透板楼 两梯三户,1399万,91552元/平,低楼层 (共15层) 3室2厅 | 152.81平米 | 南 北,https://ke-image.ljcdn.com/110000-inspection/pc1_UuxaTZSyh.jpg!m_fill,w_280,h_210,f_jpg?from=ke.com
20241008,朝阳,大望路,101123787435,东三点五环户型少见南北通透视野开阔采光好。,1280万,65685元/平,顶层 (共20层) | 2007年 | 5室1厅 | 194.87平米 | 南 北,https://ke-image.ljcdn.com/110000-inspection/pc1_BzmRFYWAL.jpg!m_fill,w_280,h_210,f_jpg?from=ke.com
20241008,朝阳,大望路,101123780654,珠江帝景 满五年唯一 中间层 精装自主房主自荐,1465万,90494元/平,中楼层 (共26层) 3室1厅 | 161.89平米 | 西南,https://ke-image.ljcdn.com/110000-inspection/pc1_bJ6kNiEqA_1.jpg!m_fill,w_280,h_210,f_jpg?from=ke.com
20241008,朝阳,大望路,101123769448,后现代城D区 车位,22万,4777元/平,地下室 (共28层) 1室0厅 | 46.06平米 | 南,https://ke-image.ljcdn.com/110000-inspection/be78d886-8152-4c28-93ae-3ef86455c58c_1000.jpg!m_fill,w_280,h_210,f_jpg?from=ke.com
20241008,朝阳,大望路,101123753057,四环内两居业主靠谱出售看房提前预约诚意出售,425万,62035元/平,低楼层 (共28层) | 2004年 | 2室1厅 | 68.51平米 | 东北,https://ke-image.ljcdn.com/110000-inspection/pc1_jQ4jLk3rX_1.jpg!m_fill,w_280,h_210,f_jpg?from=ke.com
20241008,朝阳,大望路,101123715157,珠江帝景博悦 高层 南北通透三卫大三居 业主诚意出售,1298万,86644元/平,顶层 (共16层) | 2009年 | 3室2厅 | 149.81平米 | 南 北,https://ke-image.ljcdn.com/110000-inspection/db319fc2-6eec-4ac5-84f0-c012393263f4_1000.jpg!m_fill,w_280,h_210,f_jpg?from=ke.com
20241008,朝阳,大望路,101123710355,珠江帝景  满五唯一  小户型 总价不高,780万,100335元/平,低楼层 (共26层) | 2004年 | 1室1厅 | 77.74平米 | 东北,https://ke-image.ljcdn.com/110000-inspection/pc1_wGtztIis6.jpg!m_fill,w_280,h_210,f_jpg?from=ke.com
20241008,朝阳,大望路,101123660355,满五年唯一 中间位置 接受换房 不临街 两梯三户随时看房主自荐,1650万,99686元/平,中楼层 (共17层) 3室1厅 | 165.52平米 | 南,https://ke-image.ljcdn.com/110000-inspection/pc1_5RkCFRBxD.jpg!m_fill,w_280,h_210,f_jpg?from=ke.com
20241008,朝阳,大望路,101123626103,300多万品质  大复式  拎包入住 阳光明媚 视野开阔,3280万,132221元/平,顶层 (共26层) | 2004年 | 5室3厅 | 248.07平米 | 南,https://ke-image.ljcdn.com/110000-inspection/e506ac29-c5bc-450d-964e-4a0a3b92e35a_1000.jpg!m_fill,w_280,h_210,f_jpg?from=ke.com
20241008,朝阳,大望路,101123623655,珠江帝景 3室2厅 南,1200万,76998元/平,低楼层 (共26层) 3室2厅 | 155.85平米 | 南,https://ke-image.ljcdn.com/110000-inspection/1204c158-f3d6-4e3a-9cfa-86046d399b17_1000.jpg!m_fill,w_280,h_210,f_jpg?from=ke.com
20241008,朝阳,大望路,101123551076,珠江帝景E区 边户明卫 满五唯一 观花园 看房随时房主自荐,1399万,87030元/平,低楼层 (共15层) 3室2厅 | 160.75平米 | 南 北,https://ke-image.ljcdn.com/110000-inspection/8388d5bb-a680-4bf0-96a5-73afe1bf2efe_1000.jpg!m_fill,w_280,h_210,f_jpg?from=ke.com
20241008,朝阳,大望路,101123525810,合生汇附近风度柏林南北通透三居正对小区花园房主自荐,1266万,95461元/平,中楼层 (共11层) | 2004年 | 3室1厅 | 132.62平米 | 南 北,https://ke-image.ljcdn.com/110000-inspection/pc1_8dxaA0x9T.jpg!m_fill,w_280,h_210,f_jpg?from=ke.com
20241008,朝阳,大望路,101123522322,金港国际地下产权车位诚意出售位置好,39万,33914元/平,地下室 (共10层) 1室0厅 | 11.5平米 | 南 北,https://ke-image.ljcdn.com/110000-inspection/e5e42a34-bb65-434a-9337-2885e7018ffc_1000.jpg!m_fill,w_280,h_210,f_jpg?from=ke.com
20241008,朝阳,大望路,101123473996,珠江帝景看小区花园 卧室外面可养花草 视野好,1150万,93065元/平,低楼层 (共26层) | 2004年 | 3室1厅 | 123.57平米 | 东南,https://ke-image.ljcdn.com/110000-inspection/31fa6542-8867-44a2-bc8b-86ec36d6f653_1000.jpg!m_fill,w_280,h_210,f_jpg?from=ke.com
20241008,朝阳,大望路,101123447875,金港国际 东向开间  无遮挡  视野好  诚意出售房主自荐,268万,58785元/平,顶层 (共11层) | 2006年 | 1室0厅 | 45.59平米 | 东,https://ke-image.ljcdn.com/110000-inspection/pc1_V1CvN7VhW.jpg!m_fill,w_280,h_210,f_jpg?from=ke.com
20241008,朝阳,大望路,101123446292,业主急售南向开间独立厨房有燃气。品质装修拎包入住,280万,58566元/平,底层 (共18层) | 2006年 | 1室0厅 | 47.81平米 | 南,https://ke-image.ljcdn.com/110000-inspection/89eb1102-7ac1-4749-8edd-432a7453a282_1000.jpg!m_fill,w_280,h_210,f_jpg?from=ke.com
20241008,朝阳,大望路,101123434571,乐成公馆 3室2厅 南 北,1800万,103099元/平,中楼层 (共11层) | 2007年 | 3室2厅 | 174.59平米 | 南 北,https://ke-image.ljcdn.com/110000-inspection/pc1_VcccxPPp1.jpg!m_fill,w_280,h_210,f_jpg?from=ke.com
20241008,朝阳,大望路,101123408849,南向对公园满五唯一  视野好  无遮挡  看房方便,535万,49968元/平,高楼层 (共18层) 3室1厅 | 107.07平米 | 南,https://ke-image.ljcdn.com/110000-inspection/pc1_RNFwinvVb_2.jpg!m_fill,w_280,h_210,f_jpg?from=ke.com
20241008,朝阳,大望路,101123405685,满五唯一 南向三居室 无遮挡 签约无障碍,1480万,93147元/平,中楼层 (共25层) | 2006年 | 3室1厅 | 158.89平米 | 南,https://ke-image.ljcdn.com/110000-inspection/2b0e986f-5215-43e5-a327-ab1ca23139ac_1000.jpg!m_fill,w_280,h_210,f_jpg?from=ke.com
20241008,朝阳,大望路,101123403224,珠江帝景B区 高层看院里和国贸 安静宜居,1150万,93284元/平,高楼层 (共26层) | 2006年 | 3室1厅 | 123.28平米 | 北,https://ke-image.ljcdn.com/110000-inspection/eaa1d895-d6f1-40f4-bce8-7563366d2e33_1000.jpg!m_fill,w_280,h_210,f_jpg?from=ke.com
20241008,朝阳,大望路,101123391901,珠江帝景伯爵山 正规精装三居室房主自荐,1228万,98603元/平,中楼层 (共15层) | 2007年 | 3室1厅 | 124.54平米 | 西 北,https://ke-image.ljcdn.com/110000-inspection/dd8cc972-c3d9-4026-b150-ba04f3bb91f2_1000.jpg!m_fill,w_280,h_210,f_jpg?from=ke.com
20241008,朝阳,大望路,101123346701,满五唯一。业主换房诚意出售业主自己住装修保养好,560万,52303元/平,低楼层 (共16层) 2室1厅 | 107.07平米 | 东南,https://ke-image.ljcdn.com/110000-inspection/pc1_D8954KBoF.jpg!m_fill,w_280,h_210,f_jpg?from=ke.com
20241008,朝阳,大望路,101123296647,板楼满五年唯一 高楼层无遮挡  视野好 带燃气,290万,66075元/平,高楼层 (共18层) 1室0厅 | 43.89平米 | 西北,https://ke-image.ljcdn.com/110000-inspection/pc1_tAPLmkeZG_1.jpg!m_fill,w_280,h_210,f_jpg?from=ke.com
20241008,朝阳,大望路,101123294133,满五唯一正看小区花园户型方正有阳台大落地窗。房主自荐,329万,53688元/平,中楼层 (共14层) | 2004年 | 1室1厅 | 61.28平米 | 南,https://ke-image.ljcdn.com/110000-inspection/ed6dae4b-99e2-4ba3-af16-dcbca8369ba9_1000.jpg!m_fill,w_280,h_210,f_jpg?from=ke.com
20241008,朝阳,大望路,101123291531,高楼层   观国贸  看房随时房主自荐,1650万,80725元/平,高楼层 (共26层) | 2004年 | 4室2厅 | 204.4平米 | 南 北,https://ke-image.ljcdn.com/110000-inspection/950e77bd-e9fc-4f90-970f-b0cff117421d_1000.jpg!m_fill,w_280,h_210,f_jpg?from=ke.com
20241008,朝阳,大望路,101123279421,国贸CBD商圈 3线地铁 精装修 落地窗 视野好 明厨明卫,299万,65816元/平,中楼层 (共20层) | 2003年 | 1室0厅 | 45.43平米 | 北,https://ke-image.ljcdn.com/110000-inspection/06f2fabb-5d81-4bc3-8142-820f49a2879d_1000.jpg!m_fill,w_280,h_210,f_jpg?from=ke.com
20241008,朝阳,大望路,101123226021,此房满五年商品房购买此房只有契税跃层两居房主自荐,439万,45587元/平,低楼层 (共18层) | 2008年 | 2室1厅 | 96.3平米 | 西北,https://ke-image.ljcdn.com/110000-inspection/pc1_qnJg4WzVV_1.jpg!m_fill,w_280,h_210,f_jpg?from=ke.com
20241008,朝阳,大望路,101123162227,后现代城A区 满五明厨明卫随时可看新装房主自荐,670万,67500元/平,顶层 (共18层) | 2004年 | 3室1厅 | 99.26平米 | 东南 南 北,https://ke-image.ljcdn.com/110000-inspection/pc1_cN5xxnfbi_2.jpg!m_fill,w_280,h_210,f_jpg?from=ke.com
20241008,朝阳,大望路,101123140671,珠江帝景 3室1厅 南,1330万,85691元/平,低楼层 (共26层) | 2004年 | 3室1厅 | 155.21平米 | 南,https://ke-image.ljcdn.com/110000-inspection/pc1_vR1QNiUYg_2.jpg!m_fill,w_280,h_210,f_jpg?from=ke.com
20241008,朝阳,大望路,101123140296,珠江帝景优质一居室满五年唯一,790万,101335元/平,低楼层 (共26层) | 2004年 | 1室1厅 | 77.96平米 | 西北,https://ke-image.ljcdn.com/110000-inspection/pc1_fm6MnjXCn_1.jpg!m_fill,w_280,h_210,f_jpg?from=ke.com
20241008,朝阳,大望路,101123140261,珠江帝景 高层 大两居 满两年房主自荐,1080万,91666元/平,高楼层 (共26层) 2室1厅 | 117.82平米 | 南,https://ke-image.ljcdn.com/110000-inspection/586bb993-46b2-4d17-8c97-28596aa77201_1000.jpg!m_fill,w_280,h_210,f_jpg?from=ke.com
20241008,朝阳,大望路,101123140132,满五年唯一看花园两居室 安静不临街,685万,82174元/平,低楼层 (共22层) | 2006年 | 2室1厅 | 83.36平米 | 西,https://ke-image.ljcdn.com/110000-inspection/b0ed6d19-aaae-4935-98c2-8648b25dea9b_1000.jpg!m_fill,w_280,h_210,f_jpg?from=ke.com
20241008,朝阳,大望路,101123139205,风度柏林西向看花园一居 安静不临街,535万,85341元/平,低楼层 (共22层) | 2004年 | 1室1厅 | 62.69平米 | 西北,https://ke-image.ljcdn.com/110000-inspection/pc1_esK71pvSK.jpg!m_fill,w_280,h_210,f_jpg?from=ke.com
20241008,朝阳,大望路,101123130416,珠江帝景 位置安静 没有遮挡 满五唯一,1095万,88243元/平,低楼层 (共26层) 2室1厅 | 124.09平米 | 西南,https://ke-image.ljcdn.com/110000-inspection/pc1_heIW9Qw6N_1.jpg!m_fill,w_280,h_210,f_jpg?from=ke.com
20241008,朝阳,大望路,101123125712,中高层南向采光好眼镜户型两居加书房互不干扰房主自荐,1160万,90308元/平,高楼层 (共26层) 2室2厅 | 128.45平米 | 南,https://ke-image.ljcdn.com/110000-inspection/pc1_O3N1ygJBn_1.jpg!m_fill,w_280,h_210,f_jpg?from=ke.com
20241008,朝阳,大望路,101123113180,东三环 风度柏林 板楼 南北三居室 急售,1260万,77344元/平,低楼层 (共18层) | 2005年 | 3室2厅 | 162.91平米 | 南 北,https://ke-image.ljcdn.com/110000-inspection/b30b37c3-4218-4d9a-a6c2-da05dfb8519c_1000.jpg!m_fill,w_280,h_210,f_jpg?from=ke.com
20241008,朝阳,大望路,101123073406,万科蓝山 3室1厅 南 北,1580万,94844元/平,低楼层 (共25层) | 2012年 | 3室1厅 | 166.59平米 | 南 北,https://ke-image.ljcdn.com/110000-inspection/4ea71718-c72a-4212-837d-34c62152fa8b_1000.jpg!m_fill,w_280,h_210,f_jpg?from=ke.com
20241008,朝阳,大望路,101123066202,珠江帝景中间下跃复式下沉式花院足不出户赏四季美景,2120万,121414元/平,底层 (共17层) 5室2厅 | 174.61平米 | 南 北,https://ke-image.ljcdn.com/110000-inspection/4f84199b-79f3-4642-87a0-6530af9cd32c_1000.jpg!m_fill,w_280,h_210,f_jpg?from=ke.com
20241008,朝阳,大望路,101123026088,新上 风度柏林南北三居 落地窗大阳台 明卫 看房方便,1298万,79676元/平,中楼层 (共18层) | 2005年 | 3室2厅 | 162.91平米 | 南 北,https://ke-image.ljcdn.com/110000-inspection/a2a49062-7e75-4a3a-abb3-6e3b4df6e433_1000.jpg!m_fill,w_280,h_210,f_jpg?from=ke.com
20241008,朝阳,大望路,101123014048,新上 风度柏林明卫 南北高楼层三居 视野好临近地铁,1160万,84982元/平,中楼层 (共14层) | 2005年 | 3室1厅 | 136.5平米 | 南 北,https://ke-image.ljcdn.com/110000-inspection/pc1_wvdN8XWF2.jpg!m_fill,w_280,h_210,f_jpg?from=ke.com
20241008,朝阳,大望路,101123002989,易构空间满五年唯一高楼层小复式精装修视野好,440万,60003元/平,中楼层 (共24层) | 2004年 | 1室1厅 | 73.33平米 | 西,https://ke-image.ljcdn.com/110000-inspection/0305035f-29d5-4341-af0f-0294e449d0df_1000.jpg!m_fill,w_280,h_210,f_jpg?from=ke.com
20241008,朝阳,大望路,101122984726,满五唯一没有抵押户型方正落地窗正对小区花园,308万,52614元/平,低楼层 (共14层) | 2004年 | 1室0厅 | 58.54平米 | 南,https://ke-image.ljcdn.com/110000-inspection/pc1_gBG02J0fK.jpg!m_fill,w_280,h_210,f_jpg?from=ke.com
20241008,朝阳,大望路,101122964227,东方雅苑二期朝南看花园不临街板楼2梯4户采光视野好,385万,80629元/平,中楼层 (共18层) | 2008年 | 1室0厅 | 47.75平米 | 南,https://ke-image.ljcdn.com/110000-inspection/test-610e7167-e69f-4a1f-b378-6c40f432f8e7.png!m_fill,w_280,h_210,f_jpg?from=ke.com
20241008,朝阳,大望路,101122961756,禧福汇 四星上市物业 南北通透三居 看花园不临街,1450万,88626元/平,低楼层 (共20层) | 2009年 | 3室3厅 | 163.61平米 | 东 南 北,https://ke-image.ljcdn.com/110000-inspection/2e9e2f99-abd9-49fe-b0ff-12a3a540f250_1000.jpg!m_fill,w_280,h_210,f_jpg?from=ke.com
20241008,朝阳,大望路,101122960154,珠江帝景中高层南向大面宽三居采光视野好无遮挡,1630万,94236元/平,中楼层 (共25层) | 2006年 | 3室2厅 | 172.97平米 | 南,https://ke-image.ljcdn.com/110000-inspection/7d3b749d-f9a9-4543-8d50-2ee91e56339e_1000.jpg!m_fill,w_280,h_210,f_jpg?from=ke.com
20241008,朝阳,大望路,101122959997,珠江帝景博悦板楼2梯3户边户南北3居室双明卫有车位,1600万,99017元/平,高楼层 (共15层) | 2009年 | 3室2厅 | 161.59平米 | 南 北,https://ke-image.ljcdn.com/110000-inspection/f72aacfb-fcc2-48f6-8cd2-be8039ca68e4_1000.jpg!m_fill,w_280,h_210,f_jpg?from=ke.com
20241008,朝阳,大望路,101122844754,乐成豪丽 满五年唯一 70年住宅百万装修拎包入住,595万,75279元/平,高楼层 (共15层) | 2008年 | 1室1厅 | 79.04平米 | 西南,https://ke-image.ljcdn.com/110000-inspection/pc1_DyJj9bksa_1.jpg!m_fill,w_280,h_210,f_jpg?from=ke.com
20241008,朝阳,大望路,101122791044,东方雅苑南向有燃气开间业主诚意出售！,360万,75678元/平,低楼层 (共18层) 1室0厅 | 47.57平米 | 南,https://ke-image.ljcdn.com/110000-inspection/pc1_wPNJvD7zO.jpg!m_fill,w_280,h_210,f_jpg?from=ke.com
20241008,朝阳,大望路,101122790769,鸿坤花语墅 3室1厅 南 北,1650万,110265元/平,低楼层 (共9层) | 2022年 | 3室1厅 | 149.64平米 | 南 北,https://ke-image.ljcdn.com/110000-inspection/32b894c5-2ccc-4d38-b9f7-c49a033d8b9e_1000.jpg!m_fill,w_280,h_210,f_jpg?from=ke.com
20241008,朝阳,大望路,101122787773,金港国际精装修大四居不临街无噪音看小区中庭。,1100万,69727元/平,低楼层 (共18层) | 2005年 | 4室2厅 | 157.76平米 | 东 西 西北,https://ke-image.ljcdn.com/110000-inspection/7cdcf032-8072-427c-81f5-fe5d070a24b2_1000.jpg!m_fill,w_280,h_210,f_jpg?from=ke.com
20241008,朝阳,大望路,101122783208,珠江帝景两居室南北通透满五年唯一。,1198万,96303元/平,低楼层 (共26层) | 2004年 | 2室1厅 | 124.4平米 | 南 北,https://ke-image.ljcdn.com/110000-inspection/pc1_wWeBZTrUu.jpg!m_fill,w_280,h_210,f_jpg?from=ke.com
20241008,朝阳,大望路,101122782284,东方雅苑南向看花园带有燃气开间满五年唯一。,325万,66956元/平,中楼层 (共12层) | 2007年 | 1室0厅 | 48.54平米 | 南,https://ke-image.ljcdn.com/110000-inspection/50f7ffb5-d9b3-425d-b0cc-e19616a6bff5_1000.jpg!m_fill,w_280,h_210,f_jpg?from=ke.com
20241008,朝阳,大望路,101122782040,满五年且唯一次顶层楼层高视野开阔。,559万,87522元/平,高楼层 (共22层) | 2006年 | 1室1厅 | 63.87平米 | 东北,https://ke-image.ljcdn.com/110000-inspection/pc1_RVUTxG2TT.jpg!m_fill,w_280,h_210,f_jpg?from=ke.com
20241008,朝阳,大望路,101122758161,新装修   大望路地铁   小区内有停车位,325万,64858元/平,底层 (共6层) | 1979年 | 2室1厅 | 50.11平米 | 南 北,https://ke-image.ljcdn.com/110000-inspection/pc1_XB5AtUnqn_1.jpg!m_fill,w_280,h_210,f_jpg?from=ke.com
20241008,朝阳,大望路,101122644526,双地铁换乘高层观景 无遮挡精装修 南北通透 满五唯一,1350万,81784元/平,顶层 (共14层) 4室2厅 | 165.07平米 | 南 北,https://ke-image.ljcdn.com/110000-inspection/pc1_9gitwF5gp_1.jpg!m_fill,w_280,h_210,f_jpg?from=ke.com
20241008,朝阳,大望路,101122629806,东北向正对小区花园无遮挡。户型方正。全落地窗。,545万,60023元/平,低楼层 (共27层) | 2007年 | 2室1厅 | 90.8平米 | 东 北,https://ke-image.ljcdn.com/110000-inspection/15eacd64-17f1-46fb-8ce4-a5870fc81140_1000.jpg!m_fill,w_280,h_210,f_jpg?from=ke.com
20241008,朝阳,大望路,101122620737,此房房产证已满五年南北通透花园洋房业主诚意出售,3568万,118795元/平,底层 (共4层) | 2012年 | 5室3厅 | 300.35平米 | 南 北,https://ke-image.ljcdn.com/110000-inspection/pc1_z8Vhl433t_1.jpg!m_fill,w_280,h_210,f_jpg?from=ke.com
20241008,朝阳,大望路,101122581729,珠江帝景B区北排楼层位置好满五唯一落地大窗,1050万,84582元/平,中楼层 (共26层) | 2004年 | 2室1厅 | 124.14平米 | 西南,https://ke-image.ljcdn.com/110000-inspection/pc1_zIYXAePLg.jpg!m_fill,w_280,h_210,f_jpg?from=ke.com
20241008,朝阳,大望路,101122569372,珠江帝景大复式二楼层高超过4米卧室不相邻全天太阳,2288万,113746元/平,高楼层 (共26层) 5室2厅 | 201.15平米 | 南 北,https://ke-image.ljcdn.com/110000-inspection/304bde7c-cd5e-4cca-bcc8-cc6c98efc2d8_1000.jpg!m_fill,w_280,h_210,f_jpg?from=ke.com
20241008,朝阳,大望路,101122503713,有花园 约20平 不临街 南北通透 三居两卫,1298万,97874元/平,底层 (共11层) | 2004年 | 3室2厅 | 132.62平米 | 南 北,https://ke-image.ljcdn.com/110000-inspection/1fb8514e-e0fc-4459-bb5d-f3bffadf8cec_1000.jpg!m_fill,w_280,h_210,f_jpg?from=ke.com
20241008,朝阳,大望路,101122435555,珠江帝景 南北通透  满五年唯一 客厅 对小区花园,1250万,99578元/平,低楼层 (共26层) | 2004年 | 2室1厅 | 125.53平米 | 南 北,https://ke-image.ljcdn.com/110000-inspection/pc1_uszyUyajn_1.jpg!m_fill,w_280,h_210,f_jpg?from=ke.com
20241008,朝阳,大望路,101122392034,珠江帝景 3室2厅 南 北,1990万,110765元/平,高楼层 (共17层) 3室2厅 | 179.66平米 | 南 北,https://ke-image.ljcdn.com/110000-inspection/pc1_4zT40w0l1_1.jpg!m_fill,w_280,h_210,f_jpg?from=ke.com
20241008,朝阳,大望路,101122390916,高层一居复式 近看花园 远看国贸,750万,103835元/平,中楼层 (共26层) | 2004年 | 1室1厅 | 72.23平米 | 西北,https://ke-image.ljcdn.com/110000-inspection/pc1_0g0Ch5aVf_1.jpg!m_fill,w_280,h_210,f_jpg?from=ke.com
20241008,朝阳,大望路,101122269196,风度柏林南向2居室带有衣帽间大面宽2卫板楼,989万,76643元/平,高楼层 (共18层) | 2005年 | 2室2厅 | 129.04平米 | 南,https://ke-image.ljcdn.com/110000-inspection/bc6a2d33-95a5-4a80-94f7-e9dd3faa9f20_1000.jpg!m_fill,w_280,h_210,f_jpg?from=ke.com
20241008,朝阳,大望路,101122268318,珠江帝景五居大复式 动静分区互不打扰满五唯一靠谱卖,2300万,92772元/平,高楼层 (共26层) | 2004年 | 5室2厅 | 247.92平米 | 西南,https://ke-image.ljcdn.com/110000-inspection/474716a6-3409-4444-8702-b665057b0000_1000.jpg!m_fill,w_280,h_210,f_jpg?from=ke.com
20241008,朝阳,大望路,101122265910,鸿坤花语墅南北通透全明格局不临街采光好,1759万,118547元/平,中楼层 (共4层) 3室1厅 | 148.38平米 | 南 北,https://ke-image.ljcdn.com/110000-inspection/c5ecb5b8-424e-49ee-bdc5-1d20d0294893_1000.jpg!m_fill,w_280,h_210,f_jpg?from=ke.com
20241008,朝阳,大望路,101122251765,后现代城D区 中高楼层 观国贸景观 视野好,710万,75069元/平,中楼层 (共28层) | 2006年 | 2室1厅 | 94.58平米 | 西北,https://ke-image.ljcdn.com/110000-inspection/pc1_afZkl7cpN_1.jpg!m_fill,w_280,h_210,f_jpg?from=ke.com
20241008,朝阳,大望路,101122218100,后现代城D区 2室1厅 南,830万,82473元/平,中楼层 (共11层) 2室1厅 | 100.64平米 | 南,https://ke-image.ljcdn.com/110000-inspection/fa1fa1c2-4b28-492c-9cc8-53899c0933f2_1000.jpg!m_fill,w_280,h_210,f_jpg?from=ke.com
20241008,朝阳,大望路,101122202586,满五年房本算单层面积LOFT近地铁商圈成熟,830万,76098元/平,高楼层 (共9层) 3室1厅 | 109.07平米 | 南,https://ke-image.ljcdn.com/110000-inspection/c628aef3-3e6c-4b84-9dcf-62ca1c328508_1000.jpg!m_fill,w_280,h_210,f_jpg?from=ke.com
20241008,朝阳,大望路,101122096404,南北通透复式一梯两户精装修业主诚意出售,1900万,65895元/平,顶层 (共18层) | 2005年 | 5室1厅 | 288.34平米 | 南 北,https://ke-image.ljcdn.com/110000-inspection/pc1_VhDcj6KUr.jpg!m_fill,w_280,h_210,f_jpg?from=ke.com
20241008,朝阳,大望路,101122074627,全明格局近地铁14号线满五年唯一,484万,91981元/平,低楼层 (共20层) | 2009年 | 1室1厅 | 52.62平米 | 东北,https://ke-image.ljcdn.com/110000-inspection/cab2a7da-3921-4a4c-b7e8-74a4dd87fa63_1000.jpg!m_fill,w_280,h_210,f_jpg?from=ke.com
20241008,朝阳,大望路,101121976698,乐成公馆 经典两居 高楼层  诚意出售房主自荐,1420万,100932元/平,高楼层 (共22层) | 2007年 | 2室1厅 | 140.69平米 | 南,https://ke-image.ljcdn.com/110000-inspection/pc1_rxcpElKbL_1.jpg!m_fill,w_280,h_210,f_jpg?from=ke.com
20241008,朝阳,大望路,101121873366,高层国贸景观房视野开阔全明格局,845万,87620元/平,高楼层 (共20层) | 2009年 | 2室1厅 | 96.44平米 | 西 北,https://ke-image.ljcdn.com/110000-inspection/pc1_oHdGqftG2.jpg!m_fill,w_280,h_210,f_jpg?from=ke.com
20241008,朝阳,大望路,101121772330,珠江帝景精装修两居室业主诚意出售。,1050万,84726元/平,低楼层 (共26层) | 2004年 | 2室1厅 | 123.93平米 | 北,https://ke-image.ljcdn.com/110000-inspection/pc1_UrjC1wpPY_1.jpg!m_fill,w_280,h_210,f_jpg?from=ke.com
20241008,朝阳,大望路,101121725999,南北通透 板楼三居室 前后双阳台 诚意出售,1300万,81890元/平,低楼层 (共18层) | 2005年 | 3室1厅 | 158.75平米 | 南 北,https://ke-image.ljcdn.com/110000-inspection/78bd30a8-3f80-4e86-ba3f-8ab40a753539_1000.jpg!m_fill,w_280,h_210,f_jpg?from=ke.com
20241008,朝阳,大望路,101121711074,金港国际次次顶层南北通透四居室视野无遮挡,1465万,96541元/平,中楼层 (共8层) | 2003年 | 4室2厅 | 151.75平米 | 北 南,https://ke-image.ljcdn.com/110000-inspection/ecb50340-7a23-48e7-bfa0-a3cff490be7c_1000.jpg!m_fill,w_280,h_210,f_jpg?from=ke.com
20241008,朝阳,大望路,101121700851,后现代城A区 车位,22万,5209元/平,地下室 (共14层) | 2004年 | 1室0厅 | 42.24平米 | 南,https://ke-image.ljcdn.com/110000-inspection/0b53791e-4df9-42c5-895a-e246e505c9b3_1000.jpg!m_fill,w_280,h_210,f_jpg?from=ke.com
20241008,朝阳,大望路,101121553154,石韵浩庭 5室2厅 东 南 北房主自荐,1480万,50284元/平,顶层 (共14层) | 2004年 | 5室2厅 | 294.33平米 | 东 南 北,https://ke-image.ljcdn.com/110000-inspection/pc1_KcztLoSMJ_1.jpg!m_fill,w_280,h_210,f_jpg?from=ke.com
20241008,朝阳,大望路,101121439660,首府官邸下叠出售满五年唯一安静采光好,5000万,88815元/平,底层 (共5层) 6室3厅 | 562.97平米 | 南 北,https://ke-image.ljcdn.com/110000-inspection/pc1_zbtdBM7pD_1.jpg!m_fill,w_280,h_210,f_jpg?from=ke.com
20241008,朝阳,大望路,101121338997,珠江帝景 高层大面宽 全景看花园 经典大四居室,2490万,107495元/平,高楼层 (共17层) 4室2厅 | 231.64平米 | 南,https://ke-image.ljcdn.com/110000-inspection/07a4e388-9e12-41ed-ad00-5e132fc1a341_1000.jpg!m_fill,w_280,h_210,f_jpg?from=ke.com
20241008,朝阳,大望路,101121323574,南北通透 一梯两户  户型方正   全明格局,1198万,76776元/平,低楼层 (共14层) 4室2厅 | 156.04平米 | 南 北,https://ke-image.ljcdn.com/110000-inspection/pc1_VyITDV6BK_1.jpg!m_fill,w_280,h_210,f_jpg?from=ke.com
20241008,朝阳,大望路,101121301748,后现代城两居室 3条地铁线路 精装户型 满五年唯一,762万,85055元/平,低楼层 (共15层) | 2004年 | 2室1厅 | 89.59平米 | 南 西南,https://ke-image.ljcdn.com/110000-inspection/1a430f4e-862f-4801-b296-6917b3f98a43_1000.jpg!m_fill,w_280,h_210,f_jpg?from=ke.com
20241008,朝阳,大望路,101121133414,风度柏林 正看小区花园 两居室,1000万,90984元/平,高楼层 (共11层) | 2004年 | 2室1厅 | 109.91平米 | 南,https://ke-image.ljcdn.com/110000-inspection/1dc2a6f4-3142-456f-bc18-6f6a71ebcfb0_1000.jpg!m_fill,w_280,h_210,f_jpg?from=ke.com
20241008,朝阳,大望路,101121096200,后现代城不临街明厨明卫带燃气户型房主自荐,310万,66825元/平,中楼层 (共15层) | 2004年 | 1室0厅 | 46.39平米 | 北,https://ke-image.ljcdn.com/110000-inspection/pc1_i7nhkztIP.jpg!m_fill,w_280,h_210,f_jpg?from=ke.com
20241008,朝阳,大望路,101121094098,后现代城D区 中间楼层正规一居室 满五年唯一,410万,59611元/平,中楼层 (共27层) | 2006年 | 1室1厅 | 68.78平米 | 北,https://ke-image.ljcdn.com/110000-inspection/pc1_0Qh2DyFkU_1.jpg!m_fill,w_280,h_210,f_jpg?from=ke.com
20241008,朝阳,大望路,101120985985,次顶层 视野好 落地窗 采光好 户型方正 满五唯一房主自荐,615万,75814元/平,高楼层 (共28层) | 2007年 | 2室1厅 | 81.12平米 | 西北,https://ke-image.ljcdn.com/110000-inspection/954c47f4-a86c-4169-bd05-4799bef916bd_1000.jpg!m_fill,w_280,h_210,f_jpg?from=ke.com
20241008,朝阳,大望路,101120913618,乐成公馆 高层 南北观景大四居 客厅面宽5.7米 诚意卖,2950万,114359元/平,中楼层 (共21层) | 2007年 | 4室2厅 | 257.96平米 | 南 北,https://ke-image.ljcdn.com/110000-inspection/pc1_hxgUF2ECq.jpg!m_fill,w_280,h_210,f_jpg?from=ke.com
20241008,朝阳,大望路,101120913478,后现代城D区   南向两居   交通便利房主自荐,499万,55892元/平,低楼层 (共9层) | 2006年 | 2室1厅 | 89.28平米 | 南,https://ke-image.ljcdn.com/110000-inspection/18fbbe3c-232a-4a96-ac75-69da6232be76_1000.jpg!m_fill,w_280,h_210,f_jpg?from=ke.com
20241008,朝阳,大望路,101120869490,南北通透  一梯两户  交通便利  户型方正,1190万,92270元/平,底层 (共9层) 3室2厅 | 128.97平米 | 南 北,https://ke-image.ljcdn.com/110000-inspection/0b43a0f4-308f-45bf-aba1-bfc0c82028ca_1000.jpg!m_fill,w_280,h_210,f_jpg?from=ke.com
20241008,朝阳,大望路,101120869124,此房满五年唯一西南两居室卫生间带窗户房主自荐,930万,96134元/平,低楼层 (共20层) | 2009年 | 2室1厅 | 96.74平米 | 西南,https://ke-image.ljcdn.com/110000-inspection/pc1_TWu6TSyfI.jpg!m_fill,w_280,h_210,f_jpg?from=ke.com
20241008,朝阳,大望路,101120685675,金茂府东区中间楼西边户 满五年有钥匙 有车位价可谈房主自荐,2390万,115532元/平,中楼层 (共24层) | 2013年 | 3室2厅 | 206.87平米 | 南 西 北,https://ke-image.ljcdn.com/110000-inspection/ee384592-cca6-4c03-8133-70f1b003b1d9_1000.jpg!m_fill,w_280,h_210,f_jpg?from=ke.com
20241008,朝阳,大望路,101120662519,后现代城A区 顶层复式 装修好 看房基本上随时房主自荐,639万,64377元/平,顶层 (共18层) | 2004年 | 2室1厅 | 99.26平米 | 南,https://ke-image.ljcdn.com/110000-inspection/0ecc0e78-6084-4b32-86f5-5aa6df61735a_1000.jpg!m_fill,w_280,h_210,f_jpg?from=ke.com
20241008,朝阳,大望路,101120628104,一阁语心:赏诗经享生活 一台语情：品咖啡看星辰,1789万,121875元/平,顶层 (共6层) 4室2厅 | 146.79平米 | 南 北,https://ke-image.ljcdn.com/110000-inspection/1029d221-49cd-4e02-8a72-27089f72aede_1000.jpg!m_fill,w_280,h_210,f_jpg?from=ke.com
20241008,朝阳,大望路,101120517580,景观房两梯三户纯板楼金地物业管理管家式服务,1850万,100922元/平,高楼层 (共22层) | 2007年 | 3室2厅 | 183.31平米 | 南 北,https://ke-image.ljcdn.com/110000-inspection/1dbcdec7-a47b-47c9-9549-7fc379c63386_1000.jpg!m_fill,w_280,h_210,f_jpg?from=ke.com
20241008,朝阳,大望路,101120184599,珠江帝景E区     正南向    二加一,990万,110356元/平,低楼层 (共16层) 2室1厅 | 89.71平米 | 南,https://ke-image.ljcdn.com/110000-inspection/5db076c1-6cb0-4d88-a589-d1b28241eaa9_1000.jpg!m_fill,w_280,h_210,f_jpg?from=ke.com
20241008,朝阳,大望路,101119919889,金茂府北区前排位置三面花园  安静视野好房主自荐,5500万,141004元/平,中楼层 (共17层) 5室2厅 | 390.06平米 | 南 北,https://ke-image.ljcdn.com/110000-inspection/b88f72b1-ee22-4ae0-b315-4f1e8440ca7d_1000.jpg!m_fill,w_280,h_210,f_jpg?from=ke.com
20241008,朝阳,大望路,101119828190,后现代城A区 封闭小区临近地铁 看房方便房主自荐,256万,48977元/平,底层 (共20层) | 2003年 | 1室0厅 | 52.27平米 | 北,https://ke-image.ljcdn.com/110000-inspection/pc1_mpo4A7bLx.jpg!m_fill,w_280,h_210,f_jpg?from=ke.com
20241008,朝阳,大望路,101119764868,后现代城 70年产权清晰 配套成熟 民水民电 地铁口,510万,43078元/平,低楼层 (共14层) | 2004年 | 3室1厅 | 118.39平米 | 南,https://ke-image.ljcdn.com/110000-inspection/pc1_x4Osy8Gca_1.jpg!m_fill,w_280,h_210,f_jpg?from=ke.com
20241008,朝阳,大望路,101119712032,东向采光好户型方正带阳台诚意出售,499万,72351元/平,低楼层 (共15层) | 2008年 | 1室1厅 | 68.97平米 | 东,https://ke-image.ljcdn.com/110000-inspection/pc1_99sprTmU5_1.jpg!m_fill,w_280,h_210,f_jpg?from=ke.com
20241008,朝阳,大望路,101119699195,后现代城B区 70年产权商品房民水民电,410万,36663元/平,低楼层 (共14层) | 2004年 | 2室1厅 | 111.83平米 | 北,https://ke-image.ljcdn.com/110000-inspection/88b469da-ea53-44fc-bee5-9c44cf0987e5_1000.jpg!m_fill,w_280,h_210,f_jpg?from=ke.com
20241008,朝阳,大望路,101119643723,后现代B区  70年住宅 跃层户型 南北通透 满五唯一,1360万,28430元/平,低楼层 (共14层) | 2004年 | 7室2厅 | 478.38平米 | 西 南 北,https://ke-image.ljcdn.com/110000-inspection/pc1_HbbsgPmnE_1.jpg!m_fill,w_280,h_210,f_jpg?from=ke.com
20241008,朝阳,大望路,101118446054,后现代城 挑高3.7米LOFT 2层不算面积,385万,45412元/平,底层 (共16层) | 2008年 | 2室1厅 | 84.78平米 | 西 北,https://ke-image.ljcdn.com/110000-inspection/pc1_XZIOIqig4_1.jpg!m_fill,w_280,h_210,f_jpg?from=ke.com
20241008,朝阳,大望路,101118160129,东四环内大望路商圈 南向朝小区,299万,51077元/平,低楼层 (共14层) | 2004年 | 1室0厅 | 58.54平米 | 南,https://ke-image.ljcdn.com/110000-inspection/b5791d29-3b21-4b14-b61e-8bddba06f966_1000.jpg!m_fill,w_280,h_210,f_jpg?from=ke.com
20241008,朝阳,大望路,101118091184,首府官邸国贸后花园。下叠别墅。,3268万,72636元/平,底层 (共5层) 4室3厅 | 449.92平米 | 南 北,https://ke-image.ljcdn.com/110000-inspection/a77264c6-2df0-4d83-9002-a9157e66ac09_1000.jpg!m_fill,w_280,h_210,f_jpg?from=ke.com
20241008,朝阳,大望路,101118071211,采光好重新精装修安静不临街看房方便,530万,74944元/平,中楼层 (共12层) | 2008年 | 1室1厅 | 70.72平米 | 西,https://ke-image.ljcdn.com/110000-inspection/pc1_vBawuVkMT.jpg!m_fill,w_280,h_210,f_jpg?from=ke.com
20241008,朝阳,大望路,101117993547,金港国际南向1居满五年唯一南向看花园房主自荐,460万,78889元/平,低楼层 (共10层) | 2005年 | 1室1厅 | 58.31平米 | 西南,https://ke-image.ljcdn.com/110000-inspection/pc1_Pb1LOyOz7_1.jpg!m_fill,w_280,h_210,f_jpg?from=ke.com
20241008,朝阳,大望路,101117979559,后现代城C区  正南向复式  安静朝小区房主自荐,565万,49427元/平,低楼层 (共18层) 2室1厅 | 114.31平米 | 南,https://ke-image.ljcdn.com/110000-inspection/ee3e69ae-4caf-485b-a5a1-6b073ece8590_1000.jpg!m_fill,w_280,h_210,f_jpg?from=ke.com
20241008,朝阳,大望路,101117904929,金港国际1居室满五年唯一采光足无遮挡房主自荐,500万,73487元/平,中楼层 (共10层) | 2003年 | 1室1厅 | 68.04平米 | 西,https://ke-image.ljcdn.com/110000-inspection/c6713571-b97e-47a7-b112-73c96d00bcb9_1000.jpg!m_fill,w_280,h_210,f_jpg?from=ke.com
20241008,朝阳,大望路,101117868820,四居室带保姆间诚意出售 价格可谈车位两个免费用房主自荐,4100万,134058元/平,低楼层 (共18层) | 2012年 | 4室2厅 | 305.84平米 | 南 西 北,https://ke-image.ljcdn.com/110000-inspection/e495b33c-8e4b-4592-b6b4-e03afd75fa05_1000.jpg!m_fill,w_280,h_210,f_jpg?from=ke.com
20241008,朝阳,大望路,101117864800,楼层高视野好CBD商圈近地铁、东向两居,636万,74213元/平,中楼层 (共28层) | 2006年 | 2室1厅 | 85.7平米 | 东,https://ke-image.ljcdn.com/110000-inspection/03a1028b-1931-4714-a437-77e5367987ff_1000.jpg!m_fill,w_280,h_210,f_jpg?from=ke.com
20241008,朝阳,大望路,101117853182,金茂府东区3号楼前后看花园 满五年一梯一户恒温恒湿房主自荐,2550万,123583元/平,低楼层 (共24层) | 2013年 | 3室2厅 | 206.34平米 | 南 北,https://ke-image.ljcdn.com/110000-inspection/45b8ff52-4d52-45e4-8175-2c4b0e84ff7e_1000.jpg!m_fill,w_280,h_210,f_jpg?from=ke.com
20241008,朝阳,大望路,101117561969,后现代城独有的复式格局 适合年轻人,560万,52381元/平,高楼层 (共18层) | 2008年 | 2室2厅 | 106.91平米 | 东南,https://ke-image.ljcdn.com/110000-inspection/pc1_P1mD1qVd9_1.jpg!m_fill,w_280,h_210,f_jpg?from=ke.com
20241008,朝阳,大望路,101116354023,金港国际南北通透复式。精装修。房主自荐,2033万,77596元/平,顶层 (共18层) | 2005年 | 4室1厅 | 262平米 | 北 南,https://ke-image.ljcdn.com/110000-inspection/pc1_6DQSsx1Bc_1.jpg!m_fill,w_280,h_210,f_jpg?from=ke.com
20241008,朝阳,大望路,101116058539,精装修 小户型开间 南向 大望路房主自荐,320万,77539元/平,底层 (共18层) | 2004年 | 1室0厅 | 41.27平米 | 南,https://ke-image.ljcdn.com/110000-inspection/650a7024-0f7a-4c48-9267-de762e85b1e3_1000.jpg!m_fill,w_280,h_210,f_jpg?from=ke.com
20241008,朝阳,大望路,101114676726,南北通透  户型方正   双轨交汇  封闭式管理社区房主自荐,850万,85505元/平,底层 (共7层) | 2004年 | 2室1厅 | 99.41平米 | 南 北,https://ke-image.ljcdn.com/110000-inspection/pc1_FLEeYca5L_1.jpg!m_fill,w_280,h_210,f_jpg?from=ke.com
20241008,朝阳,大望路,101111488822,复地首府南北通透大三居户型方正布局合理精装修,2650万,72082元/平,中楼层 (共9层) | 2009年 | 3室2厅 | 367.64平米 | 南 北,https://ke-image.ljcdn.com/110000-inspection/7d8d2fd5-6a4c-4fd0-aefb-ca4bcdec7073_1000.jpg!m_fill,w_280,h_210,f_jpg?from=ke.com
20241008,朝阳,大望路,101107028717,石韵浩庭 70年产权 两梯两户 东西通透有燃气,1230万,49474元/平,高楼层 (共14层) | 2004年 | 5室2厅 | 248.62平米 | 东 西,https://ke-image.ljcdn.com/110000-inspection/pc1_wT1lPoIwI_1.jpg!m_fill,w_280,h_210,f_jpg?from=ke.com
20241008,朝阳,大望路,101126956077,石韵浩庭 3室2厅 南 北,1188万,88637元/平,中楼层 (共15层) | 2004年 | 3室2厅 | 134.03平米 | 南 北,https://s1.ljcdn.com/pegasus/redskull/images/common/default_house_list.png?_v=20240826145726
20241008,朝阳,大望路,101126947401,两个卧室一样大户型好小区环境好,500万,66712元/平,高楼层 (共28层) 2室1厅 | 74.95平米 | 西,https://s1.ljcdn.com/pegasus/redskull/images/common/default_house_list.png?_v=20240826145726
20241008,朝阳,大望路,101126936565,禧福汇正南向户型方正高层无遮挡视野开阔采光好新上,300万,68167元/平,顶层 (共20层) | 2009年 | 1室0厅 | 44.01平米 | 南,https://s1.ljcdn.com/pegasus/redskull/images/common/default_house_list.png?_v=20240826145726
20241008,朝阳,大望路,101126925601,双地铁换乘 满五唯一 中高层 无遮挡 诚意出售新上,240万,52644元/平,中楼层 (共11层) 1室1厅 | 45.59平米 | 东,https://s1.ljcdn.com/pegasus/redskull/images/common/default_house_list.png?_v=20240826145726
20241008,朝阳,大望路,101126921386,金港国际南北通透两居。小区中间位置。新上,1000万,92337元/平,高楼层 (共9层) | 2003年 | 2室1厅 | 108.3平米 | 南 北,https://s1.ljcdn.com/pegasus/redskull/images/common/default_house_list.png?_v=20240826145726
20241008,朝阳,大望路,101126891684,后现代城D区 2室1厅 东新上,670万,52698元/平,中楼层 (共27层) | 2006年 | 2室1厅 | 127.14平米 | 东,https://s1.ljcdn.com/pegasus/redskull/images/common/default_house_list.png?_v=20240826145726
20241008,朝阳,大望路,101126884745,金茂府东区高层满2年 看国贸无抵押无贷款价可谈！新上,2200万,109306元/平,高楼层 (共24层) | 2013年 | 3室2厅 | 201.27平米 | 南 北,https://s1.ljcdn.com/pegasus/redskull/images/common/default_house_list.png?_v=20240826145726
20241008,朝阳,大望路,101126846498,石韵浩庭 2室2厅 北 南新上,828万,80249元/平,底层 (共15层) | 2004年 | 2室2厅 | 103.18平米 | 北 南,https://s1.ljcdn.com/pegasus/redskull/images/common/default_house_list.png?_v=20240826145726
20241008,朝阳,大望路,101126844173,金茂府东区 观景大三居 恒温恒湿恒氧 新风系统新上,1000万,66025元/平,低楼层 (共24层) | 2014年 | 3室2厅 | 151.46平米 | 东 南 北,https://s1.ljcdn.com/pegasus/redskull/images/common/default_house_list.png?_v=20240826145726
20241008,朝阳,大望路,101126790619,后现代城A区 新到急出房大落地窗带阳台,233万,46084元/平,中楼层 (共14层) | 2004年 | 1室1厅 | 50.56平米 | 北,https://s1.ljcdn.com/pegasus/redskull/images/common/default_house_list.png?_v=20240826145726
20241008,朝阳,大望路,101126786046,国贸CBD 满五唯一 落地大窗 视野好,570万,70267元/平,高楼层 (共28层) | 2007年 | 2室1厅 | 81.12平米 | 东 北,https://s1.ljcdn.com/pegasus/redskull/images/common/default_house_list.png?_v=20240826145726
20241008,朝阳,大望路,101126769800,高楼层南向一居室 采光无遮挡视野好 满五唯一,550万,79092元/平,高楼层 (共20层) 1室1厅 | 69.54平米 | 南,https://s1.ljcdn.com/pegasus/redskull/images/common/default_house_list.png?_v=20240826145726
20241008,朝阳,大望路,101126748384,珠江帝景新博悦 3室2厅 南 北,1385万,96261元/平,低楼层 (共17层) 3室2厅 | 143.88平米 | 南 北,https://s1.ljcdn.com/pegasus/redskull/images/common/default_house_list.png?_v=20240826145726
20241008,朝阳,大望路,101126687206,珠江帝景博悦 2室1厅 南,1200万,133854元/平,低楼层 (共16层) 2室1厅 | 89.65平米 | 南,https://s1.ljcdn.com/pegasus/redskull/images/common/default_house_list.png?_v=20240826145726
20241008,朝阳,大望路,101126677366,广渠路23号院金茂府东区！！！房主自荐,520万,60990元/平,顶层 (共9层) | 2013年 | 2室1厅 | 85.26平米 | 西南,https://s1.ljcdn.com/pegasus/redskull/images/common/default_house_list.png?_v=20240826145726
20241008,朝阳,大望路,101126661924,西大望路九龙山合生汇旁边风度柏林小区方正一居,475万,70360元/平,低楼层 (共22层) | 2006年 | 1室1厅 | 67.51平米 | 东,https://s1.ljcdn.com/pegasus/redskull/images/common/default_house_list.png?_v=20240826145726
20241008,朝阳,大望路,101126641492,后现代城C区 双阳台三居室 满二年房主自荐,860万,64151元/平,低楼层 (共27层) | 2007年 | 3室1厅 | 134.06平米 | 西南,https://s1.ljcdn.com/pegasus/redskull/images/common/default_house_list.png?_v=20240826145726
20241008,朝阳,大望路,101126637097,东方雅苑西北向高楼层开间私密性高满五唯一！,275万,61854元/平,高楼层 (共18层) | 2006年 | 1室0厅 | 44.46平米 | 西 北,https://s1.ljcdn.com/pegasus/redskull/images/common/default_house_list.png?_v=20240826145726
20241008,朝阳,大望路,101126635712,西南朝向  带燃气  2梯8户  视野采光好,370万,70679元/平,低楼层 (共20层) 1室0厅 | 52.35平米 | 西南,https://s1.ljcdn.com/pegasus/redskull/images/common/default_house_list.png?_v=20240826145726
20241008,朝阳,大望路,101126585501,双地铁换乘 南北通透 一梯两户 花园洋房 看房方便,816万,76448元/平,底层 (共8层) 2室1厅 | 106.74平米 | 南 北,https://s1.ljcdn.com/pegasus/redskull/images/common/default_house_list.png?_v=20240826145726
20241008,朝阳,大望路,101126577063,C区高层一居 满五唯一视野采光好,410万,59916元/平,中楼层 (共28层) | 2007年 | 1室1厅 | 68.43平米 | 西,https://s1.ljcdn.com/pegasus/redskull/images/common/default_house_list.png?_v=20240826145726
20241008,朝阳,大望路,101126576997,2009年社区 精装修 仅契税楼层高无遮挡,950万,105968元/平,高楼层 (共16层) 2室1厅 | 89.65平米 | 南,https://s1.ljcdn.com/pegasus/redskull/images/common/default_house_list.png?_v=20240826145726
20241008,朝阳,大望路,101126560858,风度柏林 2室1厅 东北,825万,77721元/平,高楼层 (共22层) 2室1厅 | 106.15平米 | 东北,https://s1.ljcdn.com/pegasus/redskull/images/common/default_house_list.png?_v=20240826145726
20241008,朝阳,大望路,101126538761,金港国际小区花园环绕四居室客厅双卧朝南接受换房,1295万,86374元/平,中楼层 (共9层) 4室2厅 | 149.93平米 | 南 北,https://s1.ljcdn.com/pegasus/redskull/images/common/default_house_list.png?_v=20240826145726
20241008,朝阳,大望路,101126528508,金茂府东区 边户全明格局 看社区花园 经典户型,1080万,71306元/平,中楼层 (共24层) | 2014年 | 3室1厅 | 151.46平米 | 东 南 北,https://s1.ljcdn.com/pegasus/redskull/images/common/default_house_list.png?_v=20240826145726
20241008,朝阳,大望路,101126518168,满五唯一视野好CBD商圈近地铁,506万,59071元/平,顶层 (共28层) | 2006年 | 2室1厅 | 85.66平米 | 西,https://s1.ljcdn.com/pegasus/redskull/images/common/default_house_list.png?_v=20240826145726
20241008,朝阳,大望路,101126509612,东方雅苑新增高楼层开间带有燃气满五年唯一看花园,215万,65211元/平,高楼层 (共21层) 1室0厅 | 32.97平米 | 北,https://s1.ljcdn.com/pegasus/redskull/images/common/default_house_list.png?_v=20240826145726
20241008,朝阳,大望路,101126490333,乐成公馆 2室1厅 南,1490万,105907元/平,中楼层 (共22层) | 2007年 | 2室1厅 | 140.69平米 | 南,https://s1.ljcdn.com/pegasus/redskull/images/common/default_house_list.png?_v=20240826145726
20241008,朝阳,大望路,101126472828,户型方正 落地大窗 采光好 视野开阔房主自荐,515万,60094元/平,低楼层 (共28层) | 2006年 | 2室1厅 | 85.7平米 | 东,https://s1.ljcdn.com/pegasus/redskull/images/common/default_house_list.png?_v=20240826145726
20241008,朝阳,大望路,101126392167,四环内的地铁建筑 出行四通八达,410万,53365元/平,中楼层 (共24层) | 2014年 | 1室1厅 | 76.83平米 | 南,https://s1.ljcdn.com/pegasus/redskull/images/common/default_house_list.png?_v=20240826145726
20241008,朝阳,大望路,101126375203,金港国际西向一居室楼层高采光充足视野好。,420万,68583元/平,中楼层 (共10层) | 2003年 | 1室1厅 | 61.24平米 | 西,https://s1.ljcdn.com/pegasus/redskull/images/common/default_house_list.png?_v=20240826145726
20241008,朝阳,大望路,101126332511,西大望路12号院 2室1厅 南 北,388万,57422元/平,低楼层 (共6层) 2室1厅 | 67.57平米 | 南 北,https://s1.ljcdn.com/pegasus/redskull/images/common/default_house_list.png?_v=20240826145726
20241008,朝阳,大望路,101126327443,南北通透中间楼层采光视野无遮挡生活便利,915万,88057元/平,中楼层 (共15层) | 2004年 | 2室1厅 | 103.91平米 | 南 北,https://s1.ljcdn.com/pegasus/redskull/images/common/default_house_list.png?_v=20240826145726
20241008,朝阳,大望路,101126305436,珠江帝景 3室2厅 南,1700万,102707元/平,中楼层 (共17层) | 2005年 | 3室2厅 | 165.52平米 | 南,https://s1.ljcdn.com/pegasus/redskull/images/common/default_house_list.png?_v=20240826145726
20241008,朝阳,大望路,101126285154,鸿坤花语墅 品质社区 花园洋房 诚意出售,1650万,111842元/平,中楼层 (共6层) | 2013年 | 3室1厅 | 147.53平米 | 南 北,https://s1.ljcdn.com/pegasus/redskull/images/common/default_house_list.png?_v=20240826145726
20241008,朝阳,大望路,101126276955,双地铁换乘 南北通透 一梯两户 人才分流 带阳台,1090万,73869元/平,低楼层 (共18层) | 2006年 | 3室2厅 | 147.56平米 | 南 北,https://s1.ljcdn.com/pegasus/redskull/images/common/default_house_list.png?_v=20240826145726
20241008,朝阳,大望路,101126256430,石韵浩庭南北三居室低楼层视野无遮挡餐客分区,1068万,79625元/平,低楼层 (共15层) | 2004年 | 3室2厅 | 134.13平米 | 南 北,https://s1.ljcdn.com/pegasus/redskull/images/common/default_house_list.png?_v=20240826145726
20241008,朝阳,大望路,101126249797,风度柏林60平客厅南北三居双阳台5.3米大面宽,1250万,76999元/平,高楼层 (共18层) | 2005年 | 3室2厅 | 162.34平米 | 南 北,https://s1.ljcdn.com/pegasus/redskull/images/common/default_house_list.png?_v=20240826145726
20241008,朝阳,大望路,101126239816,单价5万多 金港国际三居室中高楼层 户型好 诚意卖,930万,54469元/平,中楼层 (共20层) 3室2厅 | 170.74平米 | 东 南 西,https://s1.ljcdn.com/pegasus/redskull/images/common/default_house_list.png?_v=20240826145726
20241008,朝阳,大望路,101126185209,地铁口 近公园 高层 观景 无遮挡 满五唯一,406万,56610元/平,顶层 (共28层) | 2006年 | 1室1厅 | 71.72平米 | 北,https://s1.ljcdn.com/pegasus/redskull/images/common/default_house_list.png?_v=20240826145726
20241008,朝阳,大望路,101126150913,金茂府东区 1室0厅 北,265万,51169元/平,中楼层 (共9层) | 2013年 | 1室0厅 | 51.79平米 | 北,https://s1.ljcdn.com/pegasus/redskull/images/common/default_house_list.png?_v=20240826145726
20241008,朝阳,大望路,101126055818,金茂府南区东向房屋诚意出售高层视野辽阔,455万,56125元/平,高楼层 (共24层) 2室1厅 | 81.07平米 | 东,https://s1.ljcdn.com/pegasus/redskull/images/common/default_house_list.png?_v=20240826145726
20241008,朝阳,大望路,101126043228,此房南北朝向视野开阔、采光充足 不临街,1000万,74405元/平,高楼层 (共20层) | 2009年 | 3室1厅 | 134.4平米 | 南 北,https://s1.ljcdn.com/pegasus/redskull/images/common/default_house_list.png?_v=20240826145726
20241008,朝阳,大望路,101126012861,南向70年产权住宅配套成熟民水民电地铁口,405万,35434元/平,中楼层 (共14层) | 2004年 | 2室1厅 | 114.3平米 | 南,https://s1.ljcdn.com/pegasus/redskull/images/common/default_house_list.png?_v=20240826145726
20241008,朝阳,大望路,101125983532,后现代城D区 2室1厅 南 北,624万,49235元/平,低楼层 (共9层) | 2006年 | 2室1厅 | 126.74平米 | 南 北,https://s1.ljcdn.com/pegasus/redskull/images/common/default_house_list.png?_v=20240826145726
20241008,朝阳,大望路,101125805127,金茂府南区 2室1厅 东南,795万,69288元/平,高楼层 (共24层) 2室1厅 | 114.74平米 | 东南,https://s1.ljcdn.com/pegasus/redskull/images/common/default_house_list.png?_v=20240826145726
20241008,朝阳,大望路,101125708665,户型方正满五年唯一看房方便,780万,61920元/平,底层 (共28层) | 2006年 | 3室2厅 | 125.97平米 | 东南,https://s1.ljcdn.com/pegasus/redskull/images/common/default_house_list.png?_v=20240826145726
20241008,朝阳,大望路,101125397425,后现代城满五年唯一南向采光好无遮挡大落地窗房主自荐,599万,66861元/平,中楼层 (共14层) | 2004年 | 2室1厅 | 89.59平米 | 南,https://s1.ljcdn.com/pegasus/redskull/images/common/default_house_list.png?_v=20240826145726
20241008,朝阳,大望路,101125338103,国贸四居室户型方正满五年随时看,1065万,66646元/平,底层 (共18层) | 2005年 | 4室1厅 | 159.8平米 | 南 北,https://s1.ljcdn.com/pegasus/redskull/images/common/default_house_list.png?_v=20240826145726
20241008,朝阳,大望路,101125269002,金茂府东区 高层朝南 采光好 视野好 科技系统,270万,52064元/平,顶层 (共9层) | 2013年 | 1室1厅 | 51.86平米 | 南,https://s1.ljcdn.com/pegasus/redskull/images/common/default_house_list.png?_v=20240826145726
20241008,朝阳,大望路,101125242351,双井大望路三居室！满五唯一！70年产权民水民电！房主自荐,399万,35313元/平,高楼层 (共14层) 3室1厅 | 112.99平米 | 北,https://s1.ljcdn.com/pegasus/redskull/images/common/default_house_list.png?_v=20240826145726
20241008,朝阳,大望路,101125238492,金茂府东区 高层朝南 采光好 科技系统 物业管理好,270万,52064元/平,顶层 (共9层) | 2013年 | 1室1厅 | 51.86平米 | 南,https://s1.ljcdn.com/pegasus/redskull/images/common/default_house_list.png?_v=20240826145726
20241008,朝阳,大望路,101125218611,北排不临街 石韵浩庭南北通透两居室 业主诚意出售,880万,83722元/平,低楼层 (共15层) | 2004年 | 2室1厅 | 105.11平米 | 南 北,https://s1.ljcdn.com/pegasus/redskull/images/common/default_house_list.png?_v=20240826145726
20241008,朝阳,大望路,101125072677,高楼层 精装修拎包入住 户型方正格局好小区环境优,545万,84575元/平,中楼层 (共18层) 1室1厅 | 64.44平米 | 东南,https://s1.ljcdn.com/pegasus/redskull/images/common/default_house_list.png?_v=20240826145726
20241008,朝阳,大望路,101124790651,金茂府东区 平视百子湾公园大三居 恒温恒湿科技系统,1280万,84511元/平,中楼层 (共24层) | 2014年 | 3室2厅 | 151.46平米 | 南 北,https://s1.ljcdn.com/pegasus/redskull/images/common/default_house_list.png?_v=20240826145726
20241008,朝阳,大望路,101124639006,金茂府东区 南向 高层 采光好 视野好 诚意出售,438万,57009元/平,高楼层 (共24层) | 2014年 | 2室1厅 | 76.83平米 | 南,https://s1.ljcdn.com/pegasus/redskull/images/common/default_house_list.png?_v=20240826145726
20241008,朝阳,大望路,101124555855,金茂府南区 层高4.2米 西南 无遮挡充足采光,790万,68104元/平,底层 (共24层) 2室1厅 | 116平米 | 西 南,https://s1.ljcdn.com/pegasus/redskull/images/common/default_house_list.png?_v=20240826145726
20241008,朝阳,大望路,101124505556,风度柏林新增高楼层3居室满五年唯一业主急售,1000万,71623元/平,中楼层 (共22层) | 2004年 | 3室2厅 | 139.62平米 | 西南,https://s1.ljcdn.com/pegasus/redskull/images/common/default_house_list.png?_v=20240826145726
20241008,朝阳,大望路,101124471396,后现代城A区 地下车位 A区车位,18万,4262元/平,地下室 (共14层) | 2004年 | 1室0厅 | 42.24平米 | 东南,https://ke-image.ljcdn.com/110000-inspection/dd907b6a939a2d4e00b226f009851ab5-017.jpg!m_fill,w_280,h_210,f_jpg?from=ke.com
20241008,朝阳,大望路,101123695693,金茂府东区 南向 采光好 视野好 诚意出售,430万,55968元/平,高楼层 (共24层) | 2014年 | 1室1厅 | 76.83平米 | 南,https://s1.ljcdn.com/pegasus/redskull/images/common/default_house_list.png?_v=20240826145726
20241008,朝阳,大望路,101123634682,金茂府南区 3室2厅 南 北,2650万,120862元/平,中楼层 (共24层) 3室2厅 | 219.26平米 | 南 北,https://s1.ljcdn.com/pegasus/redskull/images/common/default_house_list.png?_v=20240826145726
20241008,朝阳,大望路,101123575449,金茂府东区 2室1厅 北,425万,55317元/平,中楼层 (共24层) | 2014年 | 2室1厅 | 76.83平米 | 北,https://s1.ljcdn.com/pegasus/redskull/images/common/default_house_list.png?_v=20240826145726
20241008,朝阳,大望路,101123251058,金茂府东区把角户型视野好户型方正采光充足房主自荐,550万,64509元/平,中楼层 (共9层) | 2013年 | 2室2厅 | 85.26平米 | 西南,https://s1.ljcdn.com/pegasus/redskull/images/common/default_house_list.png?_v=20240826145726
20241008,朝阳,大望路,101123037469,金茂府东区 南向 采光好 视野好 诚意出售,266万,51362元/平,低楼层 (共9层) | 2013年 | 1室1厅 | 51.79平米 | 南,https://s1.ljcdn.com/pegasus/redskull/images/common/default_house_list.png?_v=20240826145726
20241008,朝阳,大望路,101123008018,金茂府东区 2室1厅 东北,540万,85093元/平,顶层 (共9层) | 2013年 | 2室1厅 | 63.46平米 | 东北,https://s1.ljcdn.com/pegasus/redskull/images/common/default_house_list.png?_v=20240826145726
20241008,朝阳,大望路,101123000000,金港国际小区地下车位位置好,42万,35000元/平,地下室 (共10层) 1室0厅 | 12平米 | 南,https://ke-image.ljcdn.com/110000-inspection/d0b378f6-d756-468d-bdd7-aeabbf35858d.jpg!m_fill,w_280,h_210,f_jpg?from=ke.com
20241008,朝阳,大望路,101122867995,总价di东西向有电梯一梯两户满五年家庭一套,1100万,83082元/平,高楼层 (共6层) | 2012年 | 2室1厅 | 132.4平米 | 东 西,https://s1.ljcdn.com/pegasus/redskull/images/common/default_house_list.png?_v=20240826145726
20241008,朝阳,大望路,101122753609,金茂府南区不临街开间安静看社区花园,295万,50627元/平,低楼层 (共24层) 1室0厅 | 58.27平米 | 东,https://s1.ljcdn.com/pegasus/redskull/images/common/default_house_list.png?_v=20240826145726
20241008,朝阳,大望路,101122727388,国贸双井大望路广渠路 板楼两居室 南北通透 双卫,920万,89226元/平,中楼层 (共15层) | 2004年 | 2室1厅 | 103.11平米 | 南 北,https://s1.ljcdn.com/pegasus/redskull/images/common/default_house_list.png?_v=20240826145726
20241008,朝阳,大望路,101122283075,东四环内大郊亭中街2号院单价3.8万南北西向大平层,1190万,36792元/平,低楼层 (共18层) 6室4厅 | 323.44平米 | 南 西 北,https://s1.ljcdn.com/pegasus/redskull/images/common/default_house_list.png?_v=20240826145726
20241008,朝阳,大望路,101121860921,金茂府东区  高层朝南采光好 视野好 户型方正,480万,59304元/平,顶层 (共9层) | 2013年 | 2室1厅 | 80.94平米 | 南,https://s1.ljcdn.com/pegasus/redskull/images/common/default_house_list.png?_v=20240826145726
20241008,朝阳,大望路,101121860880,金茂府东区 安静不临街  科技系统 管理好,260万,50135元/平,高楼层 (共9层) | 2013年 | 1室1厅 | 51.86平米 | 北,https://s1.ljcdn.com/pegasus/redskull/images/common/default_house_list.png?_v=20240826145726
20241008,朝阳,大望路,101121684808,金茂府东区  南向1+1 采光好中楼层,501万,61898元/平,中楼层 (共9层) | 2013年 | 2室1厅 | 80.94平米 | 南,https://s1.ljcdn.com/pegasus/redskull/images/common/default_house_list.png?_v=20240826145726
20241008,朝阳,大望路,101121644698,金茂府南区一层挑高3.9米业主诚意出售看房方便,448万,51436元/平,底层 (共24层) | 2013年 | 1室1厅 | 87.1平米 | 西,https://s1.ljcdn.com/pegasus/redskull/images/common/default_house_list.png?_v=20240826145726
20241008,朝阳,大望路,101121483231,风度柏林 车位,26万,11505元/平,地下室 1室0厅 | 22.6平米 | 南,https://ke-image.ljcdn.com/110000-inspection/760f1dc224ee222ac935f65b40e40991-035.jpg!m_fill,w_280,h_210,f_jpg?from=ke.com
20241008,朝阳,大望路,101121090143,易构空间 超低价 眼镜户型全南大两居 大面宽 双卫设计,599万,51804元/平,底层 (共28层) | 2004年 | 2室1厅 | 115.63平米 | 南,https://s1.ljcdn.com/pegasus/redskull/images/common/default_house_list.png?_v=20240826145726
20241008,朝阳,大望路,101120325706,金茂府南区  低楼层 安静看花园,450万,52595元/平,低楼层 (共24层) | 2013年 | 2室1厅 | 85.56平米 | 西,https://s1.ljcdn.com/pegasus/redskull/images/common/default_house_list.png?_v=20240826145726
20241008,朝阳,大望路,101118410940,金茂府南区 全新房高层看西山国贸夜景 恒温恒湿有钥匙房主自荐,305万,54261元/平,高楼层 (共24层) 1室1厅 | 56.21平米 | 西,https://s1.ljcdn.com/pegasus/redskull/images/common/default_house_list.png?_v=20240826145726
20241008,朝阳,大望路,101118136401,金茂府南区 看花园 安静 科技系统,450万,55508元/平,低楼层 (共24层) | 2013年 | 2室1厅 | 81.07平米 | 东,https://s1.ljcdn.com/pegasus/redskull/images/common/default_house_list.png?_v=20240826145726
20241008,朝阳,大望路,101117605796,电梯直达 可以过户 价格小谈 诚意出售 随时可以签约,18万,14424元/平,地下室 (共1层) 1室0厅 | 12.48平米 | 南,https://ke-image.ljcdn.com/110000-inspection/d0a89b3c5327cbab9675a26593a128d5-088.jpg!m_fill,w_280,h_210,f_jpg?from=ke.com
20241008,朝阳,大望路,101117341604,金茂府东区高品质社区西南方向全明格局视野好户型方正,265万,51169元/平,中楼层 (共9层) | 2013年 | 1室0厅 | 51.79平米 | 南,https://s1.ljcdn.com/pegasus/redskull/images/common/default_house_list.png?_v=20240826145726
20241008,朝阳,大望路,101114996955,电梯直达 位置优越 随时可以签约 随时可以看,16万,12821元/平,地下室 | 2004年 | 1室1厅 | 12.48平米 | 南,https://ke-image.ljcdn.com/110000-inspection/94ba9d5ac193a5303195e3363fb4d1e8-087.jpg!m_fill,w_280,h_210,f_jpg?from=ke.com
20241008,朝阳,大望路,101111226533,产权车位 方便看 电梯直达 随时签约,19万,15834元/平,地下室 (共1层) | 2004年 | 1室0厅 | 12平米 | 南,https://ke-image.ljcdn.com/110000-inspection/a81678008106844865c3b179f8ee26be-070.jpg!m_fill,w_280,h_210,f_jpg?from=ke.com
20241008,朝阳,大望路,101103149662,乐成公馆高层南北通透观景三居室 金地物业 诚意出售,1980万,108014元/平,高楼层 (共22层) | 2007年 | 3室2厅 | 183.31平米 | 南 北,https://ke-image.ljcdn.com/110000-inspection/ed12e787-4e76-49b0-a298-f8545a92c152.jpg!m_fill,w_280,h_210,f_jpg?from=ke.com
