20241017,房山,城关,101126677181,房山中冶蓝城西区三居室出售  优质社区 户型方正必看好房,185万,18530元/平,中楼层 (共15层) 3室1厅 | 99.84平米 | 南 北,https://ke-image.ljcdn.com/110000-inspection/pc1_m3LbvF6RY.jpg!m_fill,w_280,h_210,f_jpg?from=ke.com
20241017,房山,城关,101126399794,城关北里社区可随时看房 家具电器S 店长力jian必看好房,85万,13529元/平,中楼层 (共7层) 2室1厅 | 62.83平米 | 南 北,https://ke-image.ljcdn.com/110000-inspection/pc1_J0ZedpXJi.jpg!m_fill,w_280,h_210,f_jpg?from=ke.com
20241017,房山,城关,101125746468,福星家园A区精装自住 店长Li荐 满五年 随时看房必看好房,125万,15417元/平,中楼层 (共6层) | 2000年 | 2室1厅 | 81.08平米 | 西 东,https://ke-image.ljcdn.com/110000-inspection/pc1_gXVDnCwOk.jpg!m_fill,w_280,h_210,f_jpg?from=ke.com
20241017,房山,城关,101125534691,农林路社区正规三居室楼层好必看好房,70万,10302元/平,高楼层 (共6层) | 1983年 | 3室1厅 | 67.95平米 | 南 北,https://ke-image.ljcdn.com/110000-inspection/pc1_ZiXqMPVb8.jpg!m_fill,w_280,h_210,f_jpg?from=ke.com
20241017,房山,城关,101124039043,城关北里 低楼层 周边配套齐全 近地铁 看房方便必看好房,99万,14313元/平,低楼层 (共6层) | 1982年 | 3室1厅 | 69.17平米 | 南 北,https://ke-image.ljcdn.com/110000-inspection/pc1_dGdYrQBNB.jpg!m_fill,w_280,h_210,f_jpg?from=ke.com
20241017,房山,城关,101126937325,满五唯一户型南北格局通透精装可直接拎包入住。必看好房,177万,17670元/平,高楼层 (共16层) 3室2厅 | 100.17平米 | 南 北,https://ke-image.ljcdn.com/110000-inspection/pc1_NCNZPA2ab.jpg!m_fill,w_280,h_210,f_jpg?from=ke.com
20241017,房山,城关,101126780830,矿机社区 2室1厅 南 北必看好房,52万,9505元/平,高楼层 (共8层) 2室1厅 | 54.71平米 | 南 北,https://ke-image.ljcdn.com/110000-inspection/pc1_RDpfEgwWZ_2.jpg!m_fill,w_280,h_210,f_jpg?from=ke.com
20241017,房山,城关,101126701776,矿机社区 2室1厅 南 北必看好房,52万,9505元/平,高楼层 (共8层) 2室1厅 | 54.71平米 | 南 北,https://ke-image.ljcdn.com/110000-inspection/pc1_47q3FSQsX_2.jpg!m_fill,w_280,h_210,f_jpg?from=ke.com
20241017,房山,城关,101126608841,中冶蓝城东区精装两居业主着急出价格好谈必看好房,175万,19606元/平,中楼层 (共15层) | 2014年 | 2室1厅 | 89.26平米 | 南 北,https://ke-image.ljcdn.com/110000-inspection/pc1_9dCZiKvwZ.jpg!m_fill,w_280,h_210,f_jpg?from=ke.com
20241017,房山,城关,101126581164,矿机社区 2室1厅 南必看好房,53万,9732元/平,中楼层 (共8层) 2室1厅 | 54.46平米 | 南,https://ke-image.ljcdn.com/110000-inspection/pc1_cSplaaYJb_2.jpg!m_fill,w_280,h_210,f_jpg?from=ke.com
20241017,房山,城关,101126564085,永安西里 2室1厅 西北必看好房,64万,12816元/平,顶层 (共6层) | 1985年 | 2室1厅 | 49.94平米 | 西北,https://ke-image.ljcdn.com/110000-inspection/pc1_RJwCvTDOk_2.jpg!m_fill,w_280,h_210,f_jpg?from=ke.com
20241017,房山,城关,101126524640,低楼层 满五唯一 采光较好 交通方便 业主诚心出售必看好房,72万,16076元/平,低楼层 (共6层) 1室1厅 | 44.79平米 | 南,https://ke-image.ljcdn.com/110000-inspection/pc1_7uFQb2Bbn.jpg!m_fill,w_280,h_210,f_jpg?from=ke.com
20241017,房山,城关,101126513250,城关北里社区精装两居室业主诚心卖价格可聊必看好房,75万,15061元/平,顶层 (共6层) 2室1厅 | 49.8平米 | 东 西 北,https://ke-image.ljcdn.com/110000-inspection/pc1_gn3A8WBcj.jpg!m_fill,w_280,h_210,f_jpg?from=ke.com
20241017,房山,城关,101126413668,矿机社区 2室1厅 南 北必看好房,90万,12932元/平,中楼层 (共5层) | 1982年 | 2室1厅 | 69.6平米 | 南 北,https://ke-image.ljcdn.com/110000-inspection/pc1_ogyn16Mm0_2.jpg!m_fill,w_280,h_210,f_jpg?from=ke.com
20241017,房山,城关,101126248706,保健路4号院精装修状态挺好的必看好房,52万,16829元/平,底层 (共3层) | 1989年 | 1室1厅 | 30.9平米 | 南,https://ke-image.ljcdn.com/110000-inspection/pc1_LKwiCIy9R.jpg!m_fill,w_280,h_210,f_jpg?from=ke.com
20241017,房山,城关,101125992498,城关北里社区满五唯一 好楼层 看房有钥匙必看好房,119万,14067元/平,中楼层 (共5层) 2室2厅 | 84.6平米 | 南 北,https://ke-image.ljcdn.com/110000-inspection/pc1_vySNvyLwT.jpg!m_fill,w_280,h_210,f_jpg?from=ke.com
20241017,房山,城关,101125538802,永安西里正规两居室视野好无遮挡,86万,12246元/平,顶层 (共6层) 2室1厅 | 70.23平米 | 东南,https://ke-image.ljcdn.com/110000-inspection/pc1_7gpZ5Nb3M.jpg!m_fill,w_280,h_210,f_jpg?from=ke.com
20241017,房山,城关,101125482095,槠榆树家园 2室1厅 南 北必看好房,63万,10308元/平,顶层 (共6层) | 2010年 | 2室1厅 | 61.12平米 | 南 北,https://ke-image.ljcdn.com/110000-inspection/pc1_5TlENafh0.jpg!m_fill,w_280,h_210,f_jpg?from=ke.com
20241017,房山,城关,101125432034,中冶蓝城东区全明三居看房随时,130万,13722元/平,顶层 (共6层) 3室1厅 | 94.74平米 | 南 北,https://ke-image.ljcdn.com/110000-inspection/pc1_sffLcl36g.jpg!m_fill,w_280,h_210,f_jpg?from=ke.com
20241017,房山,城关,101124965487,房子是南北通透精装修满五唯一视野佳必看好房,172万,18692元/平,中楼层 (共20层) | 2015年 | 3室1厅 | 92.02平米 | 南 北,https://ke-image.ljcdn.com/110000-inspection/pc1_gaerH1CJD.jpg!m_fill,w_280,h_210,f_jpg?from=ke.com
20241017,房山,城关,101124226898,保健路4号院必看好房,70万,10991元/平,中楼层 (共6层) 2室1厅 | 63.69平米 | 南 北,https://ke-image.ljcdn.com/110000-inspection/pc1_7jLf4403A_2.jpg!m_fill,w_280,h_210,f_jpg?from=ke.com
20241017,房山,城关,101123988406,店长推荐城关北里社区+南北通透+中间楼层诚心出售必看好房,89万,13842元/平,中楼层 (共6层) 2室1厅 | 64.3平米 | 南 北,https://ke-image.ljcdn.com/110000-inspection/pc1_AESzVGWrH.jpg!m_fill,w_280,h_210,f_jpg?from=ke.com
20241017,房山,城关,101123161152,槠榆树家园小三居2010年建成的房子邻里关系和谐房主自荐,108万,12068元/平,高楼层 (共6层) | 2010年 | 3室2厅 | 89.5平米 | 南 北,https://ke-image.ljcdn.com/110000-inspection/pc1_DDjWsAG8k_1.jpg!m_fill,w_280,h_210,f_jpg?from=ke.com
20241017,房山,城关,101121705700,中国铁建原香漫谷一区 3室1厅 南 北必看好房,160万,17556元/平,低楼层 (共18层) | 2013年 | 3室1厅 | 91.14平米 | 南 北,https://ke-image.ljcdn.com/110000-inspection/pc1_Ix76HzVF4.jpg!m_fill,w_280,h_210,f_jpg?from=ke.com
20241017,房山,城关,101120972917,中国铁建原香漫谷三区 小区已满五年 随时看房价格可谈必看好房,120万,13745元/平,底层 (共20层) | 2015年 | 2室1厅 | 87.31平米 | 南,https://ke-image.ljcdn.com/110000-inspection/pc1_4w4CQuyHs.jpg!m_fill,w_280,h_210,f_jpg?from=ke.com
20241017,房山,城关,101118254195,房山城关万宁小区优质两室房源！必看好房,105万,15367元/平,中楼层 (共5层) 2室1厅 | 68.33平米 | 南 北,https://ke-image.ljcdn.com/110000-inspection/pc1_8RrPD0uTC.jpg!m_fill,w_280,h_210,f_jpg?from=ke.com
20241017,房山,城关,101126164694,中冶蓝城西区正规三居户型好采光好必看好房,170万,17033元/平,高楼层 (共16层) 3室1厅 | 99.81平米 | 南 北,https://ke-image.ljcdn.com/110000-inspection/ece09ae2-4fdd-458c-9cc8-c1ed7a05dc19_1000.jpg!m_fill,w_280,h_210,f_jpg?from=ke.com
20241017,房山,城关,101125807501,永安路 街道繁华 主街区 生活便利精装修,115万,11730元/平,高楼层 (共6层) 2室1厅 | 98.04平米 | 东 西,https://ke-image.ljcdn.com/110000-inspection/pc1_WtV36BDje.jpg!m_fill,w_280,h_210,f_jpg?from=ke.com
20241017,房山,城关,101125772482,矿机社区业主诚心出售价格可以商量看房方便必看好房,67万,12461元/平,低楼层 (共6层) | 1981年 | 2室1厅 | 53.77平米 | 南 北,https://ke-image.ljcdn.com/110000-inspection/pc1_CyqopKSre_1.jpg!m_fill,w_280,h_210,f_jpg?from=ke.com
20241017,房山,城关,101125727871,优质房源  两个卧室朝南 客厅落地窗 精装修必看好房,168万,17709元/平,低楼层 (共16层) | 2014年 | 3室1厅 | 94.87平米 | 东南 北,https://ke-image.ljcdn.com/110000-inspection/pc1_zkFoefgwo.jpg!m_fill,w_280,h_210,f_jpg?from=ke.com
20241017,房山,城关,101122308926,中国铁建原香漫谷二区满五唯一全明户型着急出售房主自荐,169万,18206元/平,低楼层 (共20层) | 2016年 | 3室2厅 | 92.83平米 | 南 北,https://ke-image.ljcdn.com/110000-inspection/pc1_8SzgpPZuL_1.jpg!m_fill,w_280,h_210,f_jpg?from=ke.com
20241017,房山,城关,101121578745,中国铁建原香漫谷三区复式楼层 采光好 观景楼随时看房必看好房,182万,14174元/平,顶层 (共19层) 3室2厅 | 128.41平米 | 南,https://ke-image.ljcdn.com/110000-inspection/pc1_JUgmLbKJZ.jpg!m_fill,w_280,h_210,f_jpg?from=ke.com
20241017,房山,城关,101117785379,房山区城关街道府东里社区好房推荐,128万,12475元/平,中楼层 (共6层) 2室1厅 | 102.61平米 | 南 北,https://ke-image.ljcdn.com/110000-inspection/pc1_zVaHGeS03.jpg!m_fill,w_280,h_210,f_jpg?from=ke.com
20241017,房山,城关,101126949282,中冶蓝城东区 业主诚心出售 价格可聊 装修精美。,178万,18726元/平,顶层 (共16层) | 2014年 | 3室1厅 | 95.06平米 | 南 北,https://ke-image.ljcdn.com/110000-inspection/pc1_qVv6qZJiL.jpg!m_fill,w_280,h_210,f_jpg?from=ke.com
20241017,房山,城关,101126911494,福胜胡同 2室1厅 东 西,110万,15610元/平,中楼层 (共6层) 2室1厅 | 70.47平米 | 东 西,https://ke-image.ljcdn.com/110000-inspection/pc1_XCyrFEzZU.jpg!m_fill,w_280,h_210,f_jpg?from=ke.com
20241017,房山,城关,101126892565,顺成嘉苑 2室1厅 北 南,129.9万,15617元/平,低楼层 (共6层) 2室1厅 | 83.18平米 | 北 南,https://ke-image.ljcdn.com/110000-inspection/pc1_axAeYbKHk_2.jpg!m_fill,w_280,h_210,f_jpg?from=ke.com
20241017,房山,城关,101126865871,矿机北路 2室1厅 南 北,60万,10470元/平,顶层 (共6层) 2室1厅 | 57.31平米 | 南 北,https://ke-image.ljcdn.com/110000-inspection/pc1_BjSi2cbns_2.jpg!m_fill,w_280,h_210,f_jpg?from=ke.com
20241017,房山,城关,101126813632,永兴达家园 3室2厅 南 北,125万,13174元/平,顶层 (共6层) 3室2厅 | 94.89平米 | 南 北,https://ke-image.ljcdn.com/110000-inspection/pc1_J3vJMdEMm_2.jpg!m_fill,w_280,h_210,f_jpg?from=ke.com
20241017,房山,城关,101126810940,福胜胡同 2室1厅 南 北,135万,14981元/平,底层 (共6层) 2室1厅 | 90.12平米 | 南 北,https://ke-image.ljcdn.com/110000-inspection/pc1_bUcskfhCt.jpg!m_fill,w_280,h_210,f_jpg?from=ke.com
20241017,房山,城关,101126791223,永安西里 2室1厅 南 北,93万,21862元/平,中楼层 (共6层) 2室1厅 | 42.54平米 | 南 北,https://ke-image.ljcdn.com/110000-inspection/pc1_3FHkyJmpq_2.jpg!m_fill,w_280,h_210,f_jpg?from=ke.com
20241017,房山,城关,101126785579,房山中国铁建原香漫谷一居室  高层电梯房 近地铁,135万,21866元/平,顶层 (共20层) 1室1厅 | 61.74平米 | 南,https://ke-image.ljcdn.com/110000-inspection/pc1_HbrJs5JVQ.jpg!m_fill,w_280,h_210,f_jpg?from=ke.com
20241017,房山,城关,101126766400,兴房大街低楼层优质好房,145万,18022元/平,底层 (共6层) 2室1厅 | 80.46平米 | 南 北,https://ke-image.ljcdn.com/110000-inspection/pc1_W18LBk8YM_2.jpg!m_fill,w_280,h_210,f_jpg?from=ke.com
20241017,房山,城关,101126749097,永安路 2室2厅 南 北,99万,12513元/平,高楼层 (共6层) 2室2厅 | 79.12平米 | 南 北,https://ke-image.ljcdn.com/110000-inspection/pc1_Kz2nUgqjo_2.jpg!m_fill,w_280,h_210,f_jpg?from=ke.com
20241017,房山,城关,101126733682,城关南里社区 1室1厅 南,62万,17175元/平,中楼层 (共5层) | 1980年 | 1室1厅 | 36.1平米 | 南,https://ke-image.ljcdn.com/110000-inspection/pc1_iC6XPEPwv_2.jpg!m_fill,w_280,h_210,f_jpg?from=ke.com
20241017,房山,城关,101126721661,槠榆树家园 2室1厅 南 北,100万,15638元/平,高楼层 (共11层) | 2011年 | 2室1厅 | 63.95平米 | 南 北,https://ke-image.ljcdn.com/110000-inspection/pc1_yHmDqxTAe.jpg!m_fill,w_280,h_210,f_jpg?from=ke.com
20241017,房山,城关,101126718690,府东里社区 2室1厅 南 北,150万,20854元/平,底层 (共6层) 2室1厅 | 71.93平米 | 南 北,https://ke-image.ljcdn.com/110000-inspection/0f3c8cbe-d691-47da-b3d1-d33f38aa4a79_1000.jpg!m_fill,w_280,h_210,f_jpg?from=ke.com
20241017,房山,城关,101126713184,仓房小区 2室1厅 南 北,105万,18571元/平,中楼层 (共6层) 2室1厅 | 56.54平米 | 南 北,https://ke-image.ljcdn.com/110000-inspection/pc1_St2x0xQeA.jpg!m_fill,w_280,h_210,f_jpg?from=ke.com
20241017,房山,城关,101126699770,中国铁建原香漫谷三区德润街5号院。,178万,20203元/平,高楼层 (共18层) 3室1厅 | 88.11平米 | 南 北,https://ke-image.ljcdn.com/110000-inspection/pc1_ZxVYhKbJd.jpg!m_fill,w_280,h_210,f_jpg?from=ke.com
20241017,房山,城关,101126698980,兴房大街 房山兴房大街14号院,110万,12558元/平,高楼层 (共6层) 2室1厅 | 87.6平米 | 南 北,https://ke-image.ljcdn.com/110000-inspection/pc1_m4wJu5cJe_2.jpg!m_fill,w_280,h_210,f_jpg?from=ke.com
20241017,房山,城关,101126694973,化四小区,75万,14935元/平,中楼层 (共5层) | 1979年 | 2室1厅 | 50.22平米 | 南,https://ke-image.ljcdn.com/110000-inspection/47cee681-308c-4005-909b-2f16df32ac1c_1000.jpg!m_fill,w_280,h_210,f_jpg?from=ke.com
20241017,房山,城关,101126674847,房山原香漫谷三居室    西南北三面采光  满五年,185万,18473元/平,中楼层 (共19层) 3室1厅 | 100.15平米 | 南 北,https://ke-image.ljcdn.com/110000-inspection/pc1_iPulxgprC_2.jpg!m_fill,w_280,h_210,f_jpg?from=ke.com
20241017,房山,城关,101126654109,中国铁建原香漫谷二区 3室1厅 南,169万,18983元/平,底层 (共18层) 3室1厅 | 89.03平米 | 南,https://ke-image.ljcdn.com/110000-inspection/pc1_Y3kI1yAol.jpg!m_fill,w_280,h_210,f_jpg?from=ke.com
20241017,房山,城关,101126651243,房山万宁小区,110万,19785元/平,顶层 (共6层) | 1992年 | 2室1厅 | 55.6平米 | 南 北,https://ke-image.ljcdn.com/110000-inspection/pc1_TRbKzqKfX.jpg!m_fill,w_280,h_210,f_jpg?from=ke.com
20241017,房山,城关,101126631589,槠榆树家园 2室1厅 南 北,110万,15522元/平,中楼层 (共12层) 2室1厅 | 70.87平米 | 南 北,https://ke-image.ljcdn.com/110000-inspection/635c066b-6332-4632-bf39-176a24cad2b2_1000.jpg!m_fill,w_280,h_210,f_jpg?from=ke.com
20241017,房山,城关,101126628386,此房满五唯一楼层适中视野宽阔交通便利,225万,18292元/平,中楼层 (共6层) 3室1厅 | 123.01平米 | 东 西,https://ke-image.ljcdn.com/110000-inspection/pc1_1ASkAq8qV_2.jpg!m_fill,w_280,h_210,f_jpg?from=ke.com
20241017,房山,城关,101126627295,优质房源 精装修 没有住过人 拎包入住,169万,18374元/平,低楼层 (共20层) 2室1厅 | 91.98平米 | 南,https://ke-image.ljcdn.com/110000-inspection/pc1_ATHbQuqyO.jpg!m_fill,w_280,h_210,f_jpg?from=ke.com
20241017,房山,城关,101126624390,农林路社区 2室1厅 东 西,89万,11703元/平,中楼层 (共6层) 2室1厅 | 76.05平米 | 东 西,https://ke-image.ljcdn.com/110000-inspection/pc1_9yfwVXEKz_2.jpg!m_fill,w_280,h_210,f_jpg?from=ke.com
20241017,房山,城关,101126607040,管道局社区 2室1厅 南 北,90万,14963元/平,顶层 (共6层) 2室1厅 | 60.15平米 | 南 北,https://ke-image.ljcdn.com/110000-inspection/pc1_Q1oHiMXj4_2.jpg!m_fill,w_280,h_210,f_jpg?from=ke.com
20241017,房山,城关,101126587157,永乐园三里 2室1厅 东 西,98万,11842元/平,中楼层 (共6层) | 2002年 | 2室1厅 | 82.76平米 | 东 西,https://ke-image.ljcdn.com/110000-inspection/pc1_kY26LeVbL_2.jpg!m_fill,w_280,h_210,f_jpg?from=ke.com
20241017,房山,城关,101126584665,槠榆树家园 2室1厅 东北,110万,15162元/平,高楼层 (共11层) | 2011年 | 2室1厅 | 72.55平米 | 东北,https://ke-image.ljcdn.com/110000-inspection/pc1_oI8s5CCSe.jpg!m_fill,w_280,h_210,f_jpg?from=ke.com
20241017,房山,城关,101126584129,永兴达家园 3室1厅 南 北,143万,12195元/平,高楼层 (共6层) 3室1厅 | 117.27平米 | 南 北,https://ke-image.ljcdn.com/110000-inspection/pc1_3eXBkNhRe_1.jpg!m_fill,w_280,h_210,f_jpg?from=ke.com
20241017,房山,城关,101126580336,槠榆树家园9号院 南北户型 看房随时 价格可谈,76万,11315元/平,顶层 (共6层) | 2010年 | 2室1厅 | 67.17平米 | 南 北,https://ke-image.ljcdn.com/110000-inspection/pc1_cHtfHuSRP.jpg!m_fill,w_280,h_210,f_jpg?from=ke.com
20241017,房山,城关,101126573007,营房小区 2室1厅 南 北,118万,12983元/平,中楼层 (共6层) 2室1厅 | 90.89平米 | 南 北,https://ke-image.ljcdn.com/110000-inspection/pc1_VxHu3KGRT.jpg!m_fill,w_280,h_210,f_jpg?from=ke.com
20241017,房山,城关,101126568584,此房满五唯一商品房户型好房龄新（91年建成）,95万,12386元/平,顶层 (共6层) 2室1厅 | 76.7平米 | 南 北,https://ke-image.ljcdn.com/110000-inspection/pc1_IHkMqo80u_2.jpg!m_fill,w_280,h_210,f_jpg?from=ke.com
20241017,房山,城关,101126555847,房山火车站家属楼 jin城铁 满五唯一 随时看房,75万,13308元/平,中楼层 (共5层) 2室1厅 | 56.36平米 | 南 北,https://ke-image.ljcdn.com/110000-inspection/pc1_SmCTSQd2c.jpg!m_fill,w_280,h_210,f_jpg?from=ke.com
20241017,房山,城关,101126552883,此房满五唯一商品房户型好房龄新（91年建成,85万,13037元/平,顶层 (共6层) 2室1厅 | 65.2平米 | 南 北,https://ke-image.ljcdn.com/110000-inspection/pc1_W8NMadD0H_1.jpg!m_fill,w_280,h_210,f_jpg?from=ke.com
20241017,房山,城关,101126541329,管道局社区 城关街道南大街153号,87万,14378元/平,中楼层 (共4层) 3室1厅 | 60.51平米 | 南 北,https://ke-image.ljcdn.com/110000-inspection/pc1_kCs9cj6Cs_1.jpg!m_fill,w_280,h_210,f_jpg?from=ke.com
20241017,房山,城关,101126530999,永安西里中楼层两居室出售价格可谈,118万,15541元/平,底层 (共5层) 2室1厅 | 75.93平米 | 南,https://ke-image.ljcdn.com/110000-inspection/pc1_8O4iImRjO_2.jpg!m_fill,w_280,h_210,f_jpg?from=ke.com
20241017,房山,城关,101126521866,中国铁建原香漫谷三区 无抵押  无户口  业主诚心,155万,17759元/平,高楼层 (共20层) 2室1厅 | 87.28平米 | 南,https://ke-image.ljcdn.com/110000-inspection/pc1_ypWy9kGso.jpg!m_fill,w_280,h_210,f_jpg?from=ke.com
20241017,房山,城关,101126520192,兴房苑小区 2室1厅 东 西,132万,13332元/平,低楼层 (共6层) 2室1厅 | 99.01平米 | 东 西,https://ke-image.ljcdn.com/110000-inspection/pc1_bOvYon0me_2.jpg!m_fill,w_280,h_210,f_jpg?from=ke.com
20241017,房山,城关,101126518514,此房楼层高无遮挡视野宽阔采光好,98万,11750元/平,顶层 (共6层) 2室1厅 | 83.41平米 | 东 西,https://ke-image.ljcdn.com/110000-inspection/pc1_8TVNI6RCi_1.jpg!m_fill,w_280,h_210,f_jpg?from=ke.com
20241017,房山,城关,101126515643,中楼层南北通透精装修家具齐全,76万,10964元/平,中楼层 (共8层) | 1988年 | 3室1厅 | 69.32平米 | 南 北,https://ke-image.ljcdn.com/110000-inspection/d55b7263-1186-4a9b-8bae-a5a90040993e_1000.jpg!m_fill,w_280,h_210,f_jpg?from=ke.com
20241017,房山,城关,101126504229,此房满五唯一楼层低出行方便南北通透采光好,119万,16797元/平,中楼层 (共6层) 1室1厅 | 70.85平米 | 南 北,https://ke-image.ljcdn.com/110000-inspection/pc1_NvEbTRsLK_2.jpg!m_fill,w_280,h_210,f_jpg?from=ke.com
20241017,房山,城关,101126502356,良工佳苑 2室1厅 南 北,180万,18017元/平,中楼层 (共6层) 2室1厅 | 99.91平米 | 南 北,https://ke-image.ljcdn.com/110000-inspection/6f6b1e5c-bbee-4b66-9e84-3252a7ac0ea7_1000.jpg!m_fill,w_280,h_210,f_jpg?from=ke.com
20241017,房山,城关,101126485129,南沿里社区 2室1厅 南,82万,15130元/平,中楼层 (共6层) 2室1厅 | 54.2平米 | 南,https://ke-image.ljcdn.com/110000-inspection/pc1_NzvRXbW1P_2.jpg!m_fill,w_280,h_210,f_jpg?from=ke.com
20241017,房山,城关,101126469844,南沿里社区高楼层两居室出售房主自荐,110万,15880元/平,高楼层 (共6层) 2室1厅 | 69.27平米 | 南 北,https://ke-image.ljcdn.com/110000-inspection/pc1_7F8Vyx2i4_2.jpg!m_fill,w_280,h_210,f_jpg?from=ke.com
20241017,房山,城关,101126464914,中国铁建原香漫谷三区德润街5号院。,150万,17187元/平,中楼层 (共20层) 2室1厅 | 87.28平米 | 南,https://ke-image.ljcdn.com/110000-inspection/pc1_ak8gq8MjF.jpg!m_fill,w_280,h_210,f_jpg?from=ke.com
20241017,房山,城关,101126452472,兴房大街 3室1厅 南 北,159万,15029元/平,底层 (共6层) 3室1厅 | 105.8平米 | 南 北,https://ke-image.ljcdn.com/110000-inspection/pc1_S7htBNHBw_2.jpg!m_fill,w_280,h_210,f_jpg?from=ke.com
20241017,房山,城关,101126430533,营房小区南北通透业主自住随时看房,113万,12996元/平,高楼层 (共6层) 2室1厅 | 86.95平米 | 北 南,https://ke-image.ljcdn.com/110000-inspection/pc1_fjDrQyoa9.jpg!m_fill,w_280,h_210,f_jpg?from=ke.com
20241017,房山,城关,101126427997,小区楼龄较新位置较好 业主真诚出售 此房满五唯一,138万,16591元/平,中楼层 (共6层) | 2008年 | 2室1厅 | 83.18平米 | 南 北,https://ke-image.ljcdn.com/110000-inspection/pc1_tVpN8JkD1.jpg!m_fill,w_280,h_210,f_jpg?from=ke.com
20241017,房山,城关,101126403181,府东里社区 2室1厅 南 北,99万,10325元/平,顶层 (共6层) | 1998年 | 2室1厅 | 95.89平米 | 南 北,https://ke-image.ljcdn.com/110000-inspection/pc1_26r54nr3a.jpg!m_fill,w_280,h_210,f_jpg?from=ke.com
20241017,房山,城关,101126366248,原香漫谷二区南北通透120平大三居诚心出售,240万,18602元/平,高楼层 (共18层) 3室2厅 | 129.02平米 | 南 北,https://ke-image.ljcdn.com/110000-inspection/pc1_pAYRXOMNN.jpg!m_fill,w_280,h_210,f_jpg?from=ke.com
20241017,房山,城关,101126360657,永安西里 2室1厅 南,80万,16042元/平,中楼层 (共6层) 2室1厅 | 49.87平米 | 南,https://ke-image.ljcdn.com/110000-inspection/pc1_HVjBhwDx4_2.jpg!m_fill,w_280,h_210,f_jpg?from=ke.com
20241017,房山,城关,101126357706,兴房东里社区 3室1厅 南 北,126万,16523元/平,中楼层 (共7层) | 1997年 | 3室1厅 | 76.26平米 | 南 北,https://ke-image.ljcdn.com/110000-inspection/pc1_rNTYbs73y_2.jpg!m_fill,w_280,h_210,f_jpg?from=ke.com
20241017,房山,城关,101126341301,中国铁建原香漫谷四区 3室1厅 南 北,190万,21279元/平,中楼层 (共18层) 3室1厅 | 89.29平米 | 南 北,https://ke-image.ljcdn.com/110000-inspection/pc1_JInZ8Ey54.jpg!m_fill,w_280,h_210,f_jpg?from=ke.com
20241017,房山,城关,101126275332,万宁小区 2室1厅 南 北,119万,16273元/平,中楼层 (共5层) 2室1厅 | 73.13平米 | 南 北,https://ke-image.ljcdn.com/110000-inspection/pc1_0WdrnqUar.jpg!m_fill,w_280,h_210,f_jpg?from=ke.com
20241017,房山,城关,101126268279,城关南里社区 2室1厅 南 北,95万,16830元/平,低楼层 (共6层) 2室1厅 | 56.45平米 | 南 北,https://ke-image.ljcdn.com/110000-inspection/pc1_0dnOWpgz5.jpg!m_fill,w_280,h_210,f_jpg?from=ke.com
20241017,房山,城关,101126247743,中冶蓝城西区 3室2厅 南 北,198万,19728元/平,中楼层 (共16层) 3室2厅 | 100.37平米 | 南 北,https://ke-image.ljcdn.com/110000-inspection/pc1_6PSa3qAe1.jpg!m_fill,w_280,h_210,f_jpg?from=ke.com
20241017,房山,城关,101126246941,南沿里社区 2室1厅 西南,98万,17169元/平,中楼层 (共5层) 2室1厅 | 57.08平米 | 西南,https://ke-image.ljcdn.com/110000-inspection/pc1_ODYh3cKTN_2.jpg!m_fill,w_280,h_210,f_jpg?from=ke.com
20241017,房山,城关,101126245738,青年南路8号楼 2室1厅 南 北,88万,14410元/平,高楼层 (共6层) 2室1厅 | 61.07平米 | 南 北,https://ke-image.ljcdn.com/110000-inspection/pc1_zHHzlMXKK.jpg!m_fill,w_280,h_210,f_jpg?from=ke.com
20241017,房山,城关,101126243648,洪福家园 2室1厅 南 北,150万,15797元/平,中楼层 (共5层) 2室1厅 | 94.96平米 | 南 北,https://ke-image.ljcdn.com/110000-inspection/pc1_moAq0efOo.jpg!m_fill,w_280,h_210,f_jpg?from=ke.com
20241017,房山,城关,101126236678,中国铁建原香漫谷二区精装修2居室面积大采光好。,146万,15228元/平,低楼层 (共19层) 2室2厅 | 95.88平米 | 南,https://ke-image.ljcdn.com/110000-inspection/1a360ad9-722e-4c76-83ca-839902f11f8d_1000.jpg!m_fill,w_280,h_210,f_jpg?from=ke.com
20241017,房山,城关,101126236020,矿机社区 3室1厅 南 北,72.8万,10714元/平,顶层 (共5层) 3室1厅 | 67.95平米 | 南 北,https://ke-image.ljcdn.com/110000-inspection/pc1_P6CO03HGE_2.jpg!m_fill,w_280,h_210,f_jpg?from=ke.com
20241017,房山,城关,101126233725,原香漫谷三区精装电梯房业主诚心出售满五唯一,159万,18337元/平,中楼层 (共19层) 2室2厅 | 86.71平米 | 南,https://ke-image.ljcdn.com/110000-inspection/pc1_hzV6DZY6U.jpg!m_fill,w_280,h_210,f_jpg?from=ke.com
20241017,房山,城关,101126208399,永安西里 2室1厅 南 北,79万,14592元/平,低楼层 (共6层) | 1985年 | 2室1厅 | 54.14平米 | 南 北,https://ke-image.ljcdn.com/110000-inspection/pc1_2wm8w7zZw.jpg!m_fill,w_280,h_210,f_jpg?from=ke.com
20241017,房山,城关,101126201799,九洲兴达家园B区中楼层大三居室南北朝向客厅带窗,149万,14588元/平,中楼层 (共6层) 3室1厅 | 102.14平米 | 南 北,https://ke-image.ljcdn.com/110000-inspection/pc1_NCMUDpTRd.jpg!m_fill,w_280,h_210,f_jpg?from=ke.com
20241017,房山,城关,101126199624,原香漫谷四区精装两居楼层好采光好,149万,17208元/平,高楼层 (共19层) | 2016年 | 2室1厅 | 86.59平米 | 南,https://ke-image.ljcdn.com/110000-inspection/pc1_DCQ4LdHJh.jpg!m_fill,w_280,h_210,f_jpg?from=ke.com
20241017,房山,城关,101126186811,良工佳苑 3室2厅 南 北,208万,18552元/平,低楼层 (共6层) 3室2厅 | 112.12平米 | 南 北,https://ke-image.ljcdn.com/110000-inspection/pc1_67DYq90OI.jpg!m_fill,w_280,h_210,f_jpg?from=ke.com
20241017,房山,城关,101126167054,槠榆树家园 1室1厅 南,65万,16369元/平,中楼层 (共6层) | 2009年 | 1室1厅 | 39.71平米 | 南,https://ke-image.ljcdn.com/110000-inspection/531f02a9-2dac-49b1-8b7d-a40ccef1dfd9_1000.jpg!m_fill,w_280,h_210,f_jpg?from=ke.com
20241017,房山,城关,101126155188,房山福星家园B区周围配套齐全,49万,20050元/平,中楼层 (共5层) 1室0厅 | 24.44平米 | 南 北,https://ke-image.ljcdn.com/110000-inspection/pc1_PUbbIkCH2.jpg!m_fill,w_280,h_210,f_jpg?from=ke.com
20241017,房山,城关,101126132144,城北社区 2室1厅 南 北,75万,12880元/平,高楼层 (共6层) | 1983年 | 2室1厅 | 58.23平米 | 南 北,https://ke-image.ljcdn.com/110000-inspection/pc1_EDq3mG2UI.jpg!m_fill,w_280,h_210,f_jpg?from=ke.com
20241017,房山,城关,101126095361,永兴家园 3室1厅 南 北,209万,16227元/平,顶层 (共6层) | 2003年 | 3室1厅 | 128.8平米 | 南 北,https://ke-image.ljcdn.com/110000-inspection/72eef0e7-b9fb-4a2c-8ec1-a58dc828d895_1000.jpg!m_fill,w_280,h_210,f_jpg?from=ke.com
20241017,房山,城关,101126089234,永兴家园,125万,13773元/平,顶层 (共6层) 2室1厅 | 90.76平米 | 东 西,https://ke-image.ljcdn.com/110000-inspection/pc1_DVyreZSNC_2.jpg!m_fill,w_280,h_210,f_jpg?from=ke.com
20241017,房山,城关,101126076383,九洲兴达家园优质房源楼龄新地理位置好,140万,14308元/平,中楼层 (共6层) 3室1厅 | 97.85平米 | 东 西,https://ke-image.ljcdn.com/110000-inspection/pc1_niG2vu4hJ_2.jpg!m_fill,w_280,h_210,f_jpg?from=ke.com
20241017,房山,城关,101126071916,福星家园B区 2室1厅 南 北,74万,14857元/平,底层 (共5层) 2室1厅 | 49.81平米 | 南 北,https://ke-image.ljcdn.com/110000-inspection/pc1_3C6DBXVk0_1.jpg!m_fill,w_280,h_210,f_jpg?from=ke.com
20241017,房山,城关,101126058531,站北路 2室1厅 东 西,79万,11400元/平,顶层 (共6层) 2室1厅 | 69.3平米 | 东 西,https://ke-image.ljcdn.com/110000-inspection/pc1_SzSwblDGw.jpg!m_fill,w_280,h_210,f_jpg?from=ke.com
20241017,房山,城关,101126052999,万宁小区周边配套齐全楼层采光Y店长力jian 满五,119万,15457元/平,中楼层 (共6层) | 2001年 | 2室1厅 | 76.99平米 | 南 北,https://ke-image.ljcdn.com/110000-inspection/pc1_m0pcvQ4s8.jpg!m_fill,w_280,h_210,f_jpg?from=ke.com
20241017,房山,城关,101126046611,外贸花园4室2厅2卫低楼层诚意出售,238万,15048元/平,底层 (共6层) 4室2厅 | 158.17平米 | 北 南,https://ke-image.ljcdn.com/110000-inspection/pc1_cnXKB1z1M.jpg!m_fill,w_280,h_210,f_jpg?from=ke.com
20241017,房山,城关,101126025694,永安西里 1室1厅 南,80万,14742元/平,低楼层 (共6层) | 1984年 | 1室1厅 | 54.27平米 | 南,https://ke-image.ljcdn.com/110000-inspection/pc1_3djbn3UUs_2.jpg!m_fill,w_280,h_210,f_jpg?from=ke.com
20241017,房山,城关,101126008827,原香漫谷二区高楼层视野好采光足,160万,16688元/平,中楼层 (共19层) 2室2厅 | 95.88平米 | 南,https://ke-image.ljcdn.com/110000-inspection/pc1_guL5ncVuf.jpg!m_fill,w_280,h_210,f_jpg?from=ke.com
20241017,房山,城关,101126005304,房山城关煤炭公司家属院优质房源,83万,10681元/平,高楼层 (共6层) 2室1厅 | 77.71平米 | 东 西,https://ke-image.ljcdn.com/110000-inspection/pc1_8FRHvv9cx_2.jpg!m_fill,w_280,h_210,f_jpg?from=ke.com
20241017,房山,城关,101126004181,成教局家属楼,88万,11742元/平,顶层 (共6层) 2室1厅 | 74.95平米 | 南 北,https://ke-image.ljcdn.com/110000-inspection/pc1_qpAWN6x4F_2.jpg!m_fill,w_280,h_210,f_jpg?from=ke.com
20241017,房山,城关,101126002979,房山城关槠榆树家园9号院业主着急出价格可谈,98万,15556元/平,高楼层 (共6层) | 2009年 | 2室1厅 | 63平米 | 南 北,https://ke-image.ljcdn.com/110000-inspection/pc1_Ty8Xc2zY3.jpg!m_fill,w_280,h_210,f_jpg?from=ke.com
20241017,房山,城关,101125993466,中国铁建原香漫谷二区 2室2厅 南 北,170万,17996元/平,低楼层 (共19层) 2室2厅 | 94.47平米 | 南 北,https://ke-image.ljcdn.com/110000-inspection/pc1_X28Mrubur_1.jpg!m_fill,w_280,h_210,f_jpg?from=ke.com
20241017,房山,城关,101125993424,万宁小区 2室1厅 南 北,99万,15513元/平,高楼层 (共6层) 2室1厅 | 63.82平米 | 南 北,https://ke-image.ljcdn.com/110000-inspection/pc1_Yg2YdTEce.jpg!m_fill,w_280,h_210,f_jpg?from=ke.com
20241017,房山,城关,101125986382,福胜胡同 2室1厅 南 北,140万,15685元/平,中楼层 (共6层) 2室1厅 | 89.26平米 | 南 北,https://ke-image.ljcdn.com/110000-inspection/pc1_ta1fV92YE.jpg!m_fill,w_280,h_210,f_jpg?from=ke.com
20241017,房山,城关,101125976863,房山城关营房小区三室一厅业主诚心出售,150万,15043元/平,中楼层 (共6层) | 2002年 | 3室1厅 | 99.72平米 | 南 北,https://ke-image.ljcdn.com/110000-inspection/pc1_myXjnAfeX.jpg!m_fill,w_280,h_210,f_jpg?from=ke.com
20241017,房山,城关,101125965769,化四小区南北通透两居业主诚心出售,110万,13233元/平,顶层 (共3层) 2室1厅 | 83.13平米 | 东 南 北,https://ke-image.ljcdn.com/110000-inspection/pc1_NoF4zT2Jl.jpg!m_fill,w_280,h_210,f_jpg?from=ke.com
20241017,房山,城关,101125962176,南沿里社区 2室1厅 南 北,100万,18393元/平,低楼层 (共6层) 2室1厅 | 54.37平米 | 南 北,https://ke-image.ljcdn.com/110000-inspection/pc1_cgxFCjAUh.jpg!m_fill,w_280,h_210,f_jpg?from=ke.com
20241017,房山,城关,101125951495,永安西里一层精装房户型好小区环境好,99万,17014元/平,底层 (共6层) 2室1厅 | 58.19平米 | 南 北,https://ke-image.ljcdn.com/110000-inspection/pc1_PmPmUrsgA_2.jpg!m_fill,w_280,h_210,f_jpg?from=ke.com
20241017,房山,城关,101125949500,永安西里低楼层精装房采光好无遮挡,96万,19181元/平,底层 (共6层) 1室1厅 | 50.05平米 | 南 北,https://ke-image.ljcdn.com/110000-inspection/pc1_FI66IVfMC_2.jpg!m_fill,w_280,h_210,f_jpg?from=ke.com
20241017,房山,城关,101125929841,中国铁建原香漫谷四期 南北三居 精装修,186万,20897元/平,中楼层 (共18层) 3室1厅 | 89.01平米 | 南 北,https://ke-image.ljcdn.com/110000-inspection/pc1_t0sBPrecl.jpg!m_fill,w_280,h_210,f_jpg?from=ke.com
20241017,房山,城关,101125922457,九洲兴达家园A区配套齐全满五唯一,132万,13425元/平,中楼层 (共6层) 3室1厅 | 98.33平米 | 东 西,https://ke-image.ljcdn.com/110000-inspection/pc1_ORm3Jg3xo_2.jpg!m_fill,w_280,h_210,f_jpg?from=ke.com
20241017,房山,城关,101125912883,城北社区新上好房南北采光好出行便捷配套齐全。,79万,11939元/平,顶层 (共6层) | 1991年 | 2室1厅 | 66.17平米 | 南 北,https://ke-image.ljcdn.com/110000-inspection/pc1_a2AHuECqW.jpg!m_fill,w_280,h_210,f_jpg?from=ke.com
20241017,房山,城关,101125900842,原香漫谷三区电梯房精装两居南向采光好,169万,19350元/平,高楼层 (共20层) 2室1厅 | 87.34平米 | 南,https://ke-image.ljcdn.com/110000-inspection/pc1_t2fx7OYwm.jpg!m_fill,w_280,h_210,f_jpg?from=ke.com
20241017,房山,城关,101125878636,成教局家属楼南北朝向交通便利采光充足,88万,11824元/平,顶层 (共6层) 2室1厅 | 74.43平米 | 南 北,https://ke-image.ljcdn.com/110000-inspection/pc1_wPJu8czRI_2.jpg!m_fill,w_280,h_210,f_jpg?from=ke.com
20241017,房山,城关,101125870759,矿机东路家属院 2室1厅 南 北,82万,10831元/平,高楼层 (共6层) 2室1厅 | 75.71平米 | 南 北,https://ke-image.ljcdn.com/110000-inspection/pc1_qM8Z4kKdH_2.jpg!m_fill,w_280,h_210,f_jpg?from=ke.com
20241017,房山,城关,101125868367,此房交通便利楼层好采光好,80万,12893元/平,低楼层 (共3层) 2室1厅 | 62.05平米 | 南,https://ke-image.ljcdn.com/110000-inspection/pc1_Za6d31gPa.jpg!m_fill,w_280,h_210,f_jpg?from=ke.com
20241017,房山,城关,101125864592,良工佳苑三室出售业主诚心出售。,209万,17194元/平,顶层 (共6层) 3室2厅 | 121.56平米 | 南,https://ke-image.ljcdn.com/110000-inspection/pc1_UJkjciOTy_2.jpg!m_fill,w_280,h_210,f_jpg?from=ke.com
20241017,房山,城关,101125857460,中国铁建原香漫谷四区精装修满五唯一。,274万,21064元/平,低楼层 (共18层) 3室2厅 | 130.08平米 | 南 北,https://ke-image.ljcdn.com/110000-inspection/pc1_uW6biVspU.jpg!m_fill,w_280,h_210,f_jpg?from=ke.com
20241017,房山,城关,101125854267,房子是小三居精装修南北通透装修保持好采光和,165万,18328元/平,高楼层 (共17层) | 2015年 | 3室1厅 | 90.03平米 | 南 北,https://ke-image.ljcdn.com/110000-inspection/pc1_yigfg5mWX_1.jpg!m_fill,w_280,h_210,f_jpg?from=ke.com
20241017,房山,城关,101125845086,兴房东里社区  三居室居住舒适  布局合理,125万,12935元/平,低楼层 (共6层) 3室1厅 | 96.64平米 | 南 北,https://ke-image.ljcdn.com/110000-inspection/pc1_qmlqC1Fsn_2.jpg!m_fill,w_280,h_210,f_jpg?from=ke.com
20241017,房山,城关,101125843413,良工佳苑 1室1厅 南 北,128万,20360元/平,中楼层 (共6层) | 2011年 | 1室1厅 | 62.87平米 | 南 北,https://ke-image.ljcdn.com/110000-inspection/pc1_OevEWqlD2_2.jpg!m_fill,w_280,h_210,f_jpg?from=ke.com
20241017,房山,城关,101125834284,业主诚心出售 该小区地理位置较好 是优选好房,108万,13836元/平,低楼层 (共6层) | 2001年 | 2室1厅 | 78.06平米 | 南 北,https://ke-image.ljcdn.com/110000-inspection/pc1_mEmnHbCtA.jpg!m_fill,w_280,h_210,f_jpg?from=ke.com
20241017,房山,城关,101125831974,良工佳苑 2室1厅 南 北,135万,17061元/平,低楼层 (共6层) | 2011年 | 2室1厅 | 79.13平米 | 南 北,https://ke-image.ljcdn.com/110000-inspection/pc1_UDCHE0RvV_2.jpg!m_fill,w_280,h_210,f_jpg?from=ke.com
20241017,房山,城关,101125829047,房子是大三居精装修南北通透装修保持好,230万,17827元/平,低楼层 (共18层) 3室2厅 | 129.02平米 | 南 北,https://ke-image.ljcdn.com/110000-inspection/pc1_o9UOSWvkL.jpg!m_fill,w_280,h_210,f_jpg?from=ke.com
20241017,房山,城关,101125815911,房山第四家属院高层三居室出售。,115万,12498元/平,顶层 (共6层) 3室2厅 | 92.02平米 | 南 北,https://ke-image.ljcdn.com/110000-inspection/pc1_HX5fsYTAS_2.jpg!m_fill,w_280,h_210,f_jpg?from=ke.com
20241017,房山,城关,101125813019,九洲兴达家园B区,160万,17668元/平,低楼层 (共6层) 2室1厅 | 90.56平米 | 南 北,https://ke-image.ljcdn.com/110000-inspection/pc1_2M11USyjs_2.jpg!m_fill,w_280,h_210,f_jpg?from=ke.com
20241017,房山,城关,101125802040,城关南里社区两室一厅中楼层出售,110万,13999元/平,中楼层 (共6层) 2室1厅 | 78.58平米 | 东 西,https://ke-image.ljcdn.com/110000-inspection/pc1_zZjle5r9L_2.jpg!m_fill,w_280,h_210,f_jpg?from=ke.com
20241017,房山,城关,101125794431,矿机社区 2室1厅 南 北,65万,12155元/平,顶层 (共6层) | 1983年 | 2室1厅 | 53.48平米 | 南 北,https://ke-image.ljcdn.com/110000-inspection/pc1_IQ3PyqCE2_1.jpg!m_fill,w_280,h_210,f_jpg?from=ke.com
20241017,房山,城关,101125770363,城关北里社区 3室1厅 南 北,93万,13393元/平,高楼层 (共6层) 3室1厅 | 69.44平米 | 南 北,https://ke-image.ljcdn.com/110000-inspection/pc1_6UWk2jpRl.jpg!m_fill,w_280,h_210,f_jpg?from=ke.com
20241017,房山,城关,101125770207,矿机社区,89万,17493元/平,底层 (共6层) 2室1厅 | 50.88平米 | 南 北,https://ke-image.ljcdn.com/110000-inspection/pc1_E2LYXKhco_2.jpg!m_fill,w_280,h_210,f_jpg?from=ke.com
20241017,房山,城关,101125760081,城关南里社区 中间楼层 采购光好 业主自住,62万,14072元/平,中楼层 (共6层) | 1992年 | 1室1厅 | 44.06平米 | 南,https://ke-image.ljcdn.com/110000-inspection/0a3345e6-6593-4e9b-bbe4-fb38afd092b7_1000.jpg!m_fill,w_280,h_210,f_jpg?from=ke.com
20241017,房山,城关,101125756875,永安西里社区新改造社区环境整洁车位充足无费用,108万,17825元/平,顶层 (共6层) 2室1厅 | 60.59平米 | 南 北,https://ke-image.ljcdn.com/110000-inspection/81357b59-1e5c-4682-9ea0-9f53ed2b23a1_1000.jpg!m_fill,w_280,h_210,f_jpg?from=ke.com
20241017,房山,城关,101125744461,城关南里社区 2室1厅 东 西,76万,14095元/平,底层 (共6层) 2室1厅 | 53.92平米 | 东 西,https://ke-image.ljcdn.com/110000-inspection/pc1_Y4r5obbkG_2.jpg!m_fill,w_280,h_210,f_jpg?from=ke.com
20241017,房山,城关,101125732336,新上顺成嘉苑好房南北采光好格局好配套齐全。,164万,18096元/平,中楼层 (共6层) 2室2厅 | 90.63平米 | 南 北,https://ke-image.ljcdn.com/110000-inspection/pc1_uCobnxadC.jpg!m_fill,w_280,h_210,f_jpg?from=ke.com
20241017,房山,城关,101125716172,福胜胡同 2室2厅 南 北,118万,14197元/平,底层 (共6层) | 1995年 | 2室2厅 | 83.12平米 | 南 北,https://ke-image.ljcdn.com/110000-inspection/pc1_zchAlYZFf.jpg!m_fill,w_280,h_210,f_jpg?from=ke.com
20241017,房山,城关,101125701801,青年南路7号楼 2室1厅 南,83万,16538元/平,中楼层 (共5层) 2室1厅 | 50.19平米 | 南,https://ke-image.ljcdn.com/110000-inspection/pc1_HcK1ZwaJ4.jpg!m_fill,w_280,h_210,f_jpg?from=ke.com
20241017,房山,城关,101125691171,顺成嘉苑 2室1厅 南 北,148万,14841元/平,高楼层 (共6层) 2室1厅 | 99.73平米 | 南 北,https://ke-image.ljcdn.com/110000-inspection/pc1_cvjCadiYi.jpg!m_fill,w_280,h_210,f_jpg?from=ke.com
20241017,房山,城关,101125689537,矿机东路家属院高楼层两居室出售,74万,9775元/平,高楼层 (共6层) 2室1厅 | 75.71平米 | 南 北,https://ke-image.ljcdn.com/110000-inspection/pc1_3BJ1VgLEr.jpg!m_fill,w_280,h_210,f_jpg?from=ke.com
20241017,房山,城关,101125684309,北大寺满五唯一无抵押周边配套齐全,92万,13259元/平,顶层 (共6层) 2室1厅 | 69.39平米 | 南 北,https://ke-image.ljcdn.com/110000-inspection/pc1_rX9PvVwsn.jpg!m_fill,w_280,h_210,f_jpg?from=ke.com
20241017,房山,城关,101125652984,矿机北门家属院  高楼层采光好  满五唯一,73万,9340元/平,顶层 (共7层) | 1996年 | 3室1厅 | 78.16平米 | 东 西,https://ke-image.ljcdn.com/110000-inspection/pc1_PuVY8lY7Q_2.jpg!m_fill,w_280,h_210,f_jpg?from=ke.com
20241017,房山,城关,101125650589,中国铁建原香漫谷四区 3室2厅 南 西,200万,19795元/平,中楼层 (共20层) 3室2厅 | 101.04平米 | 南 西,https://ke-image.ljcdn.com/110000-inspection/94d09fbe-8eed-4601-a0d2-28e62a4cf1b8_1000.jpg!m_fill,w_280,h_210,f_jpg?from=ke.com
20241017,房山,城关,101125641852,兴房大街18号院乙20-3-401房主自荐,105万,16097元/平,中楼层 (共6层) | 1998年 | 2室1厅 | 65.23平米 | 东 西,https://ke-image.ljcdn.com/110000-inspection/pc1_tmbIHAhFq.jpg!m_fill,w_280,h_210,f_jpg?from=ke.com
20241017,房山,城关,101125629153,原香漫谷二区正规三居全明格局,150万,16159元/平,底层 (共18层) | 2015年 | 3室2厅 | 92.83平米 | 南 北,https://ke-image.ljcdn.com/110000-inspection/pc1_ZGHB5KErd.jpg!m_fill,w_280,h_210,f_jpg?from=ke.com
20241017,房山,城关,101125624189,营房小区 次顶层 满五唯一随时看房  随时看房,105万,12076元/平,高楼层 (共6层) 2室1厅 | 86.95平米 | 南 北,https://ke-image.ljcdn.com/110000-inspection/pc1_bAhs3n8Vq.jpg!m_fill,w_280,h_210,f_jpg?from=ke.com
20241017,房山,城关,101125615722,管道局社区 2室1厅 南,69万,14884元/平,中楼层 (共4层) 2室1厅 | 46.36平米 | 南,https://ke-image.ljcdn.com/110000-inspection/adb0d328-f56e-4dbb-9402-35c2c9f9b93c_1000.jpg!m_fill,w_280,h_210,f_jpg?from=ke.com
20241017,房山,城关,101125601433,兴房东里社区 3室1厅 东 西,80万,10491元/平,高楼层 (共7层) 3室1厅 | 76.26平米 | 东 西,https://ke-image.ljcdn.com/110000-inspection/pc1_2IDzIniBM_2.jpg!m_fill,w_280,h_210,f_jpg?from=ke.com
20241017,房山,城关,101125592875,房子是大三居精装修南北通透装修保持好采光和,260万,21166元/平,低楼层 (共20层) | 2015年 | 3室1厅 | 122.84平米 | 南 北,https://ke-image.ljcdn.com/110000-inspection/pc1_iHUFPpO3N.jpg!m_fill,w_280,h_210,f_jpg?from=ke.com
20241017,房山,城关,101125587723,城关北里社区 3室1厅 南 北,128万,14991元/平,高楼层 (共6层) 3室1厅 | 85.39平米 | 南 北,https://ke-image.ljcdn.com/110000-inspection/pc1_oHs6eZwU0.jpg!m_fill,w_280,h_210,f_jpg?from=ke.com
20241017,房山,城关,101125561606,中国铁建原香漫谷三区 精装二居室 诚心卖,150万,17300元/平,中楼层 (共19层) 2室1厅 | 86.71平米 | 南,https://ke-image.ljcdn.com/110000-inspection/pc1_PryRUQW7H.jpg!m_fill,w_280,h_210,f_jpg?from=ke.com
20241017,房山,城关,101125551252,矿机路小区 装修干净整洁 楼层好 采光好,85万,15640元/平,中楼层 (共6层) 2室1厅 | 54.35平米 | 南 北,https://ke-image.ljcdn.com/110000-inspection/pc1_Xg8HfVjO2.jpg!m_fill,w_280,h_210,f_jpg?from=ke.com
20241017,房山,城关,101125535711,府东里社区 2室1厅 南 北,110万,14728元/平,顶层 (共6层) | 1999年 | 2室1厅 | 74.69平米 | 南 北,https://ke-image.ljcdn.com/110000-inspection/4255ebf5-3d19-4dc5-90cf-18d45caf7450_1000.jpg!m_fill,w_280,h_210,f_jpg?from=ke.com
20241017,房山,城关,101125517061,福星家园A区 满五年  周边配套齐全,150万,19436元/平,低楼层 (共6层) | 2000年 | 2室1厅 | 77.18平米 | 南 北,https://ke-image.ljcdn.com/110000-inspection/pc1_p95MxRQIP.jpg!m_fill,w_280,h_210,f_jpg?from=ke.com
20241017,房山,城关,101125502803,兴房东里社区 2室1厅 北 南,98万,14933元/平,顶层 (共7层) 2室1厅 | 65.63平米 | 北 南,https://ke-image.ljcdn.com/110000-inspection/pc1_g1K6ZLbBy.jpg!m_fill,w_280,h_210,f_jpg?from=ke.com
20241017,房山,城关,101125500307,优质房源 全南两居  大面宽 落地窗  精装修房主自荐,165万,17210元/平,中楼层 (共19层) 2室1厅 | 95.88平米 | 南,https://ke-image.ljcdn.com/110000-inspection/pc1_5IKBY9KWc.jpg!m_fill,w_280,h_210,f_jpg?from=ke.com
20241017,房山,城关,101125498684,洪福家园小区房子满五唯一业主诚心出售价格可以聊,95万,10082元/平,顶层 (共5层) | 2007年 | 2室1厅 | 94.23平米 | 北 南,https://ke-image.ljcdn.com/110000-inspection/pc1_Ze2oRoVXV.jpg!m_fill,w_280,h_210,f_jpg?from=ke.com
20241017,房山,城关,101125494380,此房满五唯一楼层为低楼层视野宽阔交通便利,109万,16182元/平,底层 (共6层) 2室1厅 | 67.36平米 | 南 北,https://ke-image.ljcdn.com/110000-inspection/a7e77236-86ee-476c-809b-6f16d8c2a801_1000.jpg!m_fill,w_280,h_210,f_jpg?from=ke.com
20241017,房山,城关,101125492611,城关北里社区 2室1厅 南,85万,15603元/平,顶层 (共6层) 2室1厅 | 54.48平米 | 南,https://ke-image.ljcdn.com/110000-inspection/pc1_BzOsmcO7U.jpg!m_fill,w_280,h_210,f_jpg?from=ke.com
20241017,房山,城关,101125491152,兴房东里社区业主诚售环境整洁邻里好相车位充足,110万,14615元/平,高楼层 (共7层) 2室1厅 | 75.27平米 | 东 西,https://ke-image.ljcdn.com/110000-inspection/pc1_3bY6ytCmf.jpg!m_fill,w_280,h_210,f_jpg?from=ke.com
20241017,房山,城关,101125479760,营房小区 3室1厅 东 西,132万,13005元/平,高楼层 (共6层) 3室1厅 | 101.5平米 | 东 西,https://ke-image.ljcdn.com/110000-inspection/pc1_P7FrwjjV3.jpg!m_fill,w_280,h_210,f_jpg?from=ke.com
20241017,房山,城关,101125450776,洪福家园 2室1厅 南 北,140万,15800元/平,中楼层 (共6层) | 2007年 | 2室1厅 | 88.61平米 | 南 北,https://ke-image.ljcdn.com/110000-inspection/8aee7be3-f454-4ec9-bb07-6bcf1ab73271_1000.jpg!m_fill,w_280,h_210,f_jpg?from=ke.com
20241017,房山,城关,101125429599,永安家园5-5-601,119万,13147元/平,顶层 (共6层) 2室1厅 | 90.52平米 | 南 北,https://ke-image.ljcdn.com/110000-inspection/pc1_S5Ny9LdgF.jpg!m_fill,w_280,h_210,f_jpg?from=ke.com
20241017,房山,城关,101125417627,福星家园C区 2室1厅 南 北,99万,12843元/平,顶层 (共5层) 2室1厅 | 77.09平米 | 南 北,https://ke-image.ljcdn.com/110000-inspection/pc1_mglMWKb6f.jpg!m_fill,w_280,h_210,f_jpg?from=ke.com
20241017,房山,城关,101125411328,房山四中家属院 2室1厅 南 北,105万,14019元/平,顶层 (共6层) 2室1厅 | 74.9平米 | 南 北,https://ke-image.ljcdn.com/110000-inspection/pc1_vs7vjCXof.jpg!m_fill,w_280,h_210,f_jpg?from=ke.com
20241017,房山,城关,101125401505,房子是大三居精装修南北通透装修保持好采光和,259万,21085元/平,高楼层 (共20层) | 2015年 | 3室1厅 | 122.84平米 | 南 北,https://ke-image.ljcdn.com/110000-inspection/pc1_mgDvZlJGd.jpg!m_fill,w_280,h_210,f_jpg?from=ke.com
20241017,房山,城关,101125399121,中国铁建原香漫谷三区 3室2厅 南 北,230万,17876元/平,高楼层 (共18层) | 2015年 | 3室2厅 | 128.67平米 | 南 北,https://ke-image.ljcdn.com/110000-inspection/pc1_zbUqg1FGQ.jpg!m_fill,w_280,h_210,f_jpg?from=ke.com
20241017,房山,城关,101125394439,吉兴苑 2室1厅 南 北,115万,15132元/平,中楼层 (共4层) 2室1厅 | 76平米 | 南 北,https://ke-image.ljcdn.com/110000-inspection/pc1_vrUWN52ra.jpg!m_fill,w_280,h_210,f_jpg?from=ke.com
20241017,房山,城关,101125381380,西大街6号楼 1室1厅 北,90万,14050元/平,高楼层 (共6层) 1室1厅 | 64.06平米 | 北,https://ke-image.ljcdn.com/110000-inspection/pc1_h6a3G2j2U.jpg!m_fill,w_280,h_210,f_jpg?from=ke.com
20241017,房山,城关,101125367639,矿机社区 南北通透 简装2居 中间楼层 诚心出售,65万,11515元/平,中楼层 (共6层) 2室1厅 | 56.45平米 | 南 北,https://ke-image.ljcdn.com/110000-inspection/pc1_z8qsDnts8.jpg!m_fill,w_280,h_210,f_jpg?from=ke.com
20241017,房山,城关,101125361224,永安西里优质好房采光好无遮挡,66万,12789元/平,顶层 (共6层) 2室1厅 | 51.61平米 | 南,https://ke-image.ljcdn.com/110000-inspection/pc1_QsRwFeCsl_2.jpg!m_fill,w_280,h_210,f_jpg?from=ke.com
20241017,房山,城关,101125333769,槠榆树家园新上好房户型合理出行便捷配套齐全。房主自荐,115万,17989元/平,顶层 (共11层) 2室1厅 | 63.93平米 | 西南,https://ke-image.ljcdn.com/110000-inspection/pc1_dfrS7bS4p.jpg!m_fill,w_280,h_210,f_jpg?from=ke.com
20241017,房山,城关,101125285761,矿机路小区 精装小区出行便利内有幼儿园超市饭店,82万,11830元/平,中楼层 (共8层) | 1988年 | 2室1厅 | 69.32平米 | 南 北,https://ke-image.ljcdn.com/110000-inspection/pc1_LCN0fBSJs.jpg!m_fill,w_280,h_210,f_jpg?from=ke.com
20241017,房山,城关,101125275390,优质房源  南北通透 名厨明卫精装拎包入住,195万,19612元/平,顶层 (共15层) | 2015年 | 3室2厅 | 99.43平米 | 南 北,https://ke-image.ljcdn.com/110000-inspection/pc1_GY4bZAcO3.jpg!m_fill,w_280,h_210,f_jpg?from=ke.com
20241017,房山,城关,101125275296,原香漫谷二区满五唯一采光足诚心出售,165万,17931元/平,中楼层 (共18层) | 2015年 | 3室2厅 | 92.02平米 | 南 北,https://ke-image.ljcdn.com/110000-inspection/pc1_Gy6gwQXN3.jpg!m_fill,w_280,h_210,f_jpg?from=ke.com
20241017,房山,城关,101125258084,万宁小区 2室1厅 西,85万,17309元/平,低楼层 (共6层) 2室1厅 | 49.11平米 | 西,https://ke-image.ljcdn.com/110000-inspection/pc1_PJ8XsaCJg_1.jpg!m_fill,w_280,h_210,f_jpg?from=ke.com
20241017,房山,城关,101125230439,永安路 2室1厅 南 北,128万,16178元/平,高楼层 (共6层) 2室1厅 | 79.12平米 | 南 北,https://ke-image.ljcdn.com/110000-inspection/c8b95fe5-14e8-4253-829a-1bfa187c158f_1000.jpg!m_fill,w_280,h_210,f_jpg?from=ke.com
20241017,房山,城关,101125204198,中国铁建原香漫谷一区三居室 西南北户型 三面采光,189万,18728元/平,中楼层 (共20层) | 2013年 | 3室2厅 | 100.92平米 | 北 南 西,https://ke-image.ljcdn.com/110000-inspection/pc1_ADyyXirTx.jpg!m_fill,w_280,h_210,f_jpg?from=ke.com
20241017,房山,城关,101125198754,城关北里社区 2室1厅 南 北,136万,15993元/平,中楼层 (共6层) 2室1厅 | 85.04平米 | 南 北,https://ke-image.ljcdn.com/110000-inspection/pc1_WCpXO76Yn.jpg!m_fill,w_280,h_210,f_jpg?from=ke.com
20241017,房山,城关,101125179602,矿机社区 楼层好 装修不错房子干净整洁,69万,12612元/平,中楼层 (共8层) 2室1厅 | 54.71平米 | 南 北,https://ke-image.ljcdn.com/110000-inspection/pc1_EMqz9Kzgm_1.jpg!m_fill,w_280,h_210,f_jpg?from=ke.com
20241017,房山,城关,101125171321,营房小区是比较新的小区 周边配套齐全 环境也比较好,105万,12155元/平,顶层 (共6层) 2室1厅 | 86.39平米 | 南 北,https://ke-image.ljcdn.com/110000-inspection/pc1_9GwrRAhih.jpg!m_fill,w_280,h_210,f_jpg?from=ke.com
20241017,房山,城关,101125122115,矿机北路 精装2居 南北通透 配套成熟,72万,10938元/平,高楼层 (共7层) 2室1厅 | 65.83平米 | 南 北,https://ke-image.ljcdn.com/110000-inspection/pc1_suoEDWVMJ.jpg!m_fill,w_280,h_210,f_jpg?from=ke.com
20241017,房山,城关,101125087067,永安西里 2室1厅 南 北,70万,12954元/平,顶层 (共6层) 2室1厅 | 54.04平米 | 南 北,https://ke-image.ljcdn.com/110000-inspection/pc1_CJmiO1IM3.jpg!m_fill,w_280,h_210,f_jpg?from=ke.com
20241017,房山,城关,101125063657,九洲兴达家园B区 区域成熟 环境优美,139万,15404元/平,顶层 (共6层) 2室1厅 | 90.24平米 | 北 南,https://ke-image.ljcdn.com/110000-inspection/pc1_tTWBXwYob.jpg!m_fill,w_280,h_210,f_jpg?from=ke.com
20241017,房山,城关,101125054903,城北社区 2室1厅 南 北,105万,16194元/平,底层 (共6层) 2室1厅 | 64.84平米 | 南 北,https://ke-image.ljcdn.com/110000-inspection/pc1_GjGzvo5FW.jpg!m_fill,w_280,h_210,f_jpg?from=ke.com
20241017,房山,城关,101125047110,顺成嘉苑 3室1厅 南 北,175万,18592元/平,中楼层 (共6层) 3室1厅 | 94.13平米 | 南 北,https://ke-image.ljcdn.com/110000-inspection/pc1_LI27di7e7.jpg!m_fill,w_280,h_210,f_jpg?from=ke.com
20241017,房山,城关,101125034931,保健路4号院业主诚心出售南北通透,79万,13137元/平,高楼层 (共6层) 2室1厅 | 60.14平米 | 南 北,https://ke-image.ljcdn.com/110000-inspection/pc1_sQn5MWlac.jpg!m_fill,w_280,h_210,f_jpg?from=ke.com
20241017,房山,城关,101124988777,矿机东路家属院 优质两房 业主诚心出售,88万,9631元/平,顶层 (共6层) 2室2厅 | 91.38平米 | 南 北,https://ke-image.ljcdn.com/110000-inspection/pc1_g4Iyc5rio.jpg!m_fill,w_280,h_210,f_jpg?from=ke.com
20241017,房山,城关,101124974463,中国铁建原香漫谷三区东南北三居,195万,19400元/平,中楼层 (共20层) 3室1厅 | 100.52平米 | 东 南 北,https://ke-image.ljcdn.com/110000-inspection/pc1_0wXD51MNU.jpg!m_fill,w_280,h_210,f_jpg?from=ke.com
20241017,房山,城关,101124959382,中国铁建原香漫谷二区 3室1厅 南 北,170万,18314元/平,低楼层 (共18层) | 2015年 | 3室1厅 | 92.83平米 | 南 北,https://ke-image.ljcdn.com/110000-inspection/pc1_TkmeipW4v.jpg!m_fill,w_280,h_210,f_jpg?from=ke.com
20241017,房山,城关,101124951572,中国铁建原香漫谷三区 2室2厅 南 北,165万,19536元/平,低楼层 (共20层) 2室2厅 | 84.46平米 | 南 北,https://ke-image.ljcdn.com/110000-inspection/pc1_jtoxyg2Vx.jpg!m_fill,w_280,h_210,f_jpg?from=ke.com
20241017,房山,城关,101124923667,兴房大街 2室1厅 南 北,80万,14909元/平,顶层 (共4层) | 1981年 | 2室1厅 | 53.66平米 | 南 北,https://ke-image.ljcdn.com/110000-inspection/177ade90-3ca8-428a-9da2-376e0263bba1_1000.jpg!m_fill,w_280,h_210,f_jpg?from=ke.com
20241017,房山,城关,101124904416,兴房东里社区 小区干净整洁 公交便利,125万,12613元/平,高楼层 (共6层) 3室1厅 | 99.11平米 | 东 西,https://ke-image.ljcdn.com/110000-inspection/76f4f785-7a46-4099-a189-c99effda0007_1000.jpg!m_fill,w_280,h_210,f_jpg?from=ke.com
20241017,房山,城关,101124891339,中国铁建原香漫谷四区两居室出售  中高楼层 景观房房主自荐,200万,22860元/平,高楼层 (共20层) 2室1厅 | 87.49平米 | 南,https://ke-image.ljcdn.com/110000-inspection/pc1_edJ9FCDu4.jpg!m_fill,w_280,h_210,f_jpg?from=ke.com
20241017,房山,城关,101124874721,农林路社区正规两居室新装修楼层好,88万,11572元/平,中楼层 (共6层) | 2000年 | 2室1厅 | 76.05平米 | 东 西,https://ke-image.ljcdn.com/110000-inspection/pc1_ZLr23iFyM.jpg!m_fill,w_280,h_210,f_jpg?from=ke.com
20241017,房山,城关,101124867417,房山城关西大街近城区各种配套成熟,77万,10753元/平,高楼层 (共6层) | 1996年 | 2室1厅 | 71.61平米 | 南 北,https://ke-image.ljcdn.com/110000-inspection/pc1_rnRlOPc6V.jpg!m_fill,w_280,h_210,f_jpg?from=ke.com
20241017,房山,城关,101124853449,房山城关福星家园A区二居室出售 看房方便 位置好,125万,15478元/平,中楼层 (共6层) 2室1厅 | 80.76平米 | 东 西,https://ke-image.ljcdn.com/110000-inspection/pc1_u4aCvyV76.jpg!m_fill,w_280,h_210,f_jpg?from=ke.com
20241017,房山,城关,101124851384,兴房东里社区 2室1厅 东 西,95万,12891元/平,中楼层 (共7层) | 1996年 | 2室1厅 | 73.7平米 | 东 西,https://ke-image.ljcdn.com/110000-inspection/pc1_QEYg8rgWV.jpg!m_fill,w_280,h_210,f_jpg?from=ke.com
20241017,房山,城关,101124850436,外贸花园 4室2厅 南 北,238万,15048元/平,顶层 (共6层) | 2002年 | 4室2厅 | 158.17平米 | 南 北,https://ke-image.ljcdn.com/110000-inspection/pc1_zvekrWtaR.jpg!m_fill,w_280,h_210,f_jpg?from=ke.com
20241017,房山,城关,101124827068,矿机社区   房子小区中间位置中间楼层南北通透,98万,18052元/平,中楼层 (共6层) 2室1厅 | 54.29平米 | 南 北,https://ke-image.ljcdn.com/110000-inspection/pc1_bkGbbXUEG.jpg!m_fill,w_280,h_210,f_jpg?from=ke.com
20241017,房山,城关,101124817565,万宁小区 2室1厅 东 西,109.8万,13622元/平,中楼层 (共6层) 2室1厅 | 80.61平米 | 东 西,https://ke-image.ljcdn.com/110000-inspection/pc1_85aURk14E.jpg!m_fill,w_280,h_210,f_jpg?from=ke.com
20241017,房山,城关,101124810905,南关大街南北朝向明厨明卫。格局方正没有浪费。,90万,12747元/平,顶层 (共6层) | 1983年 | 3室1厅 | 70.61平米 | 南 北,https://ke-image.ljcdn.com/110000-inspection/pc1_3yMAzOzUX.jpg!m_fill,w_280,h_210,f_jpg?from=ke.com
20241017,房山,城关,101124809337,营房小区精装自住看房方便价格可谈店长Li荐,145万,14541元/平,顶层 (共6层) | 2002年 | 3室2厅 | 99.72平米 | 南 北,https://ke-image.ljcdn.com/110000-inspection/pc1_iRhPIbta4.jpg!m_fill,w_280,h_210,f_jpg?from=ke.com
20241017,房山,城关,101124806215,南关大街 1室1厅 南,65万,15389元/平,顶层 (共6层) | 1983年 | 1室1厅 | 42.24平米 | 南,https://ke-image.ljcdn.com/110000-inspection/pc1_3AFhdvs43.jpg!m_fill,w_280,h_210,f_jpg?from=ke.com
20241017,房山,城关,101124804823,福星家园好房必看楼层好精装修拎包住出行便捷。,202万,15557元/平,中楼层 (共6层) 3室1厅 | 129.85平米 | 南 北,https://ke-image.ljcdn.com/110000-inspection/pc1_Nr0qHbAw2.jpg!m_fill,w_280,h_210,f_jpg?from=ke.com
20241017,房山,城关,101124790296,煤炭公司家属院 3室1厅 南 北,118万,13013元/平,高楼层 (共6层) 3室1厅 | 90.68平米 | 南 北,https://ke-image.ljcdn.com/110000-inspection/pc1_zXA7nNaPt.jpg!m_fill,w_280,h_210,f_jpg?from=ke.com
20241017,房山,城关,101124765662,保健路4号院 2室1厅 南 北,90万,15081元/平,低楼层 (共6层) 2室1厅 | 59.68平米 | 南 北,https://ke-image.ljcdn.com/110000-inspection/pc1_GiAulAuen.jpg!m_fill,w_280,h_210,f_jpg?from=ke.com
20241017,房山,城关,101124736972,管道局社区 2室1厅 南,82万,17688元/平,顶层 (共4层) 2室1厅 | 46.36平米 | 南,https://ke-image.ljcdn.com/110000-inspection/pc1_Gt0Dv6Lno.jpg!m_fill,w_280,h_210,f_jpg?from=ke.com
20241017,房山,城关,101124702295,兴房东里社区 3室1厅 东 西,125万,15417元/平,低楼层 (共7层) 3室1厅 | 81.08平米 | 东 西,https://ke-image.ljcdn.com/110000-inspection/pc1_M0aWiRUhi.jpg!m_fill,w_280,h_210,f_jpg?from=ke.com
20241017,房山,城关,101124692622,兴房大街 2室1厅 南 北,125万,15991元/平,底层 (共6层) 2室1厅 | 78.17平米 | 南 北,https://ke-image.ljcdn.com/110000-inspection/pc1_AYrQqlBlB.jpg!m_fill,w_280,h_210,f_jpg?from=ke.com
20241017,房山,城关,101124686435,永安家园 南北通透两居室 新小区 环境好 业主诚心,109万,11798元/平,顶层 (共6层) 2室1厅 | 92.39平米 | 南 北,https://ke-image.ljcdn.com/110000-inspection/pc1_K9NVY8uXm.jpg!m_fill,w_280,h_210,f_jpg?from=ke.com
20241017,房山,城关,101124669797,槠榆树家园南北通透顶层采光好。,79万,12289元/平,顶层 (共6层) | 2009年 | 2室1厅 | 64.29平米 | 南 北,https://ke-image.ljcdn.com/110000-inspection/pc1_akjy65JpA.jpg!m_fill,w_280,h_210,f_jpg?from=ke.com
20241017,房山,城关,101124633113,洪福家园 2室1厅 北 南,125万,13324元/平,中楼层 (共6层) 2室1厅 | 93.82平米 | 北 南,https://ke-image.ljcdn.com/110000-inspection/pc1_nIleJuASk.jpg!m_fill,w_280,h_210,f_jpg?from=ke.com
20241017,房山,城关,101124616413,管道局社区 适合不同人居住出行便捷小区配套齐,150万,17222元/平,顶层 (共6层) 3室1厅 | 87.1平米 | 南 北,https://ke-image.ljcdn.com/110000-inspection/pc1_fKGMEgPeF.jpg!m_fill,w_280,h_210,f_jpg?from=ke.com
20241017,房山,城关,101124587758,九洲兴达家园A区 南北通透 2居,133万,14030元/平,中楼层 (共6层) 2室1厅 | 94.8平米 | 南 北,https://ke-image.ljcdn.com/110000-inspection/pc1_n1z5uEUAp.jpg!m_fill,w_280,h_210,f_jpg?from=ke.com
20241017,房山,城关,101124587416,兴房大街业主诚心出售南北通透,79万,14446元/平,中楼层 (共6层) | 1986年 | 2室1厅 | 54.69平米 | 南 北,https://ke-image.ljcdn.com/110000-inspection/pc1_VMhcNhIUH.jpg!m_fill,w_280,h_210,f_jpg?from=ke.com
20241017,房山,城关,101124585865,南沿里社区 南北两居室   77万,69万,13820元/平,底层 (共6层) 2室1厅 | 49.93平米 | 南 北,https://ke-image.ljcdn.com/110000-inspection/pc1_ITQ5b0qlB.jpg!m_fill,w_280,h_210,f_jpg?from=ke.com
20241017,房山,城关,101124582185,槠榆树家园 2室2厅 西北,120万,16612元/平,顶层 (共11层) | 2011年 | 2室2厅 | 72.24平米 | 西北,https://ke-image.ljcdn.com/110000-inspection/pc1_NcRZ4X8MP.jpg!m_fill,w_280,h_210,f_jpg?from=ke.com
20241017,房山,城关,101124545449,永乐园社区 2室1厅 东 西,108万,15335元/平,中楼层 (共6层) 2室1厅 | 70.43平米 | 东 西,https://ke-image.ljcdn.com/110000-inspection/pc1_yBfFwk78p.jpg!m_fill,w_280,h_210,f_jpg?from=ke.com
20241017,房山,城关,101124545059,永安西里北区 2室1厅 南 北,115万,13975元/平,顶层 (共5层) 2室1厅 | 82.29平米 | 南 北,https://ke-image.ljcdn.com/110000-inspection/pc1_vDTVzDgTa.jpg!m_fill,w_280,h_210,f_jpg?from=ke.com
20241017,房山,城关,101124541720,城关南里社区 中间楼层 采光充足 小区安静,79万,13983元/平,中楼层 (共5层) 2室1厅 | 56.5平米 | 南 北,https://ke-image.ljcdn.com/110000-inspection/pc1_VmZePRXww.jpg!m_fill,w_280,h_210,f_jpg?from=ke.com
20241017,房山,城关,101124541598,万宁小区 3室1厅 东 西,108万,13199元/平,底层 (共6层) | 1992年 | 3室1厅 | 81.83平米 | 东 西,https://ke-image.ljcdn.com/110000-inspection/pc1_o20CKj7AF.jpg!m_fill,w_280,h_210,f_jpg?from=ke.com
20241017,房山,城关,101124534667,福星家园 周边配套齐全设施也比较好房子价格不错,105万,13002元/平,顶层 (共6层) 2室1厅 | 80.76平米 | 西 东,https://ke-image.ljcdn.com/110000-inspection/pc1_LTs9VLSoL.jpg!m_fill,w_280,h_210,f_jpg?from=ke.com
20241017,房山,城关,101124454462,优质房源 房子全明格局明厨明卫中间楼层,189万,18728元/平,中楼层 (共20层) | 2013年 | 3室1厅 | 100.92平米 | 东 南 北,https://ke-image.ljcdn.com/110000-inspection/pc1_7KiCTDvu1.jpg!m_fill,w_280,h_210,f_jpg?from=ke.com
20241017,房山,城关,101124382511,房山家属院南北通透房主诚心售卖,98万,10650元/平,高楼层 (共6层) 3室1厅 | 92.02平米 | 南 北,https://ke-image.ljcdn.com/110000-inspection/pc1_VPXfZcJeg.jpg!m_fill,w_280,h_210,f_jpg?from=ke.com
20241017,房山,城关,101124319498,管道局社区 满五唯一商品房   楼层好业主诚心出售,90万,19414元/平,中楼层 (共4层) 2室1厅 | 46.36平米 | 南,https://ke-image.ljcdn.com/110000-inspection/pc1_gXtD87gR5.jpg!m_fill,w_280,h_210,f_jpg?from=ke.com
20241017,房山,城关,101124248718,矿机社区 65.9平米两居室 配套全 诚心出售,100万,15175元/平,中楼层 (共8层) 2室1厅 | 65.9平米 | 东 西,https://ke-image.ljcdn.com/110000-inspection/pc1_vHfiNG5C4_1.jpg!m_fill,w_280,h_210,f_jpg?from=ke.com
20241017,房山,城关,101124246218,矿机社区 2室1厅 北 南,62万,11570元/平,高楼层 (共6层) 2室1厅 | 53.59平米 | 北 南,https://ke-image.ljcdn.com/110000-inspection/pc1_3qZbvKlM0.jpg!m_fill,w_280,h_210,f_jpg?from=ke.com
20241017,房山,城关,101124233900,中冶蓝城西区南北通透三居户型,190万,19035元/平,中楼层 (共15层) | 2016年 | 3室1厅 | 99.82平米 | 南 北,https://ke-image.ljcdn.com/110000-inspection/pc1_5a9fJMUuo.jpg!m_fill,w_280,h_210,f_jpg?from=ke.com
20241017,房山,城关,101124233856,南关大街 2室1厅 南 北,79万,13309元/平,底层 (共6层) 2室1厅 | 59.36平米 | 南 北,https://ke-image.ljcdn.com/110000-inspection/pc1_jt6gv3P9B.jpg!m_fill,w_280,h_210,f_jpg?from=ke.com
20241017,房山,城关,101124189405,槠榆树家园 2室1厅 东南,135万,21207元/平,中楼层 (共11层) | 2011年 | 2室1厅 | 63.66平米 | 东南,https://ke-image.ljcdn.com/110000-inspection/pc1_34ftckve9.jpg!m_fill,w_280,h_210,f_jpg?from=ke.com
20241017,房山,城关,101124180718,站北路 2室1厅 东 西,83万,12311元/平,高楼层 (共6层) 2室1厅 | 67.42平米 | 东 西,https://ke-image.ljcdn.com/110000-inspection/6c6aa9e4-f85e-4003-bf27-18f4e7eaf272_1000.jpg!m_fill,w_280,h_210,f_jpg?from=ke.com
20241017,房山,城关,101124137606,九洲兴达家园B区 3室1厅 东 西,145万,14626元/平,低楼层 (共6层) | 2003年 | 3室1厅 | 99.14平米 | 东 西,https://ke-image.ljcdn.com/110000-inspection/pc1_e6MnxPQMO.jpg!m_fill,w_280,h_210,f_jpg?from=ke.com
20241017,房山,城关,101124127096,优质房源 中间楼层 南北通透 独立厨房 户型好,200万,23627元/平,低楼层 (共20层) 2室1厅 | 84.65平米 | 南 北,https://ke-image.ljcdn.com/110000-inspection/pc1_8LEFbCkrh.jpg!m_fill,w_280,h_210,f_jpg?from=ke.com
20241017,房山,城关,101124057987,房子小区中间位置南北通透户型好房主自荐,75万,9907元/平,高楼层 (共6层) | 1999年 | 2室1厅 | 75.71平米 | 南 北,https://ke-image.ljcdn.com/110000-inspection/pc1_ICqNPid3c.jpg!m_fill,w_280,h_210,f_jpg?from=ke.com
20241017,房山,城关,101124012369,良工佳苑 3室2厅 南 北,179万,14726元/平,顶层 (共6层) | 2006年 | 3室2厅 | 121.56平米 | 南 北,https://ke-image.ljcdn.com/110000-inspection/pc1_1fDH377N4.jpg!m_fill,w_280,h_210,f_jpg?from=ke.com
20241017,房山,城关,101124009664,城关南里社区南北通透低楼层看房方便,69万,12213元/平,中楼层 (共5层) 2室1厅 | 56.5平米 | 南 北,https://ke-image.ljcdn.com/110000-inspection/pc1_SexHJPxK3.jpg!m_fill,w_280,h_210,f_jpg?from=ke.com
20241017,房山,城关,101124000008,福胜家园 3室1厅 南 北,248万,20235元/平,中楼层 (共6层) 3室1厅 | 122.56平米 | 南 北,https://ke-image.ljcdn.com/110000-inspection/pc1_Am7TyIf3c.jpg!m_fill,w_280,h_210,f_jpg?from=ke.com
20241017,房山,城关,101123929281,管道局社区 价格合适楼层好采光好 小区环境不错,66万,12250元/平,中楼层 (共4层) | 1981年 | 2室1厅 | 53.88平米 | 东,https://ke-image.ljcdn.com/110000-inspection/pc1_4WEFF7iJy.jpg!m_fill,w_280,h_210,f_jpg?from=ke.com
20241017,房山,城关,101123925636,青年南路7号楼 2室1厅 东 西,89万,16559元/平,低楼层 (共6层) 2室1厅 | 53.75平米 | 东 西,https://ke-image.ljcdn.com/110000-inspection/pc1_VnqvmEjOT_1.jpg!m_fill,w_280,h_210,f_jpg?from=ke.com
20241017,房山,城关,101123856545,化四小区 南北通透 中间楼层两居室,70万,13080元/平,中楼层 (共5层) 2室1厅 | 53.52平米 | 南 北,https://ke-image.ljcdn.com/110000-inspection/pc1_ENc1jo7pq.jpg!m_fill,w_280,h_210,f_jpg?from=ke.com
20241017,房山,城关,101123753077,矿机东路家属院 2室1厅 南 北,85万,11347元/平,中楼层 (共6层) 2室1厅 | 74.91平米 | 南 北,https://ke-image.ljcdn.com/110000-inspection/85c3ea3b-b165-48e4-8ed5-2c74135dd25b_1000.jpg!m_fill,w_280,h_210,f_jpg?from=ke.com
20241017,房山,城关,101123744815,满五唯一 低楼层  两居室 配套成熟社区,61万,13173元/平,低楼层 (共6层) 2室1厅 | 46.31平米 | 东 西,https://ke-image.ljcdn.com/110000-inspection/pc1_bLIFj9Vxg.jpg!m_fill,w_280,h_210,f_jpg?from=ke.com
20241017,房山,城关,101123696065,永安西里 2室1厅 西南,79万,14438元/平,低楼层 (共6层) 2室1厅 | 54.72平米 | 西南,https://ke-image.ljcdn.com/110000-inspection/pc1_1Fqnew6zv.jpg!m_fill,w_280,h_210,f_jpg?from=ke.com
20241017,房山,城关,101123681982,矿机北路精装修两居室南北通透户型通风采光效果好,75万,14088元/平,底层 (共7层) 2室1厅 | 53.24平米 | 南 北,https://ke-image.ljcdn.com/110000-inspection/pc1_toHSaSfiq_1.jpg!m_fill,w_280,h_210,f_jpg?from=ke.com
20241017,房山,城关,101123628259,矿机社区   两居室   次顶层   诚心出售,81万,14709元/平,高楼层 (共7层) | 1987年 | 2室1厅 | 55.07平米 | 南 北,https://ke-image.ljcdn.com/110000-inspection/pc1_bfpRfh90x.jpg!m_fill,w_280,h_210,f_jpg?from=ke.com
20241017,房山,城关,101123607857,中国铁建原香漫谷二区 3室1厅 南 北,165万,18657元/平,底层 (共18层) 3室1厅 | 88.44平米 | 南 北,https://ke-image.ljcdn.com/110000-inspection/pc1_U3SxorVXL.jpg!m_fill,w_280,h_210,f_jpg?from=ke.com
20241017,房山,城关,101123606459,永安家园 2室1厅 南 北,99万,13921元/平,高楼层 (共6层) 2室1厅 | 71.12平米 | 南 北,https://ke-image.ljcdn.com/110000-inspection/pc1_ayWOK4Nfs.jpg!m_fill,w_280,h_210,f_jpg?from=ke.com
20241017,房山,城关,101123557443,兴房大街 2室1厅 南 北,102万,15625元/平,中楼层 (共6层) | 1991年 | 2室1厅 | 65.28平米 | 南 北,https://ke-image.ljcdn.com/110000-inspection/pc1_crQo1858w.jpg!m_fill,w_280,h_210,f_jpg?from=ke.com
20241017,房山,城关,101123551585,优质房源  靠近公园 无遮挡 全天观景,245万,18959元/平,低楼层 (共18层) | 2015年 | 3室1厅 | 129.23平米 | 南 北,https://ke-image.ljcdn.com/110000-inspection/pc1_nkES8Yche.jpg!m_fill,w_280,h_210,f_jpg?from=ke.com
20241017,房山,城关,101123548094,房山城关原香漫谷一区南北通透三居室满五看房方便,169万,18511元/平,低楼层 (共12层) | 2013年 | 3室1厅 | 91.3平米 | 南 北,https://ke-image.ljcdn.com/110000-inspection/pc1_dyxdTSIzt.jpg!m_fill,w_280,h_210,f_jpg?from=ke.com
20241017,房山,城关,101123543320,近地铁 电梯房 楼龄新 三室双卫 户型实用全明格局,195万,19612元/平,高楼层 (共15层) | 2015年 | 3室2厅 | 99.43平米 | 南 北,https://ke-image.ljcdn.com/110000-inspection/pc1_pRornvAf0.jpg!m_fill,w_280,h_210,f_jpg?from=ke.com
20241017,房山,城关,101123517094,房山中冶蓝城西区三居  双卫好户型 配套成熟近地铁,190万,19163元/平,高楼层 (共15层) 3室2厅 | 99.15平米 | 南 北,https://ke-image.ljcdn.com/110000-inspection/pc1_XiZhQDhLc.jpg!m_fill,w_280,h_210,f_jpg?from=ke.com
20241017,房山,城关,101123488930,府东里社区一层带地下室 满五唯一 有钥匙随时看房,159万,15443元/平,底层 (共6层) 3室1厅 | 102.96平米 | 南 北,https://ke-image.ljcdn.com/110000-inspection/pc1_sawHpHQ01.jpg!m_fill,w_280,h_210,f_jpg?from=ke.com
20241017,房山,城关,101123482492,中国铁建原香漫谷三区 精装修南向 两居室 诚心卖房主自荐,158万,18091元/平,中楼层 (共20层) 2室1厅 | 87.34平米 | 南,https://ke-image.ljcdn.com/110000-inspection/pc1_IIqQXI7zh_1.jpg!m_fill,w_280,h_210,f_jpg?from=ke.com
20241017,房山,城关,101123468818,中国铁建原香漫谷四区 2室1厅 南,142万,15375元/平,低楼层 (共20层) | 2017年 | 2室1厅 | 92.36平米 | 南,https://ke-image.ljcdn.com/110000-inspection/pc1_M3nCr9nXC.jpg!m_fill,w_280,h_210,f_jpg?from=ke.com
20241017,房山,城关,101123461846,永乐园社区精装自住 看房方便 可拎包入住 价格可谈房主自荐,128万,18175元/平,低楼层 (共6层) | 1998年 | 2室1厅 | 70.43平米 | 东 西,https://ke-image.ljcdn.com/110000-inspection/pc1_QSrD8jh9t.jpg!m_fill,w_280,h_210,f_jpg?from=ke.com
20241017,房山,城关,101123452437,优质房源 全南两居室 无遮挡 采光好  精装修 拎包入住房主自荐,168万,19242元/平,中楼层 (共20层) 2室2厅 | 87.31平米 | 南,https://ke-image.ljcdn.com/110000-inspection/pc1_8KfYYojxF.jpg!m_fill,w_280,h_210,f_jpg?from=ke.com
20241017,房山,城关,101123397513,管道局社区 2室1厅 南,99万,14055元/平,高楼层 (共6层) | 1995年 | 2室1厅 | 70.44平米 | 南,https://ke-image.ljcdn.com/110000-inspection/pc1_LSmMy9sWi.jpg!m_fill,w_280,h_210,f_jpg?from=ke.com
20241017,房山,城关,101123385243,万宁小区 3室1厅 东 南 北,112万,13275元/平,中楼层 (共5层) 3室1厅 | 84.37平米 | 东 南 北,https://ke-image.ljcdn.com/110000-inspection/pc1_RBFADkyaZ.jpg!m_fill,w_280,h_210,f_jpg?from=ke.com
20241017,房山,城关,101123380511,府东里社区 3室2厅 南 北,195万,21141元/平,底层 (共6层) 3室2厅 | 92.24平米 | 南 北,https://ke-image.ljcdn.com/110000-inspection/pc1_6wCNkdjOF.jpg!m_fill,w_280,h_210,f_jpg?from=ke.com
20241017,房山,城关,101123366747,兴房大街14号院5-6-602,99万,11302元/平,顶层 (共6层) 2室1厅 | 87.6平米 | 南 北,https://ke-image.ljcdn.com/110000-inspection/pc1_iFKFosIiy.jpg!m_fill,w_280,h_210,f_jpg?from=ke.com
20241017,房山,城关,101123329252,房山中国铁建原香漫谷三居室 精装好房 近地铁,189万,21167元/平,中楼层 (共18层) 3室1厅 | 89.29平米 | 南 北,https://ke-image.ljcdn.com/110000-inspection/pc1_TvIetej3U.jpg!m_fill,w_280,h_210,f_jpg?from=ke.com
20241017,房山,城关,101123312349,优质房源  三室双卫 南北通透 精装修 拎包入住,245万,18780元/平,低楼层 (共17层) | 2015年 | 3室2厅 | 130.46平米 | 南 北,https://ke-image.ljcdn.com/110000-inspection/pc1_uzRxDjN0y.jpg!m_fill,w_280,h_210,f_jpg?from=ke.com
20241017,房山,城关,101123308074,中国铁建原香漫谷二区业主诚心出售价格可聊,135万,14291元/平,低楼层 (共19层) 2室1厅 | 94.47平米 | 东南 北,https://ke-image.ljcdn.com/110000-inspection/pc1_CnpcopL74.jpg!m_fill,w_280,h_210,f_jpg?from=ke.com
20241017,房山,城关,101123273730,城关北里四层精装小两居城铁城关站,99万,18089元/平,中楼层 (共6层) 2室1厅 | 54.73平米 | 南,https://ke-image.ljcdn.com/110000-inspection/pc1_NABZ3XV62.jpg!m_fill,w_280,h_210,f_jpg?from=ke.com
20241017,房山,城关,101123235261,中国铁建原香漫谷四区 业主诚心出售,158万,18247元/平,底层 (共19层) | 2016年 | 2室1厅 | 86.59平米 | 南 北,https://ke-image.ljcdn.com/110000-inspection/pc1_QUTtHpj2E.jpg!m_fill,w_280,h_210,f_jpg?from=ke.com
20241017,房山,城关,101123228192,矿机北路 2室1厅 南 北房主自荐,76万,11922元/平,底层 (共7层) 2室1厅 | 63.75平米 | 南 北,https://ke-image.ljcdn.com/110000-inspection/d9293aa9-b1a5-44b1-979a-dafff5716ced_1000.jpg!m_fill,w_280,h_210,f_jpg?from=ke.com
20241017,房山,城关,101123215307,中国铁建原香漫谷四区精装三居室 满五唯一 随时看房,188万,21107元/平,中楼层 (共18层) 3室1厅 | 89.07平米 | 南 北,https://ke-image.ljcdn.com/110000-inspection/pc1_pbGSQxj8g.jpg!m_fill,w_280,h_210,f_jpg?from=ke.com
20241017,房山,城关,101123165007,良工佳苑70年产权南北通透看房方便满五唯一,180万,14808元/平,高楼层 (共6层) | 2006年 | 3室2厅 | 121.56平米 | 南 北,https://ke-image.ljcdn.com/110000-inspection/pc1_YOTSm4f0K.jpg!m_fill,w_280,h_210,f_jpg?from=ke.com
20241017,房山,城关,101123160442,城北社区一层有18平小园南北通透采光好交通便利,86万,16638元/平,底层 (共6层) | 1981年 | 2室2厅 | 51.69平米 | 南 西,https://ke-image.ljcdn.com/110000-inspection/pc1_qM0RfV0Oe.jpg!m_fill,w_280,h_210,f_jpg?from=ke.com
20241017,房山,城关,101123149519,兴房大街采光好。交通便利。配套完善,165万,15921元/平,中楼层 (共6层) 3室1厅 | 103.64平米 | 南 北,https://ke-image.ljcdn.com/110000-inspection/pc1_ALYWBJ0RV.jpg!m_fill,w_280,h_210,f_jpg?from=ke.com
20241017,房山,城关,101123142044,良工佳苑 2室2厅 南 北,158万,15950元/平,顶层 (共5层) 2室2厅 | 99.06平米 | 南 北,https://ke-image.ljcdn.com/110000-inspection/pc1_GGlWkRPWi.jpg!m_fill,w_280,h_210,f_jpg?from=ke.com
20241017,房山,城关,101123082257,兴房东里社区  采光好设施齐全,95万,12174元/平,底层 (共7层) 2室1厅 | 78.04平米 | 北 南,https://ke-image.ljcdn.com/110000-inspection/pc1_DUzZuklvt.jpg!m_fill,w_280,h_210,f_jpg?from=ke.com
20241017,房山,城关,101123028846,原香漫谷小三居出售南北通透主卧和客厅朝阳,165万,18657元/平,底层 (共18层) 3室2厅 | 88.44平米 | 南 北,https://ke-image.ljcdn.com/110000-inspection/pc1_ijSlPRI13.jpg!m_fill,w_280,h_210,f_jpg?from=ke.com
20241017,房山,城关,101123003110,西大街6号楼 2室1厅 南,98万,15402元/平,顶层 (共6层) 2室1厅 | 63.63平米 | 南,https://ke-image.ljcdn.com/110000-inspection/pc1_98AGT8syq.jpg!m_fill,w_280,h_210,f_jpg?from=ke.com
20241017,房山,城关,101122999951,中国铁建原香漫谷二区南北通透3居室,185万,20105元/平,高楼层 (共20层) | 2015年 | 3室1厅 | 92.02平米 | 南 北,https://ke-image.ljcdn.com/110000-inspection/pc1_FPpDR9WCx.jpg!m_fill,w_280,h_210,f_jpg?from=ke.com
20241017,房山,城关,101122884060,成教局家属楼 2室1厅 南 北,90万,12092元/平,中楼层 (共6层) 2室1厅 | 74.43平米 | 南 北,https://ke-image.ljcdn.com/110000-inspection/pc1_n20cNsTo5_1.jpg!m_fill,w_280,h_210,f_jpg?from=ke.com
20241017,房山,城关,101122843427,中国铁建原香漫谷四区 3室2厅 北 南,265万,20373元/平,顶层 (共18层) 3室2厅 | 130.08平米 | 北 南,https://ke-image.ljcdn.com/110000-inspection/pc1_AZ6wXjzpw.jpg!m_fill,w_280,h_210,f_jpg?from=ke.com
20241017,房山,城关,101122818743,此房子是满五唯一的南北通透的两居室楼前无遮挡,180万,20436元/平,高楼层 (共15层) 2室1厅 | 88.08平米 | 南 北,https://ke-image.ljcdn.com/110000-inspection/pc1_aUh2g4XVs.jpg!m_fill,w_280,h_210,f_jpg?from=ke.com
20241017,房山,城关,101122806848,中国铁建原香漫谷三区全南两居,165万,18892元/平,中楼层 (共20层) 2室2厅 | 87.34平米 | 南,https://ke-image.ljcdn.com/110000-inspection/pc1_vUTDzvWUI.jpg!m_fill,w_280,h_210,f_jpg?from=ke.com
20241017,房山,城关,101122726763,永安西里北区两居室出售南北向中间层交通便利,119万,14502元/平,中楼层 (共5层) 2室1厅 | 82.06平米 | 南 北,https://ke-image.ljcdn.com/110000-inspection/ac214183-b1ae-4f21-b5fd-72a0abce01b5_1000.jpg!m_fill,w_280,h_210,f_jpg?from=ke.com
20241017,房山,城关,101122697481,永安家园 三居室 107平 首付55万,135万,12557元/平,高楼层 (共6层) 3室2厅 | 107.51平米 | 南 北,https://ke-image.ljcdn.com/110000-inspection/pc1_84rXdq8Dr.jpg!m_fill,w_280,h_210,f_jpg?from=ke.com
20241017,房山,城关,101122668955,城关兴房大街正规两居室出售1997年的房,110万,13544元/平,高楼层 (共6层) | 1997年 | 2室1厅 | 81.22平米 | 南 北,https://ke-image.ljcdn.com/110000-inspection/pc1_OfjBRtG3k.jpg!m_fill,w_280,h_210,f_jpg?from=ke.com
20241017,房山,城关,101122646910,九洲兴达家园A区 3室1厅 南 北,185万,15394元/平,高楼层 (共6层) 3室1厅 | 120.18平米 | 南 北,https://ke-image.ljcdn.com/110000-inspection/pc1_Pp46CKwR8.jpg!m_fill,w_280,h_210,f_jpg?from=ke.com
20241017,房山,城关,101122646463,兴房东里社区 3室1厅 东 西,83万,10884元/平,高楼层 (共7层) 3室1厅 | 76.26平米 | 东 西,https://ke-image.ljcdn.com/110000-inspection/pc1_zIkP8lros.jpg!m_fill,w_280,h_210,f_jpg?from=ke.com
20241017,房山,城关,101122566351,矿机北路 2室1厅 东 西,83万,12482元/平,中楼层 (共7层) | 1996年 | 2室1厅 | 66.5平米 | 东 西,https://ke-image.ljcdn.com/110000-inspection/pc1_F6wxoInb9.jpg!m_fill,w_280,h_210,f_jpg?from=ke.com
20241017,房山,城关,101122503353,中国铁建原香漫谷三区 3室1厅 南 北,189万,21451元/平,高楼层 (共18层) 3室1厅 | 88.11平米 | 南 北,https://ke-image.ljcdn.com/110000-inspection/pc1_YzIogtYz6.jpg!m_fill,w_280,h_210,f_jpg?from=ke.com
20241017,房山,城关,101122466937,兴房大街 2室1厅 西 东,95万,14564元/平,低楼层 (共6层) 2室1厅 | 65.23平米 | 西 东,https://ke-image.ljcdn.com/110000-inspection/pc1_dsV6mUdWh.jpg!m_fill,w_280,h_210,f_jpg?from=ke.com
20241017,房山,城关,101122465054,南城社区 2室1厅 南 北,117万,16399元/平,中楼层 (共6层) 2室1厅 | 71.35平米 | 南 北,https://ke-image.ljcdn.com/110000-inspection/pc1_luBps6z5Y.jpg!m_fill,w_280,h_210,f_jpg?from=ke.com
20241017,房山,城关,101122433918,南关大街  楼层好  装修好  户型好,115万,16287元/平,中楼层 (共6层) 3室1厅 | 70.61平米 | 南 北,https://ke-image.ljcdn.com/110000-inspection/pc1_sZxUxoeZy.jpg!m_fill,w_280,h_210,f_jpg?from=ke.com
20241017,房山,城关,101122361313,府东里社区 2室1厅 南 北,113万,15130元/平,中楼层 (共6层) 2室1厅 | 74.69平米 | 南 北,https://ke-image.ljcdn.com/110000-inspection/pc1_RmD2gF8vv.jpg!m_fill,w_280,h_210,f_jpg?from=ke.com
20241017,房山,城关,101122341144,中国铁建原香漫谷二区诚意出售 交通便利,175万,18525元/平,中楼层 (共19层) | 2015年 | 2室2厅 | 94.47平米 | 南 北,https://ke-image.ljcdn.com/110000-inspection/pc1_Ioa1HIKUn.jpg!m_fill,w_280,h_210,f_jpg?from=ke.com
20241017,房山,城关,101122297646,房山兴房大街14号院业主诚意出售价格可聊,89万,13634元/平,顶层 (共6层) 2室1厅 | 65.28平米 | 南 北,https://ke-image.ljcdn.com/110000-inspection/pc1_Y4BMjU0Ef.jpg!m_fill,w_280,h_210,f_jpg?from=ke.com
20241017,房山,城关,101122132304,房山城关北里社区中楼层南北通透。,110万,18979元/平,中楼层 (共6层) | 1986年 | 2室1厅 | 57.96平米 | 南 北,https://ke-image.ljcdn.com/110000-inspection/pc1_HsbbdzvHg.jpg!m_fill,w_280,h_210,f_jpg?from=ke.com
20241017,房山,城关,101122130442,中国铁建原香漫谷满五唯一 精装 随时看 价格可谈,143万,16932元/平,底层 (共20层) 2室2厅 | 84.46平米 | 南 北,https://ke-image.ljcdn.com/110000-inspection/pc1_kLtDMJIHb.jpg!m_fill,w_280,h_210,f_jpg?from=ke.com
20241017,房山,城关,101122117069,原香漫谷四区 电梯房 中间楼层 采光好 诚意出售,155万,17717元/平,低楼层 (共20层) 2室1厅 | 87.49平米 | 南,https://ke-image.ljcdn.com/110000-inspection/pc1_f8qcsZPb5.jpg!m_fill,w_280,h_210,f_jpg?from=ke.com
20241017,房山,城关,101122116698,中国铁建原香漫谷二区 精装修 三居室,165万,17931元/平,中楼层 (共20层) | 2015年 | 3室1厅 | 92.02平米 | 南 北,https://ke-image.ljcdn.com/110000-inspection/pc1_qRrwyk3MJ.jpg!m_fill,w_280,h_210,f_jpg?from=ke.com
20241017,房山,城关,101122063884,中国铁建原香漫谷 满五年唯一 精装修 有钥匙随时看房,200万,23622元/平,中楼层 (共20层) 2室1厅 | 84.67平米 | 南 北,https://ke-image.ljcdn.com/110000-inspection/pc1_1Goa593YQ.jpg!m_fill,w_280,h_210,f_jpg?from=ke.com
20241017,房山,城关,101121986766,矿机北路两居室  装修好 诚心售,95万,14584元/平,中楼层 (共7层) 2室1厅 | 65.14平米 | 南 北,https://ke-image.ljcdn.com/110000-inspection/pc1_OjOeOqIRW.jpg!m_fill,w_280,h_210,f_jpg?from=ke.com
20241017,房山,城关,101121823128,顺成嘉苑好楼层 随时看房 满五唯一 价格可谈,145万,14540元/平,中楼层 (共6层) 2室2厅 | 99.73平米 | 南 北,https://ke-image.ljcdn.com/110000-inspection/pc1_FqhxqfhHx.jpg!m_fill,w_280,h_210,f_jpg?from=ke.com
20241017,房山,城关,101121620027,中国铁建原香漫谷四期中国铁建原香漫谷四区,175万,19482元/平,中楼层 (共20层) 2室1厅 | 89.83平米 | 南,https://ke-image.ljcdn.com/110000-inspection/pc1_5jgVE99Al.jpg!m_fill,w_280,h_210,f_jpg?from=ke.com
20241017,房山,城关,101121524402,中国铁建原香漫谷四区明厨明卫 好房急售,190万,18801元/平,高楼层 (共20层) 3室1厅 | 101.06平米 | 西南 北,https://ke-image.ljcdn.com/110000-inspection/pc1_IYcG67zGd.jpg!m_fill,w_280,h_210,f_jpg?from=ke.com
20241017,房山,城关,101121441347,槠榆树家园 2室1厅 西,129.8万,20212元/平,高楼层 (共11层) | 2011年 | 2室1厅 | 64.22平米 | 西,https://ke-image.ljcdn.com/110000-inspection/pc1_50ewpnurj.jpg!m_fill,w_280,h_210,f_jpg?from=ke.com
20241017,房山,城关,101121437364,房山城关中冶蓝城西区电梯三居室精装修南北通透户型好,209万,20823元/平,低楼层 (共15层) | 2016年 | 3室2厅 | 100.37平米 | 南 北,https://ke-image.ljcdn.com/110000-inspection/pc1_Uov3pdQdA.jpg!m_fill,w_280,h_210,f_jpg?from=ke.com
20241017,房山,城关,101121417052,房山电梯房 次新社区 明厨明卫大三居 近公园地铁,198万,19597元/平,高楼层 (共20层) 3室1厅 | 101.04平米 | 西南,https://ke-image.ljcdn.com/110000-inspection/pc1_s6XB5E8Ln.jpg!m_fill,w_280,h_210,f_jpg?from=ke.com
20241017,房山,城关,101121402784,洪福家园 2室1厅 南 北,125万,14107元/平,顶层 (共6层) 2室1厅 | 88.61平米 | 南 北,https://ke-image.ljcdn.com/110000-inspection/pc1_9LsMlkTBR.jpg!m_fill,w_280,h_210,f_jpg?from=ke.com
20241017,房山,城关,101121355472,中国铁建原香漫谷三区 2室1厅 南,159万,18205元/平,中楼层 (共20层) | 2015年 | 2室1厅 | 87.34平米 | 南,https://ke-image.ljcdn.com/110000-inspection/pc1_l3GrQ43Ej.jpg!m_fill,w_280,h_210,f_jpg?from=ke.com
20241017,房山,城关,101121325334,房山城关万宁小区 二居室 南北通透随时看房 满五年,69万,11723元/平,高楼层 (共6层) 2室1厅 | 58.86平米 | 南 北,https://ke-image.ljcdn.com/110000-inspection/pc1_tRAFdfnl2.jpg!m_fill,w_280,h_210,f_jpg?from=ke.com
20241017,房山,城关,101121285596,仓房小区 2室1厅 南 北,99万,15023元/平,中楼层 (共6层) 2室1厅 | 65.9平米 | 南 北,https://ke-image.ljcdn.com/110000-inspection/pc1_wSueCVZQA.jpg!m_fill,w_280,h_210,f_jpg?from=ke.com
20241017,房山,城关,101121247991,中冶蓝城西区地铁沿线+满五唯一+三居两卫房主自荐,226万,22553元/平,高楼层 (共15层) 3室1厅 | 100.21平米 | 南 北,https://ke-image.ljcdn.com/110000-inspection/pc1_Hn6JhzbQy.jpg!m_fill,w_280,h_210,f_jpg?from=ke.com
20241017,房山,城关,101121172338,兴房苑小区户型好双阳台,150万,15338元/平,中楼层 (共6层) | 2004年 | 2室2厅 | 97.8平米 | 南 北,https://ke-image.ljcdn.com/110000-inspection/pc1_RNGDBBTlu.jpg!m_fill,w_280,h_210,f_jpg?from=ke.com
20241017,房山,城关,101121151185,店长推荐 房山城关电梯房 次新房 品质社区 环境优美,205万,22923元/平,中楼层 (共17层) | 2015年 | 3室1厅 | 89.43平米 | 南 北,https://ke-image.ljcdn.com/110000-inspection/pc1_IKKw6mxLZ.jpg!m_fill,w_280,h_210,f_jpg?from=ke.com
20241017,房山,城关,101121055243,中国铁建原香漫谷四区 满五唯一 价格可谈 看房提前约,205万,20289元/平,高楼层 (共20层) 3室2厅 | 101.04平米 | 东南 北,https://ke-image.ljcdn.com/110000-inspection/9915868e-ee5b-44a8-8847-5614c2965081_1000.jpg!m_fill,w_280,h_210,f_jpg?from=ke.com
20241017,房山,城关,101120899483,中冶蓝城西区三居两卫 配套成熟 精装自住 诚意出售,195万,19721元/平,中楼层 (共15层) | 2015年 | 3室1厅 | 98.88平米 | 南 北,https://ke-image.ljcdn.com/110000-inspection/pc1_thhZTpc6v.jpg!m_fill,w_280,h_210,f_jpg?from=ke.com
20241017,房山,城关,101120882718,中国铁建原香漫谷二区南北双卫三居室 看房有钥匙,220万,17910元/平,顶层 (共20层) | 2015年 | 3室1厅 | 122.84平米 | 东 南 北,https://ke-image.ljcdn.com/110000-inspection/pc1_fDgPFc3PD_1.jpg!m_fill,w_280,h_210,f_jpg?from=ke.com
20241017,房山,城关,101120853678,中国铁建原香漫谷三区观景楼 明厨明卫户型  价格可谈,190万,18902元/平,高楼层 (共20层) 3室1厅 | 100.52平米 | 南 北,https://ke-image.ljcdn.com/110000-inspection/pc1_AzdRrYm6y.jpg!m_fill,w_280,h_210,f_jpg?from=ke.com
20241017,房山,城关,101120782354,中国铁建原香漫谷二区两居室 精装好房 近城铁近公园,188万,20742元/平,中楼层 (共20层) 2室2厅 | 90.64平米 | 南 西 北,https://ke-image.ljcdn.com/110000-inspection/pc1_PAu62blcl.jpg!m_fill,w_280,h_210,f_jpg?from=ke.com
20241017,房山,城关,101120740078,优质房源推荐 南北通透 一室一厅 观景好房,135万,19654元/平,顶层 (共18层) 1室1厅 | 68.69平米 | 南 北,https://ke-image.ljcdn.com/110000-inspection/pc1_bFJonCNh3.jpg!m_fill,w_280,h_210,f_jpg?from=ke.com
20241017,房山,城关,101120649463,中冶蓝城三居双卫生间南北通透全明格局,245万,20665元/平,高楼层 (共16层) 3室2厅 | 118.56平米 | 南 北,https://ke-image.ljcdn.com/110000-inspection/pc1_go5bBKWws_1.jpg!m_fill,w_280,h_210,f_jpg?from=ke.com
20241017,房山,城关,101120561833,永乐园三里满五唯一好房精装配套齐全出行便捷房主自荐,135万,16315元/平,高楼层 (共6层) | 2002年 | 2室1厅 | 82.75平米 | 南 北,https://ke-image.ljcdn.com/110000-inspection/pc1_bb3qINHV9.jpg!m_fill,w_280,h_210,f_jpg?from=ke.com
20241017,房山,城关,101119901179,南关大街小区街边上购物方便,80万,19671元/平,顶层 (共6层) | 1983年 | 1室1厅 | 40.67平米 | 南,https://ke-image.ljcdn.com/110000-inspection/pc1_WCADExt3m.jpg!m_fill,w_280,h_210,f_jpg?from=ke.com
20241017,房山,城关,101119781076,店长推荐房源  南北通透 户型好 无遮挡 观景效果好,199万,22489元/平,中楼层 (共18层) | 2015年 | 3室1厅 | 88.49平米 | 南 北,https://ke-image.ljcdn.com/110000-inspection/pc1_88SUyeb5q.jpg!m_fill,w_280,h_210,f_jpg?from=ke.com
20241017,房山,城关,101119678102,矿机东路家属院经典南北两居室,75万,9907元/平,高楼层 (共6层) | 1999年 | 2室1厅 | 75.71平米 | 南 北,https://ke-image.ljcdn.com/110000-inspection/pc1_5aMr69UOK.jpg!m_fill,w_280,h_210,f_jpg?from=ke.com
20241017,房山,城关,101119484452,原香漫谷 精装修 南北三居室 满五唯一房主自荐,203万,22184元/平,中楼层 (共9层) 3室1厅 | 91.51平米 | 南 北,https://ke-image.ljcdn.com/110000-inspection/pc1_9Ak3k2Uxx.jpg!m_fill,w_280,h_210,f_jpg?from=ke.com
20241017,房山,城关,101119092016,房山德润街中国铁建原香漫谷三区一层在售好房。,140万,16576元/平,底层 (共20层) 3室1厅 | 84.46平米 | 南 北,https://ke-image.ljcdn.com/110000-inspection/pc1_RwE6EKh2o.jpg!m_fill,w_280,h_210,f_jpg?from=ke.com
20241017,房山,城关,101118929136,房山西大街南侧洪福家园小区在售好房,175万,18230元/平,高楼层 (共6层) | 2007年 | 2室1厅 | 96平米 | 南 北,https://ke-image.ljcdn.com/110000-inspection/pc1_mZ5IRdPux.jpg!m_fill,w_280,h_210,f_jpg?from=ke.com
20241017,房山,城关,101118831711,仓房小区 2室1厅 西北,105万,19067元/平,中楼层 (共6层) | 1992年 | 2室1厅 | 55.07平米 | 西北,https://ke-image.ljcdn.com/110000-inspection/pc1_nld5iJdd8.jpg!m_fill,w_280,h_210,f_jpg?from=ke.com
20241017,房山,城关,101118781861,仓房小区 1室1厅 南 北,96万,23472元/平,底层 (共6层) 1室1厅 | 40.9平米 | 南 北,https://ke-image.ljcdn.com/110000-inspection/pc1_1rpihE55D.jpg!m_fill,w_280,h_210,f_jpg?from=ke.com
20241017,房山,城关,101118177694,中国铁建原香漫谷二区 南北向 三居室 诚心出售,165万,17687元/平,高楼层 (共18层) | 2015年 | 3室1厅 | 93.29平米 | 南 北,https://ke-image.ljcdn.com/110000-inspection/pc1_ldEQvTDLX.jpg!m_fill,w_280,h_210,f_jpg?from=ke.com
20241017,房山,城关,101118065118,万宁小区 2室1厅 南 北房主自荐,120万,18420元/平,中楼层 (共6层) 2室1厅 | 65.15平米 | 南 北,https://ke-image.ljcdn.com/110000-inspection/pc1_teU10QwDf.jpg!m_fill,w_280,h_210,f_jpg?from=ke.com
20241017,房山,城关,101117993652,城关北里社区 2室1厅 南 北,162万,19195元/平,顶层 (共4层) 2室1厅 | 84.4平米 | 南 北,https://ke-image.ljcdn.com/110000-inspection/pc1_rIqCunXS9.jpg!m_fill,w_280,h_210,f_jpg?from=ke.com
20241017,房山,城关,101117972049,城关北里社区中间楼层满五年唯一商品房,79万,17678元/平,中楼层 (共6层) 2室1厅 | 44.69平米 | 南,https://ke-image.ljcdn.com/110000-inspection/pc1_iqU08VmUC.jpg!m_fill,w_280,h_210,f_jpg?from=ke.com
20241017,房山,城关,101117969270,优质房源  精装修 带家具家电 拎包入住,165万,17939元/平,低楼层 (共20层) 2室2厅 | 91.98平米 | 南,https://ke-image.ljcdn.com/110000-inspection/pc1_meS4Aizlr.jpg!m_fill,w_280,h_210,f_jpg?from=ke.com
20241017,房山,城关,101117631551,房山城关中冶蓝城东区+三居室+南北通透,164万,16809元/平,高楼层 (共6层) | 2015年 | 3室1厅 | 97.57平米 | 南 北,https://ke-image.ljcdn.com/110000-inspection/pc1_XW4bpyzwk_1.jpg!m_fill,w_280,h_210,f_jpg?from=ke.com
20241017,房山,城关,101117502137,矿机社区业主诚心出售南北通透,96万,18069元/平,底层 (共5层) 3室1厅 | 53.13平米 | 南 北,https://ke-image.ljcdn.com/110000-inspection/pc1_rvxbbAucn.jpg!m_fill,w_280,h_210,f_jpg?from=ke.com
20241017,房山,城关,101117151536,小区属于成熟社区矿机北门家属院,75万,13055元/平,高楼层 (共6层) 2室1厅 | 57.45平米 | 南 北,https://ke-image.ljcdn.com/110000-inspection/0ceeafa0-6a18-4fc6-8a7e-210b8fb588fa_1000.jpg!m_fill,w_280,h_210,f_jpg?from=ke.com
20241017,房山,城关,101117131045,店长推荐房源  高楼层 全南朝向 精装修 没住过,186万,21253元/平,高楼层 (共20层) 2室1厅 | 87.52平米 | 南,https://ke-image.ljcdn.com/110000-inspection/pc1_fbHKEA1RH.jpg!m_fill,w_280,h_210,f_jpg?from=ke.com
20241017,房山,城关,101117005630,房山区城关街道府东里社区好房在售,125万,16874元/平,顶层 (共6层) | 1999年 | 2室1厅 | 74.08平米 | 南 北,https://ke-image.ljcdn.com/110000-inspection/0244f33a-da5d-49a4-a5d1-d3a03080b71c_1000.jpg!m_fill,w_280,h_210,f_jpg?from=ke.com
20241017,房山,城关,101116944944,仓房小区 满五唯一 低楼层 南北向三居室房主自荐,149万,21019元/平,低楼层 (共6层) | 1992年 | 3室1厅 | 70.89平米 | 南 北,https://ke-image.ljcdn.com/110000-inspection/63b21114-476a-4f9c-84c3-6fb0b297ecbb_1000.jpg!m_fill,w_280,h_210,f_jpg?from=ke.com
20241017,房山,城关,101116776151,中冶蓝城东区正规三居业主自住,200万,21040元/平,低楼层 (共16层) | 2014年 | 3室1厅 | 95.06平米 | 东 南 北,https://ke-image.ljcdn.com/110000-inspection/pc1_o4RfMDKTl.jpg!m_fill,w_280,h_210,f_jpg?from=ke.com
20241017,房山,城关,101116681290,府东里社区 2室1厅 南 北,130万,17549元/平,高楼层 (共6层) | 1999年 | 2室1厅 | 74.08平米 | 南 北,https://ke-image.ljcdn.com/110000-inspection/af90ce2a-d96e-4aed-a2a6-e23282afb72d_1000.jpg!m_fill,w_280,h_210,f_jpg?from=ke.com
20241017,房山,城关,101116501926,万宁小区临近燕房线4层交通便利,112万,13282元/平,中楼层 (共6层) 3室1厅 | 84.33平米 | 南 北,https://ke-image.ljcdn.com/110000-inspection/pc1_tsqTg7faw_1.jpg!m_fill,w_280,h_210,f_jpg?from=ke.com
20241017,房山,城关,101116483513,房山城关万宁小区东南向两居室采光好楼层好满五唯一,99万,18229元/平,中楼层 (共6层) | 1989年 | 2室1厅 | 54.31平米 | 东南,https://ke-image.ljcdn.com/110000-inspection/442e6223-fbe7-406c-82c8-0697b69251d9_1000.jpg!m_fill,w_280,h_210,f_jpg?from=ke.com
20241017,房山,城关,101116307476,中冶蓝城西区 南北向 三居室 诚心出售房主自荐,225万,22801元/平,低楼层 (共15层) | 2016年 | 3室1厅 | 98.68平米 | 南 北,https://ke-image.ljcdn.com/110000-inspection/pc1_kWEmjJANX_1.jpg!m_fill,w_280,h_210,f_jpg?from=ke.com
20241017,房山,城关,101116265193,营房小区 满五唯一 南北通透二居,129万,14837元/平,底层 (共6层) | 2003年 | 2室1厅 | 86.95平米 | 南 北,https://ke-image.ljcdn.com/110000-inspection/32a749f5-9eb2-47a0-9089-788917b52718_1000.jpg!m_fill,w_280,h_210,f_jpg?from=ke.com
20241017,房山,城关,101116204684,中国铁建原香漫谷一区南北三居,200万,21733元/平,低楼层 (共18层) | 2013年 | 3室1厅 | 92.03平米 | 南 北,https://ke-image.ljcdn.com/110000-inspection/pc1_wkxA2qVQL.jpg!m_fill,w_280,h_210,f_jpg?from=ke.com
20241017,房山,城关,101115998520,原香漫谷四区+满五唯一+三面采光,170万,16454元/平,底层 (共20层) 2室2厅 | 103.32平米 | 南 西 北,https://ke-image.ljcdn.com/110000-inspection/59ed657b-edb3-4505-b1cd-d0f052b0ee96_1000.jpg!m_fill,w_280,h_210,f_jpg?from=ke.com
20241017,房山,城关,101115993454,中国铁建原香漫谷四区满五唯一三居室诚心出售,173万,19423元/平,底层 (共18层) 3室1厅 | 89.07平米 | 北 南,https://ke-image.ljcdn.com/110000-inspection/pc1_vpE2ZglP9.jpg!m_fill,w_280,h_210,f_jpg?from=ke.com
20241017,房山,城关,101115911545,化四小区 南北两居室 满五年 诚心出售,92万,15265元/平,高楼层 (共6层) | 1996年 | 2室1厅 | 60.27平米 | 南 北,https://ke-image.ljcdn.com/110000-inspection/53f67759-fef1-4412-a414-adcc6f4a0321_1000.jpg!m_fill,w_280,h_210,f_jpg?from=ke.com
20241017,房山,城关,101114687320,中国铁建原香漫谷四区 全明精装修三居室 南北通透,218万,22369元/平,低楼层 (共17层) | 2017年 | 3室1厅 | 97.46平米 | 南 北,https://ke-image.ljcdn.com/110000-inspection/pc1_Nrr7lF97q_1.jpg!m_fill,w_280,h_210,f_jpg?from=ke.com
20241017,房山,城关,101114076974,中国铁建原香漫谷四区南北通透三居室中间楼层,230万,17682元/平,中楼层 (共18层) 3室2厅 | 130.08平米 | 南 北,https://ke-image.ljcdn.com/110000-inspection/7c30e866-83be-4dec-a645-d5b3223505e5_1000.jpg!m_fill,w_280,h_210,f_jpg?from=ke.com
20241017,房山,城关,101114066948,中国铁建原香漫谷四区精装三居室明卫,219万,21671元/平,低楼层 (共20层) | 2017年 | 3室1厅 | 101.06平米 | 南 西 北,https://ke-image.ljcdn.com/110000-inspection/pc1_7dEKJ1CNA_1.jpg!m_fill,w_280,h_210,f_jpg?from=ke.com
20241017,房山,城关,101113804142,仓房小区 2室1厅 东 西,160万,16686元/平,高楼层 (共6层) 2室1厅 | 95.89平米 | 东 西,https://ke-image.ljcdn.com/110000-inspection/pc1_i715vNLHU.jpg!m_fill,w_280,h_210,f_jpg?from=ke.com
20241017,房山,城关,101113692890,中冶蓝城东区 南北向三居室 诚心出售,179万,20032元/平,低楼层 (共15层) | 2014年 | 3室1厅 | 89.36平米 | 南 西 北,https://ke-image.ljcdn.com/110000-inspection/pc1_qhumYVJET.jpg!m_fill,w_280,h_210,f_jpg?from=ke.com
20241017,房山,城关,101111012448,中冶蓝城东区 南北向二居室 诚心出售,200万,22265元/平,中楼层 (共15层) 2室2厅 | 89.83平米 | 南 北,https://ke-image.ljcdn.com/110000-inspection/pc1_xSd86yUtY_1.jpg!m_fill,w_280,h_210,f_jpg?from=ke.com
20241017,房山,城关,101110591273,中冶蓝城西区 边户西南北全明三居室 毛坯房 诚心卖,300万,25230元/平,底层 (共15层) | 2016年 | 3室2厅 | 118.91平米 | 北 南 西,https://ke-image.ljcdn.com/110000-inspection/pc1_x2V8QTq1H_1.jpg!m_fill,w_280,h_210,f_jpg?from=ke.com
20241017,房山,城关,101127108875,中冶蓝城东区 2室1厅 南 北,175万,19567元/平,高楼层 (共16层) | 2014年 | 2室1厅 | 89.44平米 | 南 北,https://ke-image.ljcdn.com/110000-inspection/pc1_swUdVBd0Y.jpg!m_fill,w_280,h_210,f_jpg?from=ke.com
20241017,房山,城关,101127062178,繁华地段商品房近城铁采光好新上,88万,16027元/平,中楼层 (共5层) | 1987年 | 2室1厅 | 54.91平米 | 南,https://ke-image.ljcdn.com/110000-inspection/pc1_h5DsGr90t.jpg!m_fill,w_280,h_210,f_jpg?from=ke.com
20241017,房山,城关,101127026089,小区环境好居住舒适小区物业严格不收停车费新上,135万,13970元/平,低楼层 (共6层) 3室1厅 | 96.64平米 | 东 西,https://ke-image.ljcdn.com/110000-inspection/pc1_qJ4flRTap.jpg!m_fill,w_280,h_210,f_jpg?from=ke.com
20241017,房山,城关,101127021941,矿机社区 房山区城关街道矿机社区新上,55万,10834元/平,顶层 (共5层) 2室1厅 | 50.77平米 | 南,https://ke-image.ljcdn.com/110000-inspection/pc1_cK53A6UCL_2.jpg!m_fill,w_280,h_210,f_jpg?from=ke.com
20241017,房山,城关,101126983163,永安西里 1室1厅 南新上,75万,17631元/平,中楼层 (共6层) 1室1厅 | 42.54平米 | 南,https://ke-image.ljcdn.com/110000-inspection/pc1_Q9EAZFczU_2.jpg!m_fill,w_280,h_210,f_jpg?from=ke.com
20241017,房山,城关,101126981216,中冶蓝城东区 2室1厅 南新上,160万,19243元/平,底层 (共16层) | 2014年 | 2室1厅 | 83.15平米 | 南,https://ke-image.ljcdn.com/110000-inspection/pc1_KragFRvEg.jpg!m_fill,w_280,h_210,f_jpg?from=ke.com
20241017,房山,城关,101126957615,原香漫谷一区90多平南北通透三居满五诚心出售,167万,18324元/平,低楼层 (共18层) | 2013年 | 3室1厅 | 91.14平米 | 南 北,https://ke-image.ljcdn.com/110000-inspection/pc1_2iesDUz61_1.jpg!m_fill,w_280,h_210,f_jpg?from=ke.com
20241017,房山,城关,101126950619,城关街道南大街九洲兴达家园B区,110万,13804元/平,高楼层 (共6层) 2室1厅 | 79.69平米 | 东 西,https://ke-image.ljcdn.com/110000-inspection/pc1_HTlMq8Sfb_2.jpg!m_fill,w_280,h_210,f_jpg?from=ke.com
20241017,房山,城关,101126901186,优质房源 小区中间位置 前后花园 精装修 拎包入住,168万,18816元/平,顶层 (共18层) 3室2厅 | 89.29平米 | 南 北,https://ke-image.ljcdn.com/110000-inspection/pc1_oF0v9gmav.jpg!m_fill,w_280,h_210,f_jpg?from=ke.com
20241017,房山,城关,101126891126,中国铁建原香漫谷一区德润街6号院,165万,18797元/平,高楼层 (共18层) | 2013年 | 3室1厅 | 87.78平米 | 东南 北,https://ke-image.ljcdn.com/110000-inspection/pc1_dL6JL9kzV.jpg!m_fill,w_280,h_210,f_jpg?from=ke.com
20241017,房山,城关,101126832472,永乐园三里 3室1厅 北 南,165万,12822元/平,高楼层 (共6层) | 2002年 | 3室1厅 | 128.69平米 | 北 南,https://ke-image.ljcdn.com/110000-inspection/pc1_xNyzuniHY.jpg!m_fill,w_280,h_210,f_jpg?from=ke.com
20241017,房山,城关,101126825605,城关北里+近地铁+满五唯一+业主自住急售价格可聊,135万,13630元/平,高楼层 (共6层) 2室1厅 | 99.05平米 | 南 北,https://ke-image.ljcdn.com/110000-inspection/pc1_RcQwvYoww.jpg!m_fill,w_280,h_210,f_jpg?from=ke.com
20241017,房山,城关,101126806714,永兴达家园 2室1厅 南 北,120万,14455元/平,顶层 (共6层) 2室1厅 | 83.02平米 | 南 北,https://ke-image.ljcdn.com/110000-inspection/pc1_tR50UgGqe_2.jpg!m_fill,w_280,h_210,f_jpg?from=ke.com
20241017,房山,城关,101126793202,中国铁建原香漫谷四区 3室1厅 南 北,167万,18250元/平,低楼层 (共9层) 3室1厅 | 91.51平米 | 南 北,https://ke-image.ljcdn.com/110000-inspection/pc1_S97d7c9ia.jpg!m_fill,w_280,h_210,f_jpg?from=ke.com
20241017,房山,城关,101126740742,楼层好装修好交通便利配套成熟,78万,18997元/平,底层 (共6层) | 1993年 | 2室1厅 | 41.06平米 | 南 北,https://ke-image.ljcdn.com/110000-inspection/pc1_n7gWK7TmQ_2.jpg!m_fill,w_280,h_210,f_jpg?from=ke.com
20241017,房山,城关,101126730381,优质房源  位置好  前后间距大 有花园房主自荐,215万,21585元/平,底层 (共15层) | 2016年 | 3室1厅 | 99.61平米 | 南 北,https://ke-image.ljcdn.com/110000-inspection/5ca7b409-9655-449b-9e6e-53a322bcb97f_1000.jpg!m_fill,w_280,h_210,f_jpg?from=ke.com
20241017,房山,城关,101126697283,房子小区中间位置南北通透满五,85万,11228元/平,底层 (共6层) | 1999年 | 2室1厅 | 75.71平米 | 南 北,https://ke-image.ljcdn.com/110000-inspection/fd8d6eba-c752-407c-9505-d4c1bf2ba8ec_1000.jpg!m_fill,w_280,h_210,f_jpg?from=ke.com
20241017,房山,城关,101126675370,房山中国铁建原香漫谷三居室出售 低楼层 精装修,166万,18648元/平,低楼层 (共18层) 3室2厅 | 89.02平米 | 南 北,https://ke-image.ljcdn.com/110000-inspection/9f69ab74-3b49-4145-981f-634941f2b302_1000.jpg!m_fill,w_280,h_210,f_jpg?from=ke.com
20241017,房山,城关,101126642656,福胜家园 2室1厅 南 北,139万,15767元/平,顶层 (共6层) 2室1厅 | 88.16平米 | 南 北,https://ke-image.ljcdn.com/110000-inspection/feaa628c-cfcf-44d8-a690-74af07ff6f19_1000.jpg!m_fill,w_280,h_210,f_jpg?from=ke.com
20241017,房山,城关,101126633574,原香漫谷二区唯一精装三居业主诚心出售,180万,20310元/平,低楼层 (共18层) | 2015年 | 3室1厅 | 88.63平米 | 南 北,https://ke-image.ljcdn.com/110000-inspection/pc1_LKeyP0WbR.jpg!m_fill,w_280,h_210,f_jpg?from=ke.com
20241017,房山,城关,101126627084,矿机东路家属院 房山城关矿机东路家属院,91万,12020元/平,中楼层 (共6层) 2室1厅 | 75.71平米 | 南 北,https://ke-image.ljcdn.com/110000-inspection/pc1_ELtcBT1jM_1.jpg!m_fill,w_280,h_210,f_jpg?from=ke.com
20241017,房山,城关,101126508091,福胜胡同满五年唯一中间楼层诚心出售,137万,16784元/平,中楼层 (共6层) 2室1厅 | 81.63平米 | 东 西,https://ke-image.ljcdn.com/110000-inspection/pc1_bO7NoBrkm.jpg!m_fill,w_280,h_210,f_jpg?from=ke.com
20241017,房山,城关,101126479683,中国铁建原香漫谷二区 南向小户型精装修 诚心出售,145万,16883元/平,低楼层 (共20层) | 2015年 | 2室1厅 | 85.89平米 | 南,https://ke-image.ljcdn.com/110000-inspection/pc1_lB6lnuXJP.jpg!m_fill,w_280,h_210,f_jpg?from=ke.com
20241017,房山,城关,101126469708,兴房大街 南北通透格局楼层好视野宽阔采光充足,125万,15389元/平,高楼层 (共6层) | 1995年 | 3室1厅 | 81.23平米 | 东 南 北,https://ke-image.ljcdn.com/110000-inspection/pc1_KQiTVkVlp.jpg!m_fill,w_280,h_210,f_jpg?from=ke.com
20241017,房山,城关,101126458085,永安西里精装电梯房优质好房,115万,13801元/平,低楼层 (共6层) 2室1厅 | 83.33平米 | 南 北,https://ke-image.ljcdn.com/110000-inspection/pc1_L7fD4WWG6.jpg!m_fill,w_280,h_210,f_jpg?from=ke.com
20241017,房山,城关,101126456398,原香漫谷四区90平两居满五唯一业主诚心出售,162万,17541元/平,低楼层 (共20层) 2室2厅 | 92.36平米 | 南,https://ke-image.ljcdn.com/110000-inspection/pc1_ZYqBPijkj.jpg!m_fill,w_280,h_210,f_jpg?from=ke.com
20241017,房山,城关,101126415264,房山城关 ·顺成嘉苑 房龄新 看房方便 业主急售,90万,13133元/平,顶层 (共6层) | 2008年 | 2室1厅 | 68.53平米 | 南 北,https://ke-image.ljcdn.com/110000-inspection/pc1_x5RFRwVvJ.jpg!m_fill,w_280,h_210,f_jpg?from=ke.com
20241017,房山,城关,101126371917,此房满五唯一可迁出户口精装房能直接拎包入住。,169万,18942元/平,中楼层 (共16层) | 2014年 | 2室1厅 | 89.22平米 | 南 北,https://ke-image.ljcdn.com/110000-inspection/pc1_9rypxR7GL.jpg!m_fill,w_280,h_210,f_jpg?from=ke.com
20241017,房山,城关,101126360201,中国铁建原香漫谷四区 三居室两个卫生间 只有契税,193万,16923元/平,低楼层 (共20层) 3室1厅 | 114.05平米 | 南 北,https://ke-image.ljcdn.com/110000-inspection/pc1_WEUct399v.jpg!m_fill,w_280,h_210,f_jpg?from=ke.com
20241017,房山,城关,101126351941,中国铁建原香漫谷四区好房急售 满五唯一 近地铁,176万,19712元/平,中楼层 (共18层) 3室1厅 | 89.29平米 | 南 北,https://ke-image.ljcdn.com/110000-inspection/pc1_EKrUJxNLS.jpg!m_fill,w_280,h_210,f_jpg?from=ke.com
20241017,房山,城关,101126335796,中冶蓝城东区精装电梯房满五价格可谈业主诚心出,175万,19562元/平,低楼层 (共15层) 2室2厅 | 89.46平米 | 南 北,https://ke-image.ljcdn.com/110000-inspection/pc1_YCAJY1vkR.jpg!m_fill,w_280,h_210,f_jpg?from=ke.com
20241017,房山,城关,101126294392,中国铁建原香漫谷四期精装两居采光好,180万,20567元/平,中楼层 (共20层) | 2017年 | 2室1厅 | 87.52平米 | 南,https://ke-image.ljcdn.com/110000-inspection/3ba954fd-e0cd-45ff-89e9-8480ce8aeeb5_1000.jpg!m_fill,w_280,h_210,f_jpg?from=ke.com
20241017,房山,城关,101126277221,德润街11号院 中冶蓝城西区。,275万,23194元/平,高楼层 (共15层) 3室2厅 | 118.57平米 | 南 西 北,https://ke-image.ljcdn.com/110000-inspection/pc1_pgZzlHUJi.jpg!m_fill,w_280,h_210,f_jpg?from=ke.com
20241017,房山,城关,101126250015,中国铁建原香漫谷二区南北三居,159万,17860元/平,高楼层 (共18层) 3室1厅 | 89.03平米 | 南 北,https://ke-image.ljcdn.com/110000-inspection/pc1_WPlnnIOPG.jpg!m_fill,w_280,h_210,f_jpg?from=ke.com
20241017,房山,城关,101126162742,中冶蓝城东区双向朝南两居动静分离,150万,17999元/平,中楼层 (共16层) | 2014年 | 2室1厅 | 83.34平米 | 南,https://ke-image.ljcdn.com/110000-inspection/pc1_VVQYIwwNF.jpg!m_fill,w_280,h_210,f_jpg?from=ke.com
20241017,房山,城关,101126162418,城北社区精装修 满五年唯一Jin临Di铁 价格可谈,102万,16176元/平,中楼层 (共6层) 2室1厅 | 63.06平米 | 南 北,https://ke-image.ljcdn.com/110000-inspection/pc1_Jn3YXuSym.jpg!m_fill,w_280,h_210,f_jpg?from=ke.com
20241017,房山,城关,101126157211,城关北里社区满五年就一套南北向诚心出售,79万,15394元/平,顶层 (共6层) 2室1厅 | 51.32平米 | 南 北,https://ke-image.ljcdn.com/110000-inspection/pc1_AQ7Anv8X3.jpg!m_fill,w_280,h_210,f_jpg?from=ke.com
20241017,房山,城关,101126144082,燕房路小区 Lin地铁 精装自住 看房随时满五唯一,129万,16526元/平,顶层 (共6层) 2室1厅 | 78.06平米 | 南 北,https://ke-image.ljcdn.com/110000-inspection/pc1_lom7JG5eU.jpg!m_fill,w_280,h_210,f_jpg?from=ke.com
20241017,房山,城关,101126133880,房山城关万宁小区二居室 南北通透 满五唯一近地铁,70万,11893元/平,顶层 (共6层) 2室1厅 | 58.86平米 | 南 北,https://ke-image.ljcdn.com/110000-inspection/pc1_6xJuFRAHa.jpg!m_fill,w_280,h_210,f_jpg?from=ke.com
20241017,房山,城关,101126132399,中国铁建原香漫谷一区正规三居南北通透,169万,18464元/平,低楼层 (共12层) | 2013年 | 3室1厅 | 91.53平米 | 南 北,https://ke-image.ljcdn.com/110000-inspection/pc1_7PNdKmj2f.jpg!m_fill,w_280,h_210,f_jpg?from=ke.com
20241017,房山,城关,101126131510,中国铁建原香漫谷四区南北通透两居,218万,25748元/平,高楼层 (共20层) 2室1厅 | 84.67平米 | 南 北,https://ke-image.ljcdn.com/110000-inspection/pc1_jB7QPWSRN.jpg!m_fill,w_280,h_210,f_jpg?from=ke.com
20241017,房山,城关,101126128505,化四小区中间楼层采光好交通方便,97万,15633元/平,低楼层 (共3层) 2室1厅 | 62.05平米 | 南 北,https://ke-image.ljcdn.com/110000-inspection/pc1_n6atdWcq9_1.jpg!m_fill,w_280,h_210,f_jpg?from=ke.com
20241017,房山,城关,101126127935,中冶蓝城东区南北精装两居采光好,175万,19567元/平,低楼层 (共16层) | 2015年 | 2室1厅 | 89.44平米 | 南 北,https://ke-image.ljcdn.com/110000-inspection/pc1_JKvVsQM3f.jpg!m_fill,w_280,h_210,f_jpg?from=ke.com
20241017,房山,城关,101126115728,优质房源出售 南北通透 带地下室 诚心卖,102万,10833元/平,高楼层 (共6层) 2室1厅 | 94.16平米 | 南 北,https://ke-image.ljcdn.com/110000-inspection/pc1_MC8KZaECv.jpg!m_fill,w_280,h_210,f_jpg?from=ke.com
20241017,房山,城关,101126105467,顺成嘉苑 2室1厅 南 北,130万,14345元/平,顶层 (共6层) | 2010年 | 2室1厅 | 90.63平米 | 南 北,https://ke-image.ljcdn.com/110000-inspection/pc1_dQ7OmiOmU.jpg!m_fill,w_280,h_210,f_jpg?from=ke.com
20241017,房山,城关,101126068065,优质房源  高层无遮挡 视野采光好 三室双卫 宽敞,240万,18451元/平,高楼层 (共18层) 3室1厅 | 130.08平米 | 南 北,https://ke-image.ljcdn.com/110000-inspection/434b3f0a-7f47-4ac0-a161-13fb487cbb6f_1000.jpg!m_fill,w_280,h_210,f_jpg?from=ke.com
20241017,房山,城关,101126037908,永兴家园 满五唯一 南北通透 3居室,199万,16300元/平,顶层 (共6层) 3室2厅 | 122.09平米 | 南 北,https://ke-image.ljcdn.com/110000-inspection/pc1_U7SPUtvyQ_1.jpg!m_fill,w_280,h_210,f_jpg?from=ke.com
20241017,房山,城关,101126006585,良工佳苑婚房满五唯一有钥匙随时看房,129万,15392元/平,顶层 (共6层) | 2011年 | 2室2厅 | 83.81平米 | 南 北,https://ke-image.ljcdn.com/110000-inspection/pc1_Hf6yTI1Ss.jpg!m_fill,w_280,h_210,f_jpg?from=ke.com
20241017,房山,城关,101125975880,永安西里北区中楼层两居室出售,97万,16926元/平,中楼层 (共6层) | 1989年 | 2室1厅 | 57.31平米 | 南 北,https://ke-image.ljcdn.com/110000-inspection/pc1_CmXml0ZcK.jpg!m_fill,w_280,h_210,f_jpg?from=ke.com
20241017,房山,城关,101125946567,房子是南向的装修保持好采光和视野好,155万,17715元/平,中楼层 (共20层) 2室1厅 | 87.5平米 | 南,https://ke-image.ljcdn.com/110000-inspection/pc1_cELddFsp4.jpg!m_fill,w_280,h_210,f_jpg?from=ke.com
20241017,房山,城关,101125881974,良工佳苑低楼层精装房户型方正,220万,18099元/平,低楼层 (共6层) 3室1厅 | 121.56平米 | 南 北,https://ke-image.ljcdn.com/110000-inspection/pc1_mQXIEzksq.jpg!m_fill,w_280,h_210,f_jpg?from=ke.com
20241017,房山,城关,101125856782,房山中冶蓝城东区两居室出售  低楼层 南北通透,169万,18921元/平,底层 (共15层) 2室1厅 | 89.32平米 | 南 北,https://ke-image.ljcdn.com/110000-inspection/pc1_5G7Y2sCsB.jpg!m_fill,w_280,h_210,f_jpg?from=ke.com
20241017,房山,城关,101125807047,九洲兴达家园B区,208万,20365元/平,底层 (共6层) | 2006年 | 3室1厅 | 102.14平米 | 南 北,https://ke-image.ljcdn.com/110000-inspection/pc1_v3X0FMV8P_2.jpg!m_fill,w_280,h_210,f_jpg?from=ke.com
20241017,房山,城关,101125761710,永安家园 3室1厅 南 北,150万,15049元/平,中楼层 (共6层) | 2007年 | 3室1厅 | 99.68平米 | 南 北,https://ke-image.ljcdn.com/110000-inspection/pc1_jVoFHZTTf.jpg!m_fill,w_280,h_210,f_jpg?from=ke.com
20241017,房山,城关,101125755669,新上永安家园 楼层不错 装修好 自己住,150万,14032元/平,顶层 (共6层) 2室1厅 | 106.9平米 | 北 南,https://ke-image.ljcdn.com/110000-inspection/pc1_lIsdPKyLF_1.jpg!m_fill,w_280,h_210,f_jpg?from=ke.com
20241017,房山,城关,101125731476,中国铁建原香漫谷一区 3室1厅 南 北,179万,19641元/平,低楼层 (共18层) | 2013年 | 3室1厅 | 91.14平米 | 南 北,https://ke-image.ljcdn.com/110000-inspection/pc1_p6Q8LPffy.jpg!m_fill,w_280,h_210,f_jpg?from=ke.com
20241017,房山,城关,101125620184,矿机北路低楼层户型号通风采光好,82万,12372元/平,低楼层 (共7层) 2室1厅 | 66.28平米 | 南 北,https://ke-image.ljcdn.com/110000-inspection/pc1_qyhc4obE0.jpg!m_fill,w_280,h_210,f_jpg?from=ke.com
20241017,房山,城关,101125589751,中国铁建原香漫谷一区 1室1厅 南 北,113万,16871元/平,顶层 (共12层) | 2013年 | 1室1厅 | 66.98平米 | 南 北,https://ke-image.ljcdn.com/110000-inspection/pc1_fsfTwglNe.jpg!m_fill,w_280,h_210,f_jpg?from=ke.com
20241017,房山,城关,101125587279,优质房源  全南向  采光好  高层无遮挡 精装修,148万,17150元/平,高楼层 (共20层) | 2015年 | 2室1厅 | 86.3平米 | 南,https://ke-image.ljcdn.com/110000-inspection/pc1_OWZqnfN2m.jpg!m_fill,w_280,h_210,f_jpg?from=ke.com
20241017,房山,城关,101125506785,中国铁建原香漫谷四区一居室 南北通透带漏台 近城铁房主自荐,118万,16458元/平,顶层 (共9层) 1室1厅 | 71.7平米 | 南 北,https://ke-image.ljcdn.com/110000-inspection/pc1_pHMB4ihx2.jpg!m_fill,w_280,h_210,f_jpg?from=ke.com
20241017,房山,城关,101125502082,中国铁建原香漫谷三区两居户型,129万,14759元/平,底层 (共20层) | 2015年 | 2室1厅 | 87.41平米 | 南 北,https://ke-image.ljcdn.com/110000-inspection/pc1_7e53rqQkt_1.jpg!m_fill,w_280,h_210,f_jpg?from=ke.com
20241017,房山,城关,101125455327,永乐园三里高楼层复式三居室出售,169万,11127元/平,顶层 (共6层) | 2002年 | 3室2厅 | 151.89平米 | 南 北,https://ke-image.ljcdn.com/110000-inspection/pc1_bcVC8giu0.jpg!m_fill,w_280,h_210,f_jpg?from=ke.com
20241017,房山,城关,101125452440,九洲兴达家园A区 3室2厅 南 北,139万,9257元/平,低楼层 (共6层) | 2003年 | 3室2厅 | 150.17平米 | 南 北,https://ke-image.ljcdn.com/110000-inspection/pc1_7q60473yX.jpg!m_fill,w_280,h_210,f_jpg?from=ke.com
20241017,房山,城关,101125424318,优质房源  位置好 楼层好 装修好 无遮挡视野采光,170万,19087元/平,中楼层 (共18层) 3室1厅 | 89.07平米 | 南 北,https://ke-image.ljcdn.com/110000-inspection/pc1_CL6hyE3y5.jpg!m_fill,w_280,h_210,f_jpg?from=ke.com
20241017,房山,城关,101125408489,中冶蓝城东区德润街11号院。,218万,24374元/平,高楼层 (共16层) | 2015年 | 2室1厅 | 89.44平米 | 南 北,https://ke-image.ljcdn.com/110000-inspection/76a9141b-3a72-4629-927e-783abf702385_1000.jpg!m_fill,w_280,h_210,f_jpg?from=ke.com
20241017,房山,城关,101125374825,永安西里2-4-503,79万,17178元/平,高楼层 (共6层) | 1985年 | 2室1厅 | 45.99平米 | 西 北,https://ke-image.ljcdn.com/110000-inspection/pc1_oKdeOaKz2.jpg!m_fill,w_280,h_210,f_jpg?from=ke.com
20241017,房山,城关,101125154772,站北路 2室1厅 南 北,85万,12312元/平,顶层 (共6层) 2室1厅 | 69.04平米 | 南 北,https://ke-image.ljcdn.com/110000-inspection/pc1_C2E8Ak064_1.jpg!m_fill,w_280,h_210,f_jpg?from=ke.com
20241017,房山,城关,101125122856,城关南里社区 2室1厅 南 北,99万,17523元/平,中楼层 (共5层) | 1980年 | 2室1厅 | 56.5平米 | 南 北,https://ke-image.ljcdn.com/110000-inspection/pc1_zuzq3FwNW.jpg!m_fill,w_280,h_210,f_jpg?from=ke.com
20241017,房山,城关,101125047158,优质房源  全明户型 精装修 次顶层 视野采光好,176万,19345元/平,高楼层 (共15层) | 2014年 | 3室1厅 | 90.98平米 | 南 北,https://ke-image.ljcdn.com/110000-inspection/pc1_PW1sa2Unb.jpg!m_fill,w_280,h_210,f_jpg?from=ke.com
20241017,房山,城关,101124987871,房山中冶蓝城西区三居室出售 南北通透 双卫生间,190万,19035元/平,低楼层 (共15层) | 2016年 | 3室1厅 | 99.82平米 | 南 北,https://ke-image.ljcdn.com/110000-inspection/pc1_p9saB6IOC.jpg!m_fill,w_280,h_210,f_jpg?from=ke.com
20241017,房山,城关,101124801847,房山中国铁建原香漫谷一区两居室出售  高档社区,142万,15995元/平,中楼层 (共20层) | 2013年 | 2室1厅 | 88.78平米 | 南,https://ke-image.ljcdn.com/110000-inspection/pc1_58wCWyq7v.jpg!m_fill,w_280,h_210,f_jpg?from=ke.com
20241017,房山,城关,101124790363,管道局社区 2室1厅 南 北,105万,16601元/平,低楼层 (共6层) 2室1厅 | 63.25平米 | 南 北,https://ke-image.ljcdn.com/110000-inspection/pc1_2EF3tYtgQ.jpg!m_fill,w_280,h_210,f_jpg?from=ke.com
20241017,房山,城关,101124778068,房山中冶蓝城西区三居室出售 经典好户型 双卫生间,189万,18936元/平,中楼层 (共16层) 3室1厅 | 99.81平米 | 南 北,https://ke-image.ljcdn.com/110000-inspection/pc1_sqTOF9LVd.jpg!m_fill,w_280,h_210,f_jpg?from=ke.com
20241017,房山,城关,101124693824,顺成嘉苑 3室2厅 南 北,168万,14457元/平,顶层 (共6层) | 2008年 | 3室2厅 | 116.21平米 | 南 北,https://ke-image.ljcdn.com/110000-inspection/pc1_rDsbJGYqy.jpg!m_fill,w_280,h_210,f_jpg?from=ke.com
20241017,房山,城关,101124622688,顺成嘉苑 2室1厅 北 南,94万,13717元/平,顶层 (共6层) 2室1厅 | 68.53平米 | 北 南,https://ke-image.ljcdn.com/110000-inspection/pc1_OCQ3NEygV.jpg!m_fill,w_280,h_210,f_jpg?from=ke.com
20241017,房山,城关,101124323983,此房南北通透复式1层和2层都分别有独立的门房主自荐,350万,18851元/平,底层 (共20层) | 2015年 | 6室2厅 | 185.67平米 | 南 北,https://ke-image.ljcdn.com/110000-inspection/pc1_9VnyfHqAj.jpg!m_fill,w_280,h_210,f_jpg?from=ke.com
20241017,房山,城关,101124091953,此房楼层好南北通透采光不错位于中高层,189万,21232元/平,高楼层 (共18层) 3室1厅 | 89.02平米 | 南 北,https://ke-image.ljcdn.com/110000-inspection/pc1_1wTtcJeHo_1.jpg!m_fill,w_280,h_210,f_jpg?from=ke.com
20241017,房山,城关,101124046252,店长推荐 房子全明格局 厨房 卫生间有窗户 精装修,215万,21455元/平,中楼层 (共15层) 3室1厅 | 100.21平米 | 南 北,https://ke-image.ljcdn.com/110000-inspection/pc1_HqKkaLRaA.jpg!m_fill,w_280,h_210,f_jpg?from=ke.com
20241017,房山,城关,101123965195,中国铁建原香漫谷四区正规三居,172万,18837元/平,中楼层 (共9层) 3室1厅 | 91.31平米 | 南 北,https://ke-image.ljcdn.com/110000-inspection/pc1_jrlpOvip4.jpg!m_fill,w_280,h_210,f_jpg?from=ke.com
20241017,房山,城关,101123960618,店长推荐房源 南北通透 中间楼层 精装修,71万,12978元/平,中楼层 (共8层) | 1988年 | 2室1厅 | 54.71平米 | 南 北,https://ke-image.ljcdn.com/110000-inspection/pc1_T2vPjeRQn.jpg!m_fill,w_280,h_210,f_jpg?from=ke.com
20241017,房山,城关,101123902377,繁华地段商品房近城铁满二唯一,75万,19148元/平,中楼层 (共5层) | 1991年 | 1室1厅 | 39.17平米 | 南,https://ke-image.ljcdn.com/110000-inspection/pc1_sSo6JxJoo.jpg!m_fill,w_280,h_210,f_jpg?from=ke.com
20241017,房山,城关,101123572193,中冶蓝城东区 3室1厅 南 北,190万,21173元/平,高楼层 (共15层) | 2014年 | 3室1厅 | 89.74平米 | 南 北,https://ke-image.ljcdn.com/110000-inspection/pc1_q3oFTjjVv.jpg!m_fill,w_280,h_210,f_jpg?from=ke.com
20241017,房山,城关,101123551591,店长推荐房源 南北双通透 独立餐厅 精装修,168万,19849元/平,低楼层 (共20层) | 2013年 | 2室1厅 | 84.64平米 | 南 北,https://ke-image.ljcdn.com/110000-inspection/pc1_damrNXCIE.jpg!m_fill,w_280,h_210,f_jpg?from=ke.com
20241017,房山,城关,101123340915,城关矿机社区精装修2居室全明格局,62万,12349元/平,高楼层 (共6层) 2室1厅 | 50.21平米 | 南 北,https://ke-image.ljcdn.com/110000-inspection/bdea865b-e4e2-4823-aec6-9a788618a8e9_1000.jpg!m_fill,w_280,h_210,f_jpg?from=ke.com
20241017,房山,城关,101123008378,店长推荐房源 全明户型 明厨明卫 精装修 拎包入住,168万,18098元/平,中楼层 (共20层) | 2015年 | 3室1厅 | 92.83平米 | 南 北 西,https://ke-image.ljcdn.com/110000-inspection/pc1_WIT00nnil.jpg!m_fill,w_280,h_210,f_jpg?from=ke.com
20241017,房山,城关,101122935307,中冶蓝城东区一层正规两居室,178万,20007元/平,底层 (共15层) | 2014年 | 2室2厅 | 88.97平米 | 南 北,https://ke-image.ljcdn.com/110000-inspection/pc1_gz0WXlLeY.jpg!m_fill,w_280,h_210,f_jpg?from=ke.com
20241017,房山,城关,101122925669,中冶蓝城西区 3室2厅 南 北房主自荐,225万,20196元/平,中楼层 (共15层) 3室2厅 | 111.41平米 | 南 北,https://ke-image.ljcdn.com/110000-inspection/pc1_RiZaKJF0u.jpg!m_fill,w_280,h_210,f_jpg?from=ke.com
20241017,房山,城关,101122864701,城北社区 两居室 南北向 格局好 看房方便,90万,15713元/平,顶层 (共5层) | 1981年 | 2室1厅 | 57.28平米 | 南 北,https://ke-image.ljcdn.com/110000-inspection/pc1_KPcsDPB3e.jpg!m_fill,w_280,h_210,f_jpg?from=ke.com
20241017,房山,城关,101122755948,南北两居室高楼层 视野好 交通便利 配套成熟。,75万,14873元/平,顶层 (共5层) | 1981年 | 2室1厅 | 50.43平米 | 南,https://ke-image.ljcdn.com/110000-inspection/pc1_EJd4gNMju_1.jpg!m_fill,w_280,h_210,f_jpg?from=ke.com
20241017,房山,城关,101122708964,店长推荐  南北通透 全明格局 厨房 卫生间有窗户房主自荐,199万,19696元/平,低楼层 (共20层) 3室1厅 | 101.04平米 | 东 南 北,https://ke-image.ljcdn.com/110000-inspection/pc1_8BasDBbP2.jpg!m_fill,w_280,h_210,f_jpg?from=ke.com
20241017,房山,城关,101122699259,兴房东里社区 2室1厅 东 西,120万,16241元/平,中楼层 (共7层) 2室1厅 | 73.89平米 | 东 西,https://ke-image.ljcdn.com/110000-inspection/pc1_Tr4woZ5ie.jpg!m_fill,w_280,h_210,f_jpg?from=ke.com
20241017,房山,城关,101122460658,城关北里社区近地铁精装修人员素质高,89万,15356元/平,顶层 (共6层) | 1986年 | 2室1厅 | 57.96平米 | 南 北,https://ke-image.ljcdn.com/110000-inspection/pc1_VYj3XUAQK.jpg!m_fill,w_280,h_210,f_jpg?from=ke.com
20241017,房山,城关,101122363109,矿机东路家属院 南北通透两居室 采光好 布局合理,95万,12548元/平,高楼层 (共6层) 2室1厅 | 75.71平米 | 南 北,https://ke-image.ljcdn.com/110000-inspection/d1eae6bd-97ef-4fe0-811e-24e4d9f4380f_1000.jpg!m_fill,w_280,h_210,f_jpg?from=ke.com
20241017,房山,城关,101122358009,福星家园B区 70年产权 商品房 诚心出售,49万,20050元/平,中楼层 (共5层) 1室0厅 | 24.44平米 | 西,https://ke-image.ljcdn.com/110000-inspection/pc1_bsF3fxrrU.jpg!m_fill,w_280,h_210,f_jpg?from=ke.com
20241017,房山,城关,101122053251,优质房源 南边通透 精装修 拎包入住,169万,18845元/平,底层 (共15层) 2室1厅 | 89.68平米 | 南 北,https://ke-image.ljcdn.com/110000-inspection/pc1_uXI9Gu1q9.jpg!m_fill,w_280,h_210,f_jpg?from=ke.com
20241017,房山,城关,101121971602,站北路 2室1厅 南 北,95万,14091元/平,顶层 (共6层) 2室1厅 | 67.42平米 | 南 北,https://ke-image.ljcdn.com/110000-inspection/3e96212b-5938-47af-95c3-7199d1321585_1000.jpg!m_fill,w_280,h_210,f_jpg?from=ke.com
20241017,房山,城关,101121944012,中国铁建原香漫谷四区低楼层 满五唯一 随时看房,149万,16617元/平,底层 (共18层) | 2016年 | 3室1厅 | 89.67平米 | 南 北,https://ke-image.ljcdn.com/110000-inspection/pc1_tgTDjxvRB.jpg!m_fill,w_280,h_210,f_jpg?from=ke.com
20241017,房山,城关,101121792328,店长推荐管道局社区一层精装房近三甲配套齐全。,79万,17041元/平,底层 (共4层) 2室1厅 | 46.36平米 | 南,https://ke-image.ljcdn.com/110000-inspection/pc1_47BnfhaeD.jpg!m_fill,w_280,h_210,f_jpg?from=ke.com
20241017,房山,城关,101121468590,顺成嘉苑 2室2厅 南 北,175万,19310元/平,顶层 (共6层) | 2010年 | 2室2厅 | 90.63平米 | 南 北,https://ke-image.ljcdn.com/110000-inspection/pc1_pusIRcA9r.jpg!m_fill,w_280,h_210,f_jpg?from=ke.com
20241017,房山,城关,101121076913,复式精装南北通透可以拎包入住,395万,22086元/平,底层 (共17层) | 2015年 | 4室2厅 | 178.85平米 | 南 北,https://ke-image.ljcdn.com/110000-inspection/pc1_fpAOSnfmA.jpg!m_fill,w_280,h_210,f_jpg?from=ke.com
20241017,房山,城关,101121059021,府东里社区 2室1厅 南 北,108万,14485元/平,中楼层 (共6层) | 1999年 | 2室1厅 | 74.56平米 | 南 北,https://ke-image.ljcdn.com/110000-inspection/pc1_NDzFo7gZg_1.jpg!m_fill,w_280,h_210,f_jpg?from=ke.com
20241017,房山,城关,101120903852,优质房源 房子南北通透 无遮挡 采光通风好,205万,23183元/平,中楼层 (共18层) 3室1厅 | 88.43平米 | 南 北,https://ke-image.ljcdn.com/110000-inspection/pc1_N4FsCoPVQ.jpg!m_fill,w_280,h_210,f_jpg?from=ke.com
20241017,房山,城关,101120884541,中国铁建原香漫谷四区 满五唯一 两卧室朝南 诚心卖,205万,19489元/平,顶层 (共20层) 3室1厅 | 105.19平米 | 南 北,https://ke-image.ljcdn.com/110000-inspection/pc1_cTcp6i12c.jpg!m_fill,w_280,h_210,f_jpg?from=ke.com
20241017,房山,城关,101120842505,兴房大街户型南北通透诚心出售,85万,15841元/平,顶层 (共4层) 2室1厅 | 53.66平米 | 南 北,https://ke-image.ljcdn.com/110000-inspection/pc1_ObVOFvgCG_1.jpg!m_fill,w_280,h_210,f_jpg?from=ke.com
20241017,房山,城关,101120756421,中国铁建原香漫谷一区+满五唯一+标准三居,213万,23371元/平,中楼层 (共18层) | 2013年 | 3室1厅 | 91.14平米 | 南 北,https://ke-image.ljcdn.com/110000-inspection/f88705e1-bda7-4239-b8a7-12b062c2b47a_1000.jpg!m_fill,w_280,h_210,f_jpg?from=ke.com
20241017,房山,城关,101120694541,中国铁建原香漫谷三区视线好 户型好 看房随时,148万,16957元/平,中楼层 (共20层) 2室1厅 | 87.28平米 | 南,https://ke-image.ljcdn.com/110000-inspection/pc1_kfxXkNQoN.jpg!m_fill,w_280,h_210,f_jpg?from=ke.com
20241017,房山,城关,101120607168,优质房源推荐 精装 拎包入住  高楼层 视野采光好,171万,19539元/平,高楼层 (共20层) | 2017年 | 2室1厅 | 87.52平米 | 南,https://ke-image.ljcdn.com/110000-inspection/pc1_poD95AErV.jpg!m_fill,w_280,h_210,f_jpg?from=ke.com
20241017,房山,城关,101120471530,城北社区 地铁沿线房 小区配套全,89万,13489元/平,顶层 (共6层) | 1991年 | 2室1厅 | 65.98平米 | 南 北,https://ke-image.ljcdn.com/110000-inspection/pc1_3jan4caDT.jpg!m_fill,w_280,h_210,f_jpg?from=ke.com
20241017,房山,城关,101120360970,店长推荐房源  南向大一居 北边有路台 精装修 拎包住,123万,17670元/平,顶层 (共19层) | 2017年 | 1室1厅 | 69.61平米 | 南 北,https://ke-image.ljcdn.com/110000-inspection/pc1_ZP6JKVSn1_1.jpg!m_fill,w_280,h_210,f_jpg?from=ke.com
20241017,房山,城关,101119954024,优质房源 精装修 南北通透 户型好,100万,16593元/平,顶层 (共6层) 2室1厅 | 60.27平米 | 南 北,https://ke-image.ljcdn.com/110000-inspection/pc1_UTbWmJgmq.jpg!m_fill,w_280,h_210,f_jpg?from=ke.com
20241017,房山,城关,101119693084,原香漫谷二区+正规两居室+精装自住房主自荐,148万,17057元/平,底层 (共20层) | 2015年 | 2室1厅 | 86.77平米 | 南 西 北,https://ke-image.ljcdn.com/110000-inspection/pc1_WEUdaE6jV.jpg!m_fill,w_280,h_210,f_jpg?from=ke.com
20241017,房山,城关,101119426525,良工佳苑大三居看房方便诚意出售房主自荐,155万,18495元/平,中楼层 (共6层) | 2011年 | 3室1厅 | 83.81平米 | 南,https://ke-image.ljcdn.com/110000-inspection/pc1_24s5P5Tqy.jpg!m_fill,w_280,h_210,f_jpg?from=ke.com
20241017,房山,城关,101119149721,城关新区中冶蓝城西区南北通透三居室采光好近地铁,180万,18192元/平,低楼层 (共15层) 3室2厅 | 98.95平米 | 南 北,https://ke-image.ljcdn.com/110000-inspection/pc1_rAQGzFIs8_1.jpg!m_fill,w_280,h_210,f_jpg?from=ke.com
20241017,房山,城关,101118896940,中冶蓝城东区精装修三居室 诚心出售,217万,24066元/平,低楼层 (共15层) | 2015年 | 3室1厅 | 90.17平米 | 南 北,https://ke-image.ljcdn.com/110000-inspection/pc1_HanQ2Ckor.jpg!m_fill,w_280,h_210,f_jpg?from=ke.com
20241017,房山,城关,101118065943,中冶蓝城东区正规三居全明格局,200万,22382元/平,顶层 (共15层) | 2014年 | 3室1厅 | 89.36平米 | 西南 北,https://ke-image.ljcdn.com/110000-inspection/pc1_D4ayE6LYq_1.jpg!m_fill,w_280,h_210,f_jpg?from=ke.com
20241017,房山,城关,101117896535,原香漫谷一区次顶层精装南北通透三居看房随时,170万,19462元/平,高楼层 (共12层) | 2013年 | 3室1厅 | 87.35平米 | 南 北,https://ke-image.ljcdn.com/110000-inspection/pc1_NFHTzTCys_1.jpg!m_fill,w_280,h_210,f_jpg?from=ke.com
20241017,房山,城关,101108324476,原香漫谷三居室南北朝向原购价格高,200万,15391元/平,顶层 (共19层) | 2015年 | 3室1厅 | 129.95平米 | 南 北,https://ke-image.ljcdn.com/110000-inspection/pc1_HKpNRq9QK.jpg!m_fill,w_280,h_210,f_jpg?from=ke.com
20241017,房山,城关,101127111578,良工佳苑 2室1厅 南 北,150万,19094元/平,中楼层 (共6层) 2室1厅 | 78.56平米 | 南 北,https://s1.ljcdn.com/pegasus/redskull/images/common/default_house_list.png?_v=202410161653269
20241017,房山,城关,101127105913,中国铁建原香漫谷三区 2室2厅 南,145万,16614元/平,高楼层 (共20层) 2室2厅 | 87.28平米 | 南,https://s1.ljcdn.com/pegasus/redskull/images/common/default_house_list.png?_v=202410161653269
20241017,房山,城关,101127081046,原香漫谷四区129平大三居南北通透业主诚心出新上,240万,18509元/平,低楼层 (共18层) 3室2厅 | 129.67平米 | 南 北,https://s1.ljcdn.com/pegasus/redskull/images/common/default_house_list.png?_v=202410161653269
20241017,房山,城关,101127076940,城北社区 2室1厅 南 北新上,95万,17557元/平,顶层 (共5层) | 1981年 | 2室1厅 | 54.11平米 | 南 北,https://s1.ljcdn.com/pegasus/redskull/images/common/default_house_list.png?_v=202410161653269
20241017,房山,城关,101127076500,中冶蓝城东区 3室1厅 南 西 北新上,165万,18480元/平,中楼层 (共16层) 3室1厅 | 89.29平米 | 南 西 北,https://s1.ljcdn.com/pegasus/redskull/images/common/default_house_list.png?_v=202410161653269
20241017,房山,城关,101127069325,府东里社区 3室1厅 南 北新上,140万,14466元/平,低楼层 (共6层) 3室1厅 | 96.78平米 | 南 北,https://s1.ljcdn.com/pegasus/redskull/images/common/default_house_list.png?_v=202410161653269
20241017,房山,城关,101127059672,南大街 2室1厅 东 西新上,92万,12940元/平,高楼层 (共6层) 2室1厅 | 71.1平米 | 东 西,https://s1.ljcdn.com/pegasus/redskull/images/common/default_house_list.png?_v=202410161653269
20241017,房山,城关,101127055911,顺成嘉苑南北通透价格可聊。新上,135万,16606元/平,底层 (共6层) | 2008年 | 2室1厅 | 81.3平米 | 南 北,https://s1.ljcdn.com/pegasus/redskull/images/common/default_house_list.png?_v=202410161653269
20241017,房山,城关,101127044254,管道局社区 2室1厅 南 北新上,118万,15335元/平,底层 (共6层) 2室1厅 | 76.95平米 | 南 北,https://s1.ljcdn.com/pegasus/redskull/images/common/default_house_list.png?_v=202410161653269
20241017,房山,城关,101127035765,城关北里社区 JinDT 满五唯一随时看房新上,66万,12189元/平,顶层 (共6层) 2室1厅 | 54.15平米 | 南 北,https://s1.ljcdn.com/pegasus/redskull/images/common/default_house_list.png?_v=202410161653269
20241017,房山,城关,101127032735,矿机北路 2室1厅 南 北新上,73万,11073元/平,顶层 (共7层) 2室1厅 | 65.93平米 | 南 北,https://s1.ljcdn.com/pegasus/redskull/images/common/default_house_list.png?_v=202410161653269
20241017,房山,城关,101127017199,燕房路小区J邻DT 满五随时看房价格可谈新上,99万,12683元/平,顶层 (共6层) 2室1厅 | 78.06平米 | 南 北,https://s1.ljcdn.com/pegasus/redskull/images/common/default_house_list.png?_v=202410161653269
20241017,房山,城关,101127008528,矿机社区 2室1厅 南新上,68万,13394元/平,中楼层 (共5层) 2室1厅 | 50.77平米 | 南,https://s1.ljcdn.com/pegasus/redskull/images/common/default_house_list.png?_v=202410161653269
20241017,房山,城关,101127005400,青年南路7号楼 2室1厅 南 北新上,110万,16582元/平,低楼层 (共6层) | 1988年 | 2室1厅 | 66.34平米 | 南 北,https://s1.ljcdn.com/pegasus/redskull/images/common/default_house_list.png?_v=202410161653269
20241017,房山,城关,101126999339,万宁小区2000年后房龄 周边配套齐 满五年新上,109万,12227元/平,中楼层 (共6层) 3室1厅 | 89.15平米 | 南 北,https://s1.ljcdn.com/pegasus/redskull/images/common/default_house_list.png?_v=202410161653269
20241017,房山,城关,101126993008,永安西里 2室1厅 南新上,65万,11940元/平,顶层 (共6层) | 1985年 | 2室1厅 | 54.44平米 | 南,https://s1.ljcdn.com/pegasus/redskull/images/common/default_house_list.png?_v=202410161653269
20241017,房山,城关,101126991759,房山城关槠榆树家园南北通透两居室户型好房龄新随时看新上,65万,9719元/平,顶层 (共6层) | 2010年 | 2室1厅 | 66.88平米 | 南 北,https://s1.ljcdn.com/pegasus/redskull/images/common/default_house_list.png?_v=202410161653269
20241017,房山,城关,101126953582,万宁小区 2室1厅 南 北,106万,13999元/平,低楼层 (共6层) 2室1厅 | 75.72平米 | 南 北,https://s1.ljcdn.com/pegasus/redskull/images/common/default_house_list.png?_v=202410161653269
20241017,房山,城关,101126936526,城关北里社区近地铁单价低业主诚心出售,99万,9995元/平,顶层 (共6层) 2室1厅 | 99.05平米 | 南 北,https://s1.ljcdn.com/pegasus/redskull/images/common/default_house_list.png?_v=202410161653269
20241017,房山,城关,101126930779,福胜胡同近地铁带电梯中间楼层精装修,135万,19044元/平,中楼层 (共6层) | 1995年 | 2室1厅 | 70.89平米 | 东 西,https://s1.ljcdn.com/pegasus/redskull/images/common/default_house_list.png?_v=202410161653269
20241017,房山,城关,101126927896,中国铁建原香漫谷一区  精装修电梯房,90万,17968元/平,中楼层 (共18层) | 2014年 | 1室0厅 | 50.09平米 | 东,https://s1.ljcdn.com/pegasus/redskull/images/common/default_house_list.png?_v=202410161653269
20241017,房山,城关,101126917162,城北社区 低楼层 明厨明卫 南北通透,92万,15751元/平,底层 (共6层) | 1991年 | 2室1厅 | 58.41平米 | 南 北,https://s1.ljcdn.com/pegasus/redskull/images/common/default_house_list.png?_v=202410161653269
20241017,房山,城关,101126905791,永安西里 2室1厅 南 北,87万,15923元/平,中楼层 (共6层) | 1985年 | 2室1厅 | 54.64平米 | 南 北,https://s1.ljcdn.com/pegasus/redskull/images/common/default_house_list.png?_v=202410161653269
20241017,房山,城关,101126867279,矿机社区 2室1厅 东 南,58万,10647元/平,高楼层 (共6层) 2室1厅 | 54.48平米 | 东 南,https://s1.ljcdn.com/pegasus/redskull/images/common/default_house_list.png?_v=202410161653269
20241017,房山,城关,101126860657,中国铁建原香漫谷三区 南北通透2居室,210万,24876元/平,顶层 (共20层) 2室1厅 | 84.42平米 | 南 北,https://s1.ljcdn.com/pegasus/redskull/images/common/default_house_list.png?_v=202410161653269
20241017,房山,城关,101126843098,房山原香漫谷三区两居室   高层电梯房  满五唯一,150万,17760元/平,高楼层 (共20层) 2室2厅 | 84.46平米 | 南 北,https://s1.ljcdn.com/pegasus/redskull/images/common/default_house_list.png?_v=202410161653269
20241017,房山,城关,101126806655,福胜胡同 2室1厅 东 西,130万,18409元/平,低楼层 (共6层) | 1995年 | 2室1厅 | 70.62平米 | 东 西,https://s1.ljcdn.com/pegasus/redskull/images/common/default_house_list.png?_v=202410161653269
20241017,房山,城关,101126740013,中国铁建原香漫谷四期 房山城关原香漫谷,350万,17956元/平,低楼层 (共18层) 5室2厅 | 194.93平米 | 南 北,https://s1.ljcdn.com/pegasus/redskull/images/common/default_house_list.png?_v=202410161653269
20241017,房山,城关,101126488228,南大街 2室1厅 南 北,128万,18880元/平,中楼层 (共6层) 2室1厅 | 67.8平米 | 南 北,https://s1.ljcdn.com/pegasus/redskull/images/common/default_house_list.png?_v=202410161653269
20241017,房山,城关,101126472867,中国铁建原香漫谷三区 车位,11.5万,3330元/平,地下室 | 2015年 | 1室0厅 | 34.54平米 | 南,https://s1.ljcdn.com/pegasus/redskull/images/common/default_house_list.png?_v=202410161653269
20241017,房山,城关,101126455885,顺成嘉苑 2室2厅 南 北,180万,22141元/平,中楼层 (共6层) 2室2厅 | 81.3平米 | 南 北,https://s1.ljcdn.com/pegasus/redskull/images/common/default_house_list.png?_v=202410161653269
20241017,房山,城关,101126409730,永兴家园 2室1厅 西,100万,12215元/平,中楼层 (共6层) | 2011年 | 2室1厅 | 81.87平米 | 西,https://s1.ljcdn.com/pegasus/redskull/images/common/default_house_list.png?_v=202410161653269
20241017,房山,城关,101126228360,中国铁建原香漫谷一区德润街6号院。,60万,9393元/平,高楼层 (共18层) | 2014年 | 1室1厅 | 63.88平米 | 西北,https://s1.ljcdn.com/pegasus/redskull/images/common/default_house_list.png?_v=202410161653269
20241017,房山,城关,101126164923,永乐园三里中楼层三居室出售,150万,15369元/平,中楼层 (共6层) | 2002年 | 3室2厅 | 97.6平米 | 东 西 北,https://s1.ljcdn.com/pegasus/redskull/images/common/default_house_list.png?_v=202410161653269
20241017,房山,城关,101125712640,中冶蓝城西区 3室2厅 南 北,191万,19066元/平,中楼层 (共15层) | 2016年 | 3室2厅 | 100.18平米 | 南 北,https://s1.ljcdn.com/pegasus/redskull/images/common/default_house_list.png?_v=202410161653269
20241017,房山,城关,101125673051,原香漫谷三居室出售房子满五唯一视线视野好采光,175万,17320元/平,中楼层 (共20层) 3室1厅 | 101.04平米 | 西南 北,https://s1.ljcdn.com/pegasus/redskull/images/common/default_house_list.png?_v=202410161653269
20241017,房山,城关,101125508837,中国铁建原香漫谷四区精装小居室。,115万,14604元/平,底层 (共20层) 1室1厅 | 78.75平米 | 东 南,https://s1.ljcdn.com/pegasus/redskull/images/common/default_house_list.png?_v=202410161653269
20241017,房山,城关,101124955044,中国铁建原香漫谷二区 精装修 三居室,150万,16301元/平,高楼层 (共20层) | 2015年 | 3室1厅 | 92.02平米 | 南 北,https://s1.ljcdn.com/pegasus/redskull/images/common/default_house_list.png?_v=202410161653269
20241017,房山,城关,101124236785,此房楼层好南北通透采光不错位于中高层双卫生,245万,18895元/平,高楼层 (共18层) 3室2厅 | 129.67平米 | 南 北,https://s1.ljcdn.com/pegasus/redskull/images/common/default_house_list.png?_v=202410161653269
20241017,房山,城关,101123608504,中国铁建原香漫谷一区 1室1厅 南,59万,12453元/平,低楼层 (共18层) | 2014年 | 1室1厅 | 47.38平米 | 南,https://s1.ljcdn.com/pegasus/redskull/images/common/default_house_list.png?_v=202410161653269
20241017,房山,城关,101122888707,中国铁建原香漫谷一区 2室1厅 南 北,65万,10176元/平,高楼层 (共18层) | 2014年 | 2室1厅 | 63.88平米 | 南 北,https://s1.ljcdn.com/pegasus/redskull/images/common/default_house_list.png?_v=202410161653269
