20240829,延庆,延庆其它,101124801623,龙聚山庄联排别墅装修好拎包入住户型好必看好房,199万,9985元/平,底层 (共3层) 4室2厅 | 199.31平米 | 南 北,https://ke-image.ljcdn.com/110000-inspection/fba1fdd5-4237-4023-ae8f-2eb0652c7dd0_1000.jpg!m_fill,w_280,h_210,f_jpg?from=ke.com
20240829,延庆,延庆其它,101125139241,龙聚山庄 2室1厅 南 北,61万,9295元/平,顶层 (共4层) 2室1厅 | 65.63平米 | 南 北,https://ke-image.ljcdn.com/110000-inspection/0c2b0c28-175c-4f8e-9347-af47c2bbc381_1000.jpg!m_fill,w_280,h_210,f_jpg?from=ke.com
20240829,延庆,延庆其它,101125135132,黄柏寺村 70年产权 商品房  业主诚心出售,23万,5402元/平,中楼层 (共4层) | 2003年 | 1室0厅 | 42.58平米 | 北,https://ke-image.ljcdn.com/110000-inspection/f7317cf8-4956-409b-92f8-805bfda081b5_1000.jpg!m_fill,w_280,h_210,f_jpg?from=ke.com
20240829,延庆,延庆其它,101124984922,本房中间位置 中楼栋 边户 电梯房 70年大产权房主自荐,140万,15573元/平,中楼层 (共9层) 3室1厅 | 89.9平米 | 南 北,https://ke-image.ljcdn.com/110000-inspection/50a56744-f706-4126-84cb-0fabfcb3acb6_1000.jpg!m_fill,w_280,h_210,f_jpg?from=ke.com
20240829,延庆,延庆其它,101124897989,南菜园二区 3室2厅 南 北房主自荐,138万,14579元/平,顶层 (共6层) 3室2厅 | 94.66平米 | 南 北,https://ke-image.ljcdn.com/110000-inspection/bd0cd477-ff93-4752-9fe7-0ed0f4a655ba_1000.jpg!m_fill,w_280,h_210,f_jpg?from=ke.com
20240829,延庆,延庆其它,101124876900,湖南小区 3室2厅 南 北,170万,17429元/平,中楼层 (共5层) 3室2厅 | 97.54平米 | 南 北,https://ke-image.ljcdn.com/110000-inspection/619defa0-7ccd-4c44-bb28-3c098e99f165_1000.jpg!m_fill,w_280,h_210,f_jpg?from=ke.com
20240829,延庆,延庆其它,101124851093,城建万科城 2室1厅 南 北,108万,15289元/平,顶层 (共9层) 2室1厅 | 70.64平米 | 南 北,https://ke-image.ljcdn.com/110000-inspection/a7bccb1c-9c66-43e2-b36f-53511c922c18_1000.jpg!m_fill,w_280,h_210,f_jpg?from=ke.com
20240829,延庆,延庆其它,101124685404,泰安社区 户型方正 布局合理 门面房 产权清晰房主自荐,168万,16489元/平,底层 (共6层) 3室2厅 | 101.89平米 | 南 北,https://ke-image.ljcdn.com/110000-inspection/a57f3565-136d-4b64-8ee4-a9fa7a069a40_1000.jpg!m_fill,w_280,h_210,f_jpg?from=ke.com
20240829,延庆,延庆其它,101124588926,康庄家园 2室1厅 南 北,75万,8523元/平,低楼层 (共6层) 2室1厅 | 88平米 | 南 北,https://ke-image.ljcdn.com/110000-inspection/0e15c2ff-9819-48cc-a356-75b5669a6616_1000.jpg!m_fill,w_280,h_210,f_jpg?from=ke.com
20240829,延庆,延庆其它,101124110364,龙聚山庄 2室1厅 南 北,75万,9135元/平,顶层 (共4层) 2室1厅 | 82.11平米 | 南 北,https://ke-image.ljcdn.com/110000-inspection/5b11cde9-f1ab-4ad7-a0b3-969b2c06fb89_1000.jpg!m_fill,w_280,h_210,f_jpg?from=ke.com
20240829,延庆,延庆其它,101123858051,龙聚山庄龙聚东区 70年产权住宅 2003年建成房主自荐,55万,10567元/平,低楼层 (共3层) | 2003年 | 1室1厅 | 52.05平米 | 东,https://ke-image.ljcdn.com/110000-inspection/6a294222-7ce5-4899-9a18-d1f51b5774d9_1000.jpg!m_fill,w_280,h_210,f_jpg?from=ke.com
20240829,延庆,延庆其它,101123721837,城建万科城 2室2厅 南 北,130万,16862元/平,中楼层 (共8层) 2室2厅 | 77.1平米 | 南 北,https://ke-image.ljcdn.com/110000-inspection/pc1_W0bsro88p.jpg!m_fill,w_280,h_210,f_jpg?from=ke.com
20240829,延庆,延庆其它,101123662124,城建万科城 2室1厅 南 北,125万,16730元/平,高楼层 (共9层) 2室1厅 | 74.72平米 | 南 北,https://ke-image.ljcdn.com/110000-inspection/ff454cfe-8797-42b2-ae1d-49da45cefc59_1000.jpg!m_fill,w_280,h_210,f_jpg?from=ke.com
20240829,延庆,延庆其它,101123458946,黄柏寺村一居室南向70年产权开间房主自荐,32万,7587元/平,中楼层 (共4层) 1室0厅 | 42.18平米 | 南,https://ke-image.ljcdn.com/110000-inspection/4e9ca644-32fa-415e-bd80-62318aa82cd7_1000.jpg!m_fill,w_280,h_210,f_jpg?from=ke.com
20240829,延庆,延庆其它,101123236277,石河营东街 南北通透 出行方便,120万,14257元/平,高楼层 (共6层) 2室1厅 | 84.17平米 | 南 北,https://ke-image.ljcdn.com/110000-inspection/fe42f0c9-5e88-4d8a-bf9f-c4953c909c7a_1000.jpg!m_fill,w_280,h_210,f_jpg?from=ke.com
20240829,延庆,延庆其它,101123220601,颖泽洲社区小区中间  安静不临街 2层 户型方正,263万,22238元/平,中楼层 (共5层) | 2001年 | 3室2厅 | 118.27平米 | 南 北,https://ke-image.ljcdn.com/110000-inspection/c0d2fdbe-a4c4-4a1a-918c-318975e7f5f0_1000.jpg!m_fill,w_280,h_210,f_jpg?from=ke.com
20240829,延庆,延庆其它,101123205173,川北小区 1室1厅 南 北,97万,17163元/平,顶层 (共5层) 1室1厅 | 56.52平米 | 南 北,https://ke-image.ljcdn.com/110000-inspection/56710ba1-c71e-47d3-a59b-ed573bceb46e_1000.jpg!m_fill,w_280,h_210,f_jpg?from=ke.com
20240829,延庆,延庆其它,101123103866,上都首府家园 2室1厅 南 北,229万,23440元/平,中楼层 (共10层) 2室1厅 | 97.7平米 | 南 北,https://ke-image.ljcdn.com/110000-inspection/3d5ab967-43e4-4934-8913-e0a67085c11c_1000.jpg!m_fill,w_280,h_210,f_jpg?from=ke.com
20240829,延庆,延庆其它,101123072434,天成中路1号院-城建万科城电梯全明格局3居急售房主自荐,140万,15142元/平,中楼层 (共9层) 3室1厅 | 92.46平米 | 南 北 东,https://ke-image.ljcdn.com/110000-inspection/762e1073-6c5e-4c6a-9876-5eb1be46c2dc_1000.jpg!m_fill,w_280,h_210,f_jpg?from=ke.com
20240829,延庆,延庆其它,101123042632,70年产权20年内房龄一梯两户配套齐全,115万,10733元/平,低楼层 (共6层) 3室2厅 | 107.15平米 | 南 北,https://ke-image.ljcdn.com/110000-inspection/pc1_AKKLLJZgW_1.jpg!m_fill,w_280,h_210,f_jpg?from=ke.com
20240829,延庆,延庆其它,101122647455,小区名称：*八达岭住宅小区”此房满两年房子在四层房主自荐,113万,10546元/平,中楼层 (共6层) 3室2厅 | 107.15平米 | 南 北,https://ke-image.ljcdn.com/110000-inspection/2dcf30c3-5e64-456d-aeff-297573fee971_1000.jpg!m_fill,w_280,h_210,f_jpg?from=ke.com
20240829,延庆,延庆其它,101122586339,天成家园  不带电梯2室南北朝向精装修采光好,85万,10497元/平,顶层 (共6层) | 2015年 | 2室1厅 | 80.98平米 | 南 北,https://ke-image.ljcdn.com/110000-inspection/a38d1d9f-1351-47be-8fb0-41337a665b53_1000.jpg!m_fill,w_280,h_210,f_jpg?from=ke.com
20240829,延庆,延庆其它,101122572746,川北小区 2室1厅 东 西,95万,14123元/平,顶层 (共5层) 2室1厅 | 67.27平米 | 东 西,https://ke-image.ljcdn.com/110000-inspection/a9c31c65-cdb5-4c14-9304-8d98f64cca3f_1000.jpg!m_fill,w_280,h_210,f_jpg?from=ke.com
20240829,延庆,延庆其它,101122569628,天成中路1号院城建万科城电梯房,150万,16796元/平,低楼层 (共9层) | 2019年 | 3室2厅 | 89.31平米 | 南 北,https://ke-image.ljcdn.com/110000-inspection/b8c96f8c-f799-4e3e-9973-397799c70c23_1000.jpg!m_fill,w_280,h_210,f_jpg?from=ke.com
20240829,延庆,延庆其它,101122383521,电梯房 装修好 南北通透 交通便利 城建万科城,235万,25384元/平,中楼层 (共8层) 3室1厅 | 92.58平米 | 南 北,https://ke-image.ljcdn.com/110000-inspection/76271430-c6c6-4192-addb-f4fa2913fd8c_1000.jpg!m_fill,w_280,h_210,f_jpg?from=ke.com
20240829,延庆,延庆其它,101122354051,城建万科城 2室1厅 南 北,120万,15983元/平,低楼层 (共9层) 2室1厅 | 75.08平米 | 南 北,https://ke-image.ljcdn.com/110000-inspection/14c8d0f4-5359-4293-b949-b73d1b831dd5_1000.jpg!m_fill,w_280,h_210,f_jpg?from=ke.com
20240829,延庆,延庆其它,101122256844,八达岭70年产权一梯两户电梯房南北通透,113万,10546元/平,中楼层 (共6层) 3室1厅 | 107.15平米 | 南 北,https://ke-image.ljcdn.com/110000-inspection/920d6f40-64c0-4067-a2db-1a923b48db53_1000.jpg!m_fill,w_280,h_210,f_jpg?from=ke.com
20240829,延庆,延庆其它,101121842159,70年大产权电梯房5年房龄精装修拎包入住一梯两户,123万,16462元/平,中楼层 (共9层) | 2018年 | 2室2厅 | 74.72平米 | 南 北,https://ke-image.ljcdn.com/110000-inspection/pc1_pFFuRrQMf.jpg!m_fill,w_280,h_210,f_jpg?from=ke.com
20240829,延庆,延庆其它,101121418217,兴隆南街一号院 三层不临街 有租户 预约看房房主自荐,55万,10479元/平,中楼层 (共4层) 2室1厅 | 52.49平米 | 南 北,https://ke-image.ljcdn.com/110000-inspection/8b5dc545-a503-480b-a91e-fa58d9bb932c_1000.jpg!m_fill,w_280,h_210,f_jpg?from=ke.com
20240829,延庆,延庆其它,101121049785,城建万科城 3室2厅 南 北,145万,15768元/平,低楼层 (共8层) 3室2厅 | 91.96平米 | 南 北,https://ke-image.ljcdn.com/110000-inspection/bf65d9cf-996c-4381-af78-5c6a11c019fd_1000.jpg!m_fill,w_280,h_210,f_jpg?from=ke.com
20240829,延庆,延庆其它,101121009134,龙聚山庄   南 北 通 透 两 居,73万,8631元/平,顶层 (共4层) 2室2厅 | 84.58平米 | 南 北,https://ke-image.ljcdn.com/110000-inspection/pc1_79YrA41Tn_1.jpg!m_fill,w_280,h_210,f_jpg?from=ke.com
20240829,延庆,延庆其它,101120924432,龙聚山庄 南北通透 诚 心 出 售,98万,9827元/平,低楼层 (共3层) 3室2厅 | 99.73平米 | 南 北,https://ke-image.ljcdn.com/110000-inspection/pc1_1i0ag7Yem_1.jpg!m_fill,w_280,h_210,f_jpg?from=ke.com
20240829,延庆,延庆其它,101120313451,城建万科城 2室2厅 南 北,110万,15570元/平,顶层 (共9层) 2室2厅 | 70.65平米 | 南 北,https://ke-image.ljcdn.com/110000-inspection/pc1_PsPkcyF2L_1.jpg!m_fill,w_280,h_210,f_jpg?from=ke.com
20240829,延庆,延庆其它,101120211345,城建万科城 2室2厅 南 北,139万,18573元/平,中楼层 (共9层) 2室2厅 | 74.84平米 | 南 北,https://ke-image.ljcdn.com/110000-inspection/pc1_yk1SruemY.jpg!m_fill,w_280,h_210,f_jpg?from=ke.com
20240829,延庆,延庆其它,101120184549,龙聚山庄 可以种菜 一层 环境适宜 70年产权,88万,10718元/平,底层 (共4层) 2室1厅 | 82.11平米 | 南 北,https://ke-image.ljcdn.com/110000-inspection/pc1_ayEkmmVlW_1.jpg!m_fill,w_280,h_210,f_jpg?from=ke.com
20240829,延庆,延庆其它,101119772170,70年产权电梯房精装修万科物业一梯两户,160万,21454元/平,低楼层 (共9层) 2室1厅 | 74.58平米 | 南 北,https://ke-image.ljcdn.com/110000-inspection/pc1_ZqzdDrmxK.jpg!m_fill,w_280,h_210,f_jpg?from=ke.com
20240829,延庆,延庆其它,101119705474,城建万科城 2室1厅 南 北,130万,17253元/平,中楼层 (共9层) 2室1厅 | 75.35平米 | 南 北,https://ke-image.ljcdn.com/110000-inspection/pc1_R1JvFrCCA_1.jpg!m_fill,w_280,h_210,f_jpg?from=ke.com
20240829,延庆,延庆其它,101119407866,龙  ju 山 庄  南 北 通 透 两 居 室,70万,8526元/平,中楼层 (共4层) 2室1厅 | 82.11平米 | 南 北,https://ke-image.ljcdn.com/110000-inspection/pc1_CqQEA1tg1_1.jpg!m_fill,w_280,h_210,f_jpg?from=ke.com
20240829,延庆,延庆其它,101119259784,城建万科城 3室1厅 南 北,195万,21091元/平,高楼层 (共9层) 3室1厅 | 92.46平米 | 南 北,https://ke-image.ljcdn.com/110000-inspection/pc1_NtkwKcA9Q_1.jpg!m_fill,w_280,h_210,f_jpg?from=ke.com
20240829,延庆,延庆其它,101118939197,八达岭住宅小区精装修三居室中间楼层,120万,10868元/平,中楼层 (共5层) | 2004年 | 3室2厅 | 110.42平米 | 南 北,https://ke-image.ljcdn.com/110000-inspection/pc1_0NyH8FTzd_1.jpg!m_fill,w_280,h_210,f_jpg?from=ke.com
20240829,延庆,延庆其它,101118813945,八达岭住宅小区 此房楼层4层视野好南北通透精装,120万,11200元/平,中楼层 (共6层) | 2004年 | 3室2厅 | 107.15平米 | 南 北,https://ke-image.ljcdn.com/110000-inspection/75de752a-9c33-4d77-aedf-6553df85336c_1000.jpg!m_fill,w_280,h_210,f_jpg?from=ke.com
20240829,延庆,延庆其它,101118104857,城建万科城 2室1厅 南,75万,12983元/平,低楼层 (共6层) 2室1厅 | 57.77平米 | 南,https://ke-image.ljcdn.com/110000-inspection/pc1_sO2YiSpSH.jpg!m_fill,w_280,h_210,f_jpg?from=ke.com
20240829,延庆,延庆其它,101117736477,城建万科城 2室2厅 南 北房主自荐,105万,13619元/平,中楼层 (共8层) 2室2厅 | 77.1平米 | 南 北,https://ke-image.ljcdn.com/110000-inspection/pc1_D6TWrc23k_1.jpg!m_fill,w_280,h_210,f_jpg?from=ke.com
20240829,延庆,延庆其它,101117389997,川北小区  2居室 低楼层 配套齐全房主自荐,130万,19326元/平,中楼层 (共5层) 3室1厅 | 67.27平米 | 东 西,https://ke-image.ljcdn.com/110000-inspection/7680408c-509e-4202-9c2e-03ab156f9c2a_1000.jpg!m_fill,w_280,h_210,f_jpg?from=ke.com
20240829,延庆,延庆其它,101116628633,房龄新电梯房精装修门口有公交,113万,15124元/平,低楼层 (共9层) 2室1厅 | 74.72平米 | 南 北,https://ke-image.ljcdn.com/110000-inspection/pc1_6wlaV5EOv_1.jpg!m_fill,w_280,h_210,f_jpg?from=ke.com
20240829,延庆,延庆其它,101125650965,燕水佳园 3室1厅 南 北房主自荐,158万,14055元/平,顶层 (共6层) 3室1厅 | 112.42平米 | 南 北,https://ke-image.ljcdn.com/110000-inspection/pc1_0yha5Imxy_1.jpg!m_fill,w_280,h_210,f_jpg?from=ke.com
20240829,延庆,延庆其它,101125342720,龙聚山庄 3室2厅 南 北,520万,14103元/平,底层 (共2层) 3室2厅 | 368.74平米 | 南 北,https://ke-image.ljcdn.com/110000-inspection/8a1055b8-f80d-494b-91bf-76d1eae3c9bb_1000.jpg!m_fill,w_280,h_210,f_jpg?from=ke.com
20240829,延庆,延庆其它,101125342751,龙聚山庄 6室4厅 南 北,530万,14732元/平,底层 (共3层) 6室4厅 | 359.77平米 | 南 北,https://ke-image.ljcdn.com/110000-inspection/3023d935-fcc3-4a90-b31a-9a347132889f_1000.jpg!m_fill,w_280,h_210,f_jpg?from=ke.com
20240829,延庆,延庆其它,101125240060,城建万科城 3室2厅 南 北,177万,19258元/平,中楼层 (共9层) 3室2厅 | 91.91平米 | 南 北,https://ke-image.ljcdn.com/110000-inspection/pc1_BoBnQeNav_1.jpg!m_fill,w_280,h_210,f_jpg?from=ke.com
20240829,延庆,延庆其它,101125180159,城建万科城北区商品房小区万科物业,160万,21414元/平,高楼层 (共9层) 2室1厅 | 74.72平米 | 南 北,https://ke-image.ljcdn.com/110000-inspection/pc1_wfhHUojet.jpg!m_fill,w_280,h_210,f_jpg?from=ke.com
20240829,延庆,延庆其它,101125153775,城建万科城北区 电梯房  2018年商品房 楼间距,140万,15183元/平,中楼层 (共8层) 3室1厅 | 92.21平米 | 南 北,https://ke-image.ljcdn.com/110000-inspection/pc1_65PIQOrGR.jpg!m_fill,w_280,h_210,f_jpg?from=ke.com
20240829,延庆,延庆其它,101124952312,岔道小区 3室2厅 南 北,90万,8754元/平,高楼层 (共6层) | 1999年 | 3室2厅 | 102.82平米 | 南 北,https://ke-image.ljcdn.com/110000-inspection/3a2f7bbe-4b21-4101-9ab1-401be5d115a9_1000.jpg!m_fill,w_280,h_210,f_jpg?from=ke.com
20240829,延庆,延庆其它,101124810527,龙聚山庄 4室2厅 南 北,1000万,38829元/平,底层 (共2层) 4室2厅 | 257.54平米 | 南 北,https://ke-image.ljcdn.com/110000-inspection/3b51c4ff-7e0f-4c14-b40e-c03c5827a1b9_1000.jpg!m_fill,w_280,h_210,f_jpg?from=ke.com
20240829,延庆,延庆其它,101124748140,城建万科城北区 商品房小区 万科物业,120万,15983元/平,低楼层 (共9层) | 2018年 | 2室1厅 | 75.08平米 | 南 北,https://ke-image.ljcdn.com/110000-inspection/90dc3ad7-fa0f-4084-a4e9-653499e5817d_1000.jpg!m_fill,w_280,h_210,f_jpg?from=ke.com
20240829,延庆,延庆其它,101124734012,城建万科城 精装修 随时签约 靠谱出售 价格能谈,78万,11781元/平,中楼层 (共6层) | 2015年 | 1室1厅 | 66.21平米 | 南,https://ke-image.ljcdn.com/110000-inspection/abd713b3-e3b3-4c33-8fca-39a0bc1882ab_1000.jpg!m_fill,w_280,h_210,f_jpg?from=ke.com
20240829,延庆,延庆其它,101124509830,清凉盛景 4室2厅 南,688万,26586元/平,底层 (共2层) 4室2厅 | 258.79平米 | 南,https://ke-image.ljcdn.com/110000-inspection/3a0f4a71-3aba-42cb-ae86-2a7dc57bb39d_1000.jpg!m_fill,w_280,h_210,f_jpg?from=ke.com
20240829,延庆,延庆其它,101124321161,电梯房可养花和烧烤南北两个露天的大阳台交通方便,198万,12070元/平,高楼层 (共6层) 4室2厅 | 164.05平米 | 南 北,https://ke-image.ljcdn.com/110000-inspection/pc1_FD0QVv5F7_1.jpg!m_fill,w_280,h_210,f_jpg?from=ke.com
20240829,延庆,延庆其它,101124314937,龙庆望都佳园南北通透户型配套设施齐全交通便利,90万,10485元/平,顶层 (共6层) | 2011年 | 2室1厅 | 85.84平米 | 南 北,https://ke-image.ljcdn.com/110000-inspection/0abaff05-371d-414e-8645-aa78fdb9a909_1000.jpg!m_fill,w_280,h_210,f_jpg?from=ke.com
20240829,延庆,延庆其它,101124256323,八达岭住宅小区 3室2厅 南 北,122万,11383元/平,中楼层 (共6层) 3室2厅 | 107.18平米 | 南 北,https://ke-image.ljcdn.com/110000-inspection/11e96262-55d0-493b-abc9-7ec3fa11ca43_1000.jpg!m_fill,w_280,h_210,f_jpg?from=ke.com
20240829,延庆,延庆其它,101124211201,八达岭住宅小区 4室2厅 南 北房主自荐,199万,12135元/平,高楼层 (共6层) 4室2厅 | 164平米 | 南 北,https://ke-image.ljcdn.com/110000-inspection/pc1_ETTVm5Kzd_1.jpg!m_fill,w_280,h_210,f_jpg?from=ke.com
20240829,延庆,延庆其它,101124149412,八达岭住宅小区 4室2厅 南 北,185万,11277元/平,高楼层 (共6层) 4室2厅 | 164.06平米 | 南 北,https://ke-image.ljcdn.com/110000-inspection/7a66d399-0c95-4570-a23a-622455148a26_1000.jpg!m_fill,w_280,h_210,f_jpg?from=ke.com
20240829,延庆,延庆其它,101124147286,次新房电梯房精装修70年产权万科物业,150万,16740元/平,中楼层 (共9层) | 2019年 | 3室1厅 | 89.61平米 | 北 南,https://ke-image.ljcdn.com/110000-inspection/pc1_vJIzUjqCK_1.jpg!m_fill,w_280,h_210,f_jpg?from=ke.com
20240829,延庆,延庆其它,101124146440,上都首府家园 2室2厅 南 北,230万,23353元/平,中楼层 (共10层) 2室2厅 | 98.49平米 | 南 北,https://ke-image.ljcdn.com/110000-inspection/pc1_Ui4l6Ub9t_1.jpg!m_fill,w_280,h_210,f_jpg?from=ke.com
20240829,延庆,延庆其它,101124086413,八达岭山庄独栋别墅大花园看房方便房主自荐,588万,22355元/平,底层 (共2层) 6室3厅 | 263.04平米 | 南 北 东 西,https://ke-image.ljcdn.com/110000-inspection/f5a230c5-197d-4984-89c1-02b40f4a0fb7_1000.jpg!m_fill,w_280,h_210,f_jpg?from=ke.com
20240829,延庆,延庆其它,101123939974,满五年唯一 产权清晰 随时过户,600万,16150元/平,底层 (共2层) 4室3厅 | 371.54平米 | 南 北,https://ke-image.ljcdn.com/110000-inspection/pc1_p6CuuzOkg.jpg!m_fill,w_280,h_210,f_jpg?from=ke.com
20240829,延庆,延庆其它,101123772390,城 建 万 科 城 2019年 南北通透 板楼三居室房主自荐,255万,25223元/平,底层 (共9层) 3室1厅 | 101.1平米 | 南 北,https://ke-image.ljcdn.com/110000-inspection/pc1_vXuG5AMDh.jpg!m_fill,w_280,h_210,f_jpg?from=ke.com
20240829,延庆,延庆其它,101123748584,小区环境干净整洁人群素质高可以养生度假,690万,32358元/平,底层 (共3层) | 2006年 | 3室2厅 | 213.24平米 | 南 西 北,https://ke-image.ljcdn.com/110000-inspection/9d4cc3a2-9300-4cb0-b222-9aac2d77d49f_1000.jpg!m_fill,w_280,h_210,f_jpg?from=ke.com
20240829,延庆,延庆其它,101123744096,清凉盛景 3室2厅 东 南 西 北,700万,32616元/平,底层 (共2层) | 2006年 | 3室2厅 | 214.62平米 | 东 南 西 北,https://ke-image.ljcdn.com/110000-inspection/c6445e38-e57d-4bed-9818-cf6f6c60f00a_1000.jpg!m_fill,w_280,h_210,f_jpg?from=ke.com
20240829,延庆,延庆其它,101123658003,辉煌云上 5室2厅 南 北,750万,25205元/平,底层 (共3层) | 2013年 | 5室2厅 | 297.57平米 | 南 北,https://ke-image.ljcdn.com/110000-inspection/b176ee71-3eda-4d1a-bee4-9e83a12e196c_1000.jpg!m_fill,w_280,h_210,f_jpg?from=ke.com
20240829,延庆,延庆其它,101123402764,城建万科城 2室1厅 南 北,180万,24090元/平,高楼层 (共9层) | 2019年 | 2室1厅 | 74.72平米 | 南 北,https://ke-image.ljcdn.com/110000-inspection/8b30567a-c2b5-46e2-bfc7-611fc1bffe97_1000.jpg!m_fill,w_280,h_210,f_jpg?from=ke.com
20240829,延庆,延庆其它,101123345948,城建万科城房龄新装修好小区环境优美,230万,22836元/平,底层 (共9层) 3室1厅 | 100.72平米 | 南 北,https://ke-image.ljcdn.com/110000-inspection/pc1_mtfrJPFHA_1.jpg!m_fill,w_280,h_210,f_jpg?from=ke.com
20240829,延庆,延庆其它,101123270249,岔道小区 3室1厅 南 北,85万,8725元/平,底层 (共6层) 3室1厅 | 97.43平米 | 南 北,https://ke-image.ljcdn.com/110000-inspection/18a3fd18-1d25-4b7a-8600-3bc81b5fbe19_1000.jpg!m_fill,w_280,h_210,f_jpg?from=ke.com
20240829,延庆,延庆其它,101123256103,龙聚山庄 2室1厅 南 北,110万,13804元/平,底层 (共4层) 2室1厅 | 79.69平米 | 南 北,https://ke-image.ljcdn.com/110000-inspection/5361bef5-dbbb-4fc3-b945-5d994e02bd70_1000.jpg!m_fill,w_280,h_210,f_jpg?from=ke.com
20240829,延庆,延庆其它,101122958294,八达岭住宅小区 3室1厅 南 北,142万,11606元/平,底层 (共6层) 3室1厅 | 122.36平米 | 南 北,https://ke-image.ljcdn.com/110000-inspection/pc1_En7mXxlgU_1.jpg!m_fill,w_280,h_210,f_jpg?from=ke.com
20240829,延庆,延庆其它,101122858610,清凉盛景 4室2厅 南 北,798万,31647元/平,底层 (共2层) 4室2厅 | 252.16平米 | 南 北,https://ke-image.ljcdn.com/110000-inspection/714cfa06-f924-403d-940d-76cc2db81ff8_1000.jpg!m_fill,w_280,h_210,f_jpg?from=ke.com
20240829,延庆,延庆其它,101122383711,城建万科城 1室1厅 南,160万,23530元/平,顶层 (共9层) | 2019年 | 1室1厅 | 68平米 | 南,https://ke-image.ljcdn.com/110000-inspection/pc1_oZhqAvMjC_1.jpg!m_fill,w_280,h_210,f_jpg?from=ke.com
20240829,延庆,延庆其它,101122260492,八达岭山庄 7室2厅 东 南 西 北,618万,26019元/平,底层 (共3层) 7室2厅 | 237.52平米 | 东 南 西 北,https://ke-image.ljcdn.com/110000-inspection/1e17965e-58aa-48e7-a9a5-54d99e2844fa_1000.jpg!m_fill,w_280,h_210,f_jpg?from=ke.com
20240829,延庆,延庆其它,101121578519,岔道小区 精装修 满五唯一 随时签约楼层好 70年大产权,86万,7776元/平,中楼层 (共5层) | 1995年 | 3室1厅 | 110.6平米 | 南 北,https://ke-image.ljcdn.com/110000-inspection/9b86b7ce-735e-46d9-a220-ecf687a5106d_1000.jpg!m_fill,w_280,h_210,f_jpg?from=ke.com
20240829,延庆,延庆其它,101121488849,龙聚山庄户型方正环境优美视野开阔利用率高,615万,16439元/平,底层 (共4层) 6室2厅 | 374.13平米 | 南 北,https://ke-image.ljcdn.com/110000-inspection/79eabfd8-cc77-4415-a770-860ce882839a_1000.jpg!m_fill,w_280,h_210,f_jpg?from=ke.com
20240829,延庆,延庆其它,101120581298,长城脚下别墅区绿化环境优美人文素养高景色宜人,585万,28121元/平,底层 (共3层) | 2006年 | 4室2厅 | 208.03平米 | 北 南,https://ke-image.ljcdn.com/110000-inspection/4403c6ec-4819-42d7-bfdd-4bc2d2010b6d_1000.jpg!m_fill,w_280,h_210,f_jpg?from=ke.com
20240829,延庆,延庆其它,101120580580,清凉盛景小区 纯独栋 被北入户南花园,799万,26817元/平,底层 (共2层) | 2004年 | 3室2厅 | 297.95平米 | 南 北 东 西,https://ke-image.ljcdn.com/110000-inspection/c95f09c5-93e9-4eb7-9673-989f09e323a4_1000.jpg!m_fill,w_280,h_210,f_jpg?from=ke.com
20240829,延庆,延庆其它,101120578070,清凉盛景 3室1厅 南 北,950万,44265元/平,底层 (共2层) | 2006年 | 3室1厅 | 214.62平米 | 南 北,https://ke-image.ljcdn.com/110000-inspection/pc1_8HPsiFvyV_1.jpg!m_fill,w_280,h_210,f_jpg?from=ke.com
20240829,延庆,延庆其它,101120546855,清凉盛景2004年建的独栋别墅,870万,34898元/平,底层 (共2层) 4室2厅 | 249.3平米 | 南 北,https://ke-image.ljcdn.com/110000-inspection/a8a5c479-f63e-4abf-8fe1-933387c784ee_1000.jpg!m_fill,w_280,h_210,f_jpg?from=ke.com
20240829,延庆,延庆其它,101120546148,清凉盛景这套是二期2004年建的独栋别墅,1050万,30660元/平,底层 (共2层) 8室2厅 | 342.47平米 | 南 北,https://ke-image.ljcdn.com/110000-inspection/17638749-f0f6-4083-96b3-561f08e0d9bf_1000.jpg!m_fill,w_280,h_210,f_jpg?from=ke.com
20240829,延庆,延庆其它,101120473535,独栋别墅 花园面积大 位置好 业主诚意卖,650万,14136元/平,底层 (共2层) 5室2厅 | 459.83平米 | 南 北,https://ke-image.ljcdn.com/110000-inspection/pc1_33dMlFCkn_1.jpg!m_fill,w_280,h_210,f_jpg?from=ke.com
20240829,延庆,延庆其它,101120467092,独栋别墅 花园面积330平左右 客厅高挑空 有阳台,699万,15402元/平,底层 (共2层) 6室3厅 | 453.86平米 | 南 北,https://ke-image.ljcdn.com/110000-inspection/pc1_aAA8eCz5H_1.jpg!m_fill,w_280,h_210,f_jpg?from=ke.com
20240829,延庆,延庆其它,101120465143,独栋别墅 精装修 花园面积大 位置好 业主诚意卖,650万,16109元/平,底层 (共3层) 6室2厅 | 403.51平米 | 南 北,https://ke-image.ljcdn.com/110000-inspection/pc1_BRyfb1wI2_1.jpg!m_fill,w_280,h_210,f_jpg?from=ke.com
20240829,延庆,延庆其它,101120333711,城建万科城 2室2厅 南 北,138万,18469元/平,中楼层 (共9层) 2室2厅 | 74.72平米 | 南 北,https://ke-image.ljcdn.com/110000-inspection/5281cf9b-5cf7-410e-bd24-cfac56bf3215_1000.jpg!m_fill,w_280,h_210,f_jpg?from=ke.com
20240829,延庆,延庆其它,101119848819,清凉盛景 4室3厅 东 南 西 北,780万,20994元/平,顶层 (共2层) | 2005年 | 4室3厅 | 371.54平米 | 东 南 西 北,https://ke-image.ljcdn.com/110000-inspection/pc1_NOFLujPmY.jpg!m_fill,w_280,h_210,f_jpg?from=ke.com
20240829,延庆,延庆其它,101119801942,八达岭山庄、独栋别墅景观好、精装修拎包入住,520万,27451元/平,底层 (共2层) 4室2厅 | 189.43平米 | 南 北,https://ke-image.ljcdn.com/110000-inspection/pc1_x6JH9IJyN_1.jpg!m_fill,w_280,h_210,f_jpg?from=ke.com
20240829,延庆,延庆其它,101119682514,燕水佳园 2室2厅 南 北,155万,17444元/平,中楼层 (共4层) 2室2厅 | 88.86平米 | 南 北,https://ke-image.ljcdn.com/110000-inspection/pc1_1qltmn1WI.jpg!m_fill,w_280,h_210,f_jpg?from=ke.com
20240829,延庆,延庆其它,101119543702,八达岭山庄独栋别墅景观好！,900万,31598元/平,底层 (共2层) 4室2厅 | 284.83平米 | 南 北,https://ke-image.ljcdn.com/110000-inspection/pc1_gesH8LVlJ_1.jpg!m_fill,w_280,h_210,f_jpg?from=ke.com
20240829,延庆,延庆其它,101119402277,岔道小区南北双通透格局好2层能直达德胜门,106万,10310元/平,低楼层 (共6层) | 1998年 | 3室2厅 | 102.82平米 | 南 北,https://ke-image.ljcdn.com/110000-inspection/97208bb5-b5ad-447a-8154-41c8523d59a5_1000.jpg!m_fill,w_280,h_210,f_jpg?from=ke.com
20240829,延庆,延庆其它,101119343894,八达岭山庄 精装修独栋别墅 占地面积大房主自荐,686万,31510元/平,底层 (共2层) 4室4厅 | 217.71平米 | 南 北,https://ke-image.ljcdn.com/110000-inspection/pc1_Oatucsk2V_1.jpg!m_fill,w_280,h_210,f_jpg?from=ke.com
20240829,延庆,延庆其它,101119199976,龙聚山庄龙聚东区大院300精装修,600万,21755元/平,底层 (共3层) 6室2厅 | 275.8平米 | 南 北,https://ke-image.ljcdn.com/110000-inspection/pc1_5GIRzugpr.jpg!m_fill,w_280,h_210,f_jpg?from=ke.com
20240829,延庆,延庆其它,101118520118,独栋别墅 龙聚山庄 精装修 花园面积200以上 集中供暖,979万,18799元/平,底层 (共3层) 9室2厅 | 520.79平米 | 东 南 西 北,https://ke-image.ljcdn.com/110000-inspection/pc1_VQHBqxIrQ_1.jpg!m_fill,w_280,h_210,f_jpg?from=ke.com
20240829,延庆,延庆其它,101118374324,独栋别墅龙聚山庄6室2厅精装修花园面积300,600万,16469元/平,底层 (共2层) 6室2厅 | 364.33平米 | 南 北,https://ke-image.ljcdn.com/110000-inspection/pc1_ScafCkWwA_1.jpg!m_fill,w_280,h_210,f_jpg?from=ke.com
20240829,延庆,延庆其它,101117259880,城建万科城 3室1厅 南 北,160万,17868元/平,高楼层 (共9层) | 2019年 | 3室1厅 | 89.55平米 | 南 北,https://ke-image.ljcdn.com/110000-inspection/pc1_lOuok0BJQ.jpg!m_fill,w_280,h_210,f_jpg?from=ke.com
20240829,延庆,延庆其它,101116739295,独栋别墅 独门独户、龙聚山庄 7居室 精装修拎包入住,780万,15275元/平,底层 (共3层) | 2006年 | 7室1厅 | 510.66平米 | 南 北,https://ke-image.ljcdn.com/110000-inspection/pc1_LKnfh4gEU_1.jpg!m_fill,w_280,h_210,f_jpg?from=ke.com
20240829,延庆,延庆其它,101115214167,交通便利一层大三居户型单价一万一,125万,11792元/平,底层 (共5层) | 1993年 | 3室1厅 | 106.01平米 | 南 北,https://ke-image.ljcdn.com/110000-inspection/4ad2b351-70f7-4321-a184-2ddf25277bef_1000.jpg!m_fill,w_280,h_210,f_jpg?from=ke.com
20240829,延庆,延庆其它,101126153675,城建万科城 3室1厅 南 北新上,158万,17629元/平,中楼层 (共9层) 3室1厅 | 89.63平米 | 南 北,https://s1.ljcdn.com/pegasus/redskull/images/common/default_house_list.png?_v=20240826145726
20240829,延庆,延庆其它,101126152162,城建万科城 3室2厅 南 北新上,170万,18967元/平,低楼层 (共9层) | 2019年 | 3室2厅 | 89.63平米 | 南 北,https://s1.ljcdn.com/pegasus/redskull/images/common/default_house_list.png?_v=20240826145726
20240829,延庆,延庆其它,101126024671,上都首府家园 2室1厅 南 北,208万,20755元/平,底层 (共10层) 2室1厅 | 100.22平米 | 南 北,https://s1.ljcdn.com/pegasus/redskull/images/common/default_house_list.png?_v=20240826145726
20240829,延庆,延庆其它,101126024298,城建万科城 2室1厅 南 北,105万,12905元/平,底层 (共6层) | 2015年 | 2室1厅 | 81.37平米 | 南 北,https://s1.ljcdn.com/pegasus/redskull/images/common/default_house_list.png?_v=20240826145726
20240829,延庆,延庆其它,101125996778,黄柏寺村 1室0厅 南,25万,5872元/平,中楼层 (共4层) 1室0厅 | 42.58平米 | 南,https://s1.ljcdn.com/pegasus/redskull/images/common/default_house_list.png?_v=20240826145726
20240829,延庆,延庆其它,101125942419,格兰山水二期北区 1室1厅 南,118万,23530元/平,中楼层 (共9层) 1室1厅 | 50.15平米 | 南,https://s1.ljcdn.com/pegasus/redskull/images/common/default_house_list.png?_v=20240826145726
20240829,延庆,延庆其它,101125885499,湖南小区满五唯一随时可签交通便利。,110万,21029元/平,中楼层 (共5层) 2室1厅 | 52.31平米 | 南,https://s1.ljcdn.com/pegasus/redskull/images/common/default_house_list.png?_v=20240826145726
20240829,延庆,延庆其它,101125879540,龙聚山庄 3室1厅 南 北,100万,9532元/平,中楼层 (共4层) 3室1厅 | 104.92平米 | 南 北,https://s1.ljcdn.com/pegasus/redskull/images/common/default_house_list.png?_v=20240826145726
20240829,延庆,延庆其它,101125821567,高塔小区 2室1厅 南 北,135万,19501元/平,顶层 (共6层) 2室1厅 | 69.23平米 | 南 北,https://s1.ljcdn.com/pegasus/redskull/images/common/default_house_list.png?_v=20240826145726
20240829,延庆,延庆其它,101125806586,龙聚山庄 2室1厅 南房主自荐,63万,9600元/平,顶层 (共4层) 2室1厅 | 65.63平米 | 南,https://s1.ljcdn.com/pegasus/redskull/images/common/default_house_list.png?_v=20240826145726
20240829,延庆,延庆其它,101125769007,城建万科城 2室1厅 南 北,125万,16730元/平,中楼层 (共9层) | 2019年 | 2室1厅 | 74.72平米 | 南 北,https://s1.ljcdn.com/pegasus/redskull/images/common/default_house_list.png?_v=20240826145726
20240829,延庆,延庆其它,101125691736,龙聚山庄龙聚东区精装修独栋大花园,700万,17426元/平,底层 (共2层) 8室4厅 | 401.7平米 | 南 北,https://s1.ljcdn.com/pegasus/redskull/images/common/default_house_list.png?_v=20240826145726
20240829,延庆,延庆其它,101125657830,城建万科城 2室1厅 南 北,145万,18807元/平,中楼层 (共8层) | 2019年 | 2室1厅 | 77.1平米 | 南 北,https://s1.ljcdn.com/pegasus/redskull/images/common/default_house_list.png?_v=20240826145726
20240829,延庆,延庆其它,101125640827,龙聚山庄 2室2厅 北 南,88万,10405元/平,中楼层 (共5层) 2室2厅 | 84.58平米 | 北 南,https://s1.ljcdn.com/pegasus/redskull/images/common/default_house_list.png?_v=20240826145726
20240829,延庆,延庆其它,101124815218,京源著新房顶层复式精装修拎包入住,308万,34638元/平,顶层 (共8层) 3室2厅 | 88.92平米 | 南 北,https://s1.ljcdn.com/pegasus/redskull/images/common/default_house_list.png?_v=20240826145726
20240829,延庆,延庆其它,101124801338,岔道小区 5-6层复式 保养好 直接入住,198万,10388元/平,中楼层 (共7层) 5室2厅 | 190.62平米 | 南 北,https://s1.ljcdn.com/pegasus/redskull/images/common/default_house_list.png?_v=20240826145726
20240829,延庆,延庆其它,101120473257,双拼 龙聚山庄 毛坯 位置好 业主诚意出售,420万,15018元/平,底层 (共2层) 4室2厅 | 279.67平米 | 南 北,https://s1.ljcdn.com/pegasus/redskull/images/common/default_house_list.png?_v=20240826145726
20240829,延庆,延庆其它,101118023853,岔道小区 5室2厅 南 北,230万,12284元/平,顶层 (共7层) | 2004年 | 5室2厅 | 187.25平米 | 南 北,https://ke-image.ljcdn.com/110000-inspection/85da9b70-3ad6-4372-9490-450b6a4d370e.png!m_fill,w_280,h_210,f_jpg?from=ke.com
