20241021,丰台,十里河,101126970518,商品房本 看房随时 业主诚意卖必看好房,205万,36864元/平,底层 (共28层) | 2021年 | 1室1厅 | 55.61平米 | 南,https://ke-image.ljcdn.com/110000-inspection/b1ecf15b-06dc-404f-9355-157b10469522_1000.jpg!m_fill,w_280,h_210,f_jpg?from=ke.com
20241021,丰台,十里河,101126940497,建工家园  满五唯一  临近公园必看好房,530万,49427元/平,中楼层 (共21层) | 2008年 | 2室1厅 | 107.23平米 | 南,https://ke-image.ljcdn.com/110000-inspection/2f573e7f-81c8-4720-9d1f-af6c6612e1c2_1000.jpg!m_fill,w_280,h_210,f_jpg?from=ke.com
20241021,丰台,十里河,101126857571,周家庄中路20号院 南向 车位充足17号线周家庄站必看好房,205万,36878元/平,底层 (共28层) 1室1厅 | 55.59平米 | 南,https://ke-image.ljcdn.com/110000-inspection/097bbd4a-5543-4fab-9b79-47180bdae0c5_1000.jpg!m_fill,w_280,h_210,f_jpg?from=ke.com
20241021,丰台,十里河,101126779204,临近17号线 南北通透 无遮挡必看好房,434万,49369元/平,中楼层 (共6层) 2室1厅 | 87.91平米 | 南 北,https://ke-image.ljcdn.com/110000-inspection/pc1_ZcTFaFdte_1.jpg!m_fill,w_280,h_210,f_jpg?from=ke.com
20241021,丰台,十里河,101126664344,高楼层视野好 2015年新小区 全南向 夏天可通透必看好房,211万,37478元/平,高楼层 (共28层) | 2014年 | 1室1厅 | 56.3平米 | 南,https://ke-image.ljcdn.com/110000-inspection/a102b8eb-85ba-460a-9343-886fe09cfddf_1000.jpg!m_fill,w_280,h_210,f_jpg?from=ke.com
20241021,丰台,十里河,101126721582,周家庄中路19号院 南北通透三居 高楼层视野好必看好房,660万,51875元/平,高楼层 (共14层) | 2014年 | 3室2厅 | 127.23平米 | 南 北,https://ke-image.ljcdn.com/110000-inspection/58d24395-ba01-4d4a-af6e-d5fa588db0dc_1000.jpg!m_fill,w_280,h_210,f_jpg?from=ke.com
20241021,丰台,十里河,101126585002,边户 采光好 满五年唯一 南北通透必看好房,202万,42189元/平,中楼层 (共6层) 1室1厅 | 47.88平米 | 南 北,https://ke-image.ljcdn.com/110000-inspection/460487ca-70a8-41c8-a954-3a13808bfb52_1000.jpg!m_fill,w_280,h_210,f_jpg?from=ke.com
20241021,丰台,十里河,101126552041,周家庄中路18号院 2015年建成  次新房必看好房,208万,36945元/平,高楼层 (共28层) | 2014年 | 1室1厅 | 56.3平米 | 南,https://ke-image.ljcdn.com/110000-inspection/a0a1bc56-8aed-41bf-81bf-cd576c788402_1000.jpg!m_fill,w_280,h_210,f_jpg?from=ke.com
20241021,丰台,十里河,101126338297,周家庄中路19号院 1室1厅 南必看好房,228万,40986元/平,中楼层 (共28层) | 2014年 | 1室1厅 | 55.63平米 | 南,https://ke-image.ljcdn.com/110000-inspection/aa640394-8384-49e3-8291-4ec5af37911d_1000.jpg!m_fill,w_280,h_210,f_jpg?from=ke.com
20241021,丰台,十里河,101126169463,周庄优质一居 客厅L形东南角窗户采光更好必看好房,208万,36945元/平,中楼层 (共28层) | 2014年 | 1室1厅 | 56.3平米 | 南,https://ke-image.ljcdn.com/110000-inspection/960686de-6259-48a1-91e7-e49e468e801c_1000.jpg!m_fill,w_280,h_210,f_jpg?from=ke.com
20241021,丰台,十里河,101126160915,此房满五年唯一商品房精装小格局楼层好诚意出售,288万,53592元/平,底层 (共6层) 2室1厅 | 53.74平米 | 西 北,https://ke-image.ljcdn.com/110000-inspection/50b47171-b956-4105-9caa-7b4d94c45ac4_1000.jpg!m_fill,w_280,h_210,f_jpg?from=ke.com
20241021,丰台,十里河,101126156861,山水文园五期   南北通透  精装两居室  景观房房主自荐,1110万,80517元/平,高楼层 (共7层) 2室2厅 | 137.86平米 | 南 北,https://ke-image.ljcdn.com/110000-inspection/feaed73d-c84e-40be-9d0b-882ea9f6437e_1000.jpg!m_fill,w_280,h_210,f_jpg?from=ke.com
20241021,丰台,十里河,101125621317,周家庄中路19号院  中高层 不临街 南北通透必看好房,480万,51354元/平,高楼层 (共28层) | 2014年 | 2室2厅 | 93.47平米 | 南 北,https://ke-image.ljcdn.com/110000-inspection/23070ddd-0cc3-487f-9011-8336078b7d7f_1000.jpg!m_fill,w_280,h_210,f_jpg?from=ke.com
20241021,丰台,十里河,101125455192,中间楼层南向正规一居室 带阳台 近地铁 两梯四户必看好房,229万,40967元/平,中楼层 (共28层) | 2021年 | 1室1厅 | 55.9平米 | 南,https://ke-image.ljcdn.com/110000-inspection/ac940532-ba9b-4652-8e8c-3a8834163e25_1000.jpg!m_fill,w_280,h_210,f_jpg?from=ke.com
20241021,丰台,十里河,101125162242,19号院南北通透 中间楼层 无遮挡  大客厅 急售必看好房,388万,43699元/平,中楼层 (共28层) | 2014年 | 2室2厅 | 88.79平米 | 南 西 北,https://ke-image.ljcdn.com/110000-inspection/95e8a788-b8b2-45a5-a027-db3e530c0b06_1000.jpg!m_fill,w_280,h_210,f_jpg?from=ke.com
20241021,丰台,十里河,101124927449,周家庄中路20号院 次顶层 南向一居室 视野开阔必看好房,212万,38027元/平,高楼层 (共28层) | 2021年 | 1室1厅 | 55.75平米 | 南,https://ke-image.ljcdn.com/110000-inspection/5566fd4f-2ec6-4c94-8e1d-0ea9ee9dea2e_1000.jpg!m_fill,w_280,h_210,f_jpg?from=ke.com
20241021,丰台,十里河,101123653268,吕营嘉园C区 南北通透两居 采光充足必看好房,309万,33860元/平,顶层 (共6层) 2室1厅 | 91.26平米 | 南 北,https://ke-image.ljcdn.com/110000-inspection/pc1_8qO75a0sZ.jpg!m_fill,w_280,h_210,f_jpg?from=ke.com
20241021,丰台,十里河,101123559337,吕营嘉园C区 不临街一居 诚心出售,230万,42156元/平,底层 (共6层) 1室1厅 | 54.56平米 | 西 北,https://ke-image.ljcdn.com/110000-inspection/pc1_C4e913Llw_1.jpg!m_fill,w_280,h_210,f_jpg?from=ke.com
20241021,丰台,十里河,101119468360,山水文园三期前后不临街东南北4居室 视野景观好,2150万,86996元/平,中楼层 (共9层) 4室2厅 | 247.14平米 | 东 东南 南 北,https://ke-image.ljcdn.com/110000-inspection/e1cd2bf5-cffb-44df-a35c-29671dca7976_1000.jpg!m_fill,w_280,h_210,f_jpg?from=ke.com
20241021,丰台,十里河,101122669688,山水文园东园  独梯独户 边户三面观景  房屋保养如新必看好房,2450万,88522元/平,中楼层 (共12层) 4室2厅 | 276.77平米 | 东 南 北,https://ke-image.ljcdn.com/110000-inspection/346249ff-d884-48ef-b30c-7b6f0f705305_1000.jpg!m_fill,w_280,h_210,f_jpg?from=ke.com
20241021,丰台,十里河,101122044968,建工家园 南北通透2居 洋房板楼一梯2户 双卫双厅,598万,51481元/平,高楼层 (共11层) | 2008年 | 2室2厅 | 116.16平米 | 南 北,https://ke-image.ljcdn.com/110000-inspection/c47789d7-c1c3-4817-a3ff-274b3127a76a_1000.jpg!m_fill,w_280,h_210,f_jpg?from=ke.com
20241021,丰台,十里河,101121969947,吕营嘉园C区 南北通透一居 诚心出售,230万,40316元/平,高楼层 (共6层) | 2008年 | 1室1厅 | 57.05平米 | 南 北,https://ke-image.ljcdn.com/110000-inspection/41b1d61a-c606-431c-8c02-91462c0a3e32_1000.jpg!m_fill,w_280,h_210,f_jpg?from=ke.com
20241021,丰台,十里河,101127033734,周家庄中路19号院 1室1厅 南,240万,43004元/平,顶层 (共25层) 1室1厅 | 55.81平米 | 南,https://ke-image.ljcdn.com/110000-inspection/6d5ce8ce-738c-4376-b178-3aca54bd746a_1000.jpg!m_fill,w_280,h_210,f_jpg?from=ke.com
20241021,丰台,十里河,101127003280,周家庄中路19号院 2室2厅 南 北,475万,51147元/平,中楼层 (共28层) | 2014年 | 2室2厅 | 92.87平米 | 南 北,https://ke-image.ljcdn.com/110000-inspection/0e0d9daa-4513-4131-929b-7b1917178204_1000.jpg!m_fill,w_280,h_210,f_jpg?from=ke.com
20241021,丰台,十里河,101127001479,吕营嘉园A区 1室1厅 南 北,300万,51547元/平,低楼层 (共6层) 1室1厅 | 58.2平米 | 南 北,https://ke-image.ljcdn.com/110000-inspection/pc1_eVkr4cvWK.jpg!m_fill,w_280,h_210,f_jpg?from=ke.com
20241021,丰台,十里河,101126987146,17号线 周家庄中路18号院 全南向一居室,218万,38722元/平,中楼层 (共28层) | 2014年 | 1室1厅 | 56.3平米 | 南,https://ke-image.ljcdn.com/110000-inspection/059320ee-5816-41e1-a402-0b783c45caed_1000.jpg!m_fill,w_280,h_210,f_jpg?from=ke.com
20241021,丰台,十里河,101126730854,周家庄中路20号院东南北通透两居室不临街,420万,47652元/平,底层 (共28层) | 2018年 | 2室2厅 | 88.14平米 | 北 南,https://ke-image.ljcdn.com/110000-inspection/bf6e2fd5-1828-421d-9505-a0379189e67d_1000.jpg!m_fill,w_280,h_210,f_jpg?from=ke.com
20241021,丰台,十里河,101126729208,周家庄中路19号院 3室2厅 南 北,635万,52281元/平,低楼层 (共18层) 3室2厅 | 121.46平米 | 南 北,https://ke-image.ljcdn.com/110000-inspection/06c9d116-ca9e-437f-ac02-bae95c4a674f_1000.jpg!m_fill,w_280,h_210,f_jpg?from=ke.com
20241021,丰台,十里河,101126714875,周庄嘉园东里C区 东南向一居室双阳台 商品房房主自荐,315万,58076元/平,高楼层 (共6层) 1室1厅 | 54.24平米 | 东南,https://ke-image.ljcdn.com/110000-inspection/21eaad78-c1ae-4647-a7bf-5a70d3c6a949_1000.jpg!m_fill,w_280,h_210,f_jpg?from=ke.com
20241021,丰台,十里河,101126648017,周家庄中路19号院 2室1厅 东 南 北,440万,49556元/平,低楼层 (共28层) | 2014年 | 2室1厅 | 88.79平米 | 东 南 北,https://ke-image.ljcdn.com/110000-inspection/597be15c-283e-4bc0-be42-5833823335f5_1000.jpg!m_fill,w_280,h_210,f_jpg?from=ke.com
20241021,丰台,十里河,101126647959,周家庄中路19号院 2室1厅 西 南 北,420万,47149元/平,高楼层 (共24层) 2室1厅 | 89.08平米 | 西 南 北,https://ke-image.ljcdn.com/110000-inspection/6b098b39-c3d8-4b33-aca2-ca74177ebf13_1000.jpg!m_fill,w_280,h_210,f_jpg?from=ke.com
20241021,丰台,十里河,101126563948,西南北三面采光 中间观景层 自住保养好房主自荐,1180万,88702元/平,低楼层 (共9层) 3室1厅 | 133.03平米 | 南 北 西,https://ke-image.ljcdn.com/110000-inspection/ae4b1a18-8966-4393-86fa-e929bf460bba_1000.jpg!m_fill,w_280,h_210,f_jpg?from=ke.com
20241021,丰台,十里河,101126515784,13年新小区小区中间位置前后不临街采光充足,245万,43394元/平,中楼层 (共25层) 1室1厅 | 56.46平米 | 南,https://ke-image.ljcdn.com/110000-inspection/51e56248-127c-4ca5-a86c-0c4d09867657_1000.jpg!m_fill,w_280,h_210,f_jpg?from=ke.com
20241021,丰台,十里河,101126501771,周家庄中路19号院 少有三居室南北通透 全明格局,640万,52576元/平,低楼层 (共18层) 3室2厅 | 121.73平米 | 南 北,https://ke-image.ljcdn.com/110000-inspection/b8aa957a-7b9b-4385-a604-a671e43b8547_1000.jpg!m_fill,w_280,h_210,f_jpg?from=ke.com
20241021,丰台,十里河,101126417951,南北通透两居层高四米居住舒适近地铁出行方便,386万,43705元/平,顶层 (共5层) 2室1厅 | 88.32平米 | 南 北,https://ke-image.ljcdn.com/110000-inspection/pc1_6ddGINSR6.jpg!m_fill,w_280,h_210,f_jpg?from=ke.com
20241021,丰台,十里河,101126373611,吕营嘉园近国贸近十里河近方庄近宋家庄。,435万,49086元/平,低楼层 (共6层) | 2008年 | 2室1厅 | 88.62平米 | 南 北,https://ke-image.ljcdn.com/110000-inspection/pc1_LrTYH24AO_1.jpg!m_fill,w_280,h_210,f_jpg?from=ke.com
20241021,丰台,十里河,101126293002,三线地铁交汇 十里河 周庄嘉园东里C区 南北向两居,468万,51949元/平,高楼层 (共6层) 2室2厅 | 90.09平米 | 南 北,https://ke-image.ljcdn.com/110000-inspection/94a407c2-db09-41b0-a2a9-5340f2647020_1000.jpg!m_fill,w_280,h_210,f_jpg?from=ke.com
20241021,丰台,十里河,101126287324,此房南北通透户型中高楼层采光观景棒楼栋位置佳,960万,81034元/平,中楼层 (共9层) 2室2厅 | 118.47平米 | 南 北,https://ke-image.ljcdn.com/110000-inspection/1a326e3c-9e62-4cc1-a16a-debb6236ef65_1000.jpg!m_fill,w_280,h_210,f_jpg?from=ke.com
20241021,丰台,十里河,101126281786,山水文园五期  一梯一户  观湖大平层四居室,2350万,82657元/平,高楼层 (共12层) 4室2厅 | 284.31平米 | 东 南 北,https://ke-image.ljcdn.com/110000-inspection/b8fbbc1a-f954-477a-97ab-451db28a61fe_1000.jpg!m_fill,w_280,h_210,f_jpg?from=ke.com
20241021,丰台,十里河,101126214174,周家庄中路20号院 1室1厅 南,219万,39178元/平,高楼层 (共28层) 1室1厅 | 55.9平米 | 南,https://ke-image.ljcdn.com/110000-inspection/2329c7a7-0151-4cba-b620-a5f1c6f8718b_1000.jpg!m_fill,w_280,h_210,f_jpg?from=ke.com
20241021,丰台,十里河,101126204934,周家庄中路19号院落地飘窗南北通透精装修拎包住房主自荐,480万,51354元/平,顶层 (共28层) | 2014年 | 2室1厅 | 93.47平米 | 南 北,https://ke-image.ljcdn.com/110000-inspection/76a3af30-8e3d-4ba2-a095-2ff38fc35739_1000.jpg!m_fill,w_280,h_210,f_jpg?from=ke.com
20241021,丰台,十里河,101126131265,吕营嘉园C区中楼层客厅卧室双南向,255万,43568元/平,中楼层 (共6层) 1室1厅 | 58.53平米 | 南 北,https://ke-image.ljcdn.com/110000-inspection/25359a0d-5207-4bd7-abf8-f7110348c640_1000.jpg!m_fill,w_280,h_210,f_jpg?from=ke.com
20241021,丰台,十里河,101126026702,周家庄中路18号院 优质中高层 南向双阳台 带飘窗,210万,37400元/平,高楼层 (共28层) | 2014年 | 1室1厅 | 56.15平米 | 南,https://ke-image.ljcdn.com/110000-inspection/884c0310-bd81-45d5-beac-8bdf9fce5cd0_1000.jpg!m_fill,w_280,h_210,f_jpg?from=ke.com
20241021,丰台,十里河,101126010682,周家庄中路18号院,225万,40072元/平,高楼层 (共28层) | 2014年 | 1室1厅 | 56.15平米 | 南,https://ke-image.ljcdn.com/110000-inspection/8ec70a2f-33e6-4fb2-bdb4-73ee3d6f721f_1000.jpg!m_fill,w_280,h_210,f_jpg?from=ke.com
20241021,丰台,十里河,101126004077,周家庄中路19号院 南北双通透 视野好 电梯次新房,472万,50677元/平,高楼层 (共28层) | 2014年 | 2室1厅 | 93.14平米 | 南 北,https://ke-image.ljcdn.com/110000-inspection/97c16140-956b-4c52-868e-93d467b1786e_1000.jpg!m_fill,w_280,h_210,f_jpg?from=ke.com
20241021,丰台,十里河,101125946053,周家庄中路19号院周家庄中路19号院 南北双通透,609万,50394元/平,底层 (共18层) 3室1厅 | 120.85平米 | 南 北,https://ke-image.ljcdn.com/110000-inspection/54c070bd-49d4-445e-afd3-f77126cb2173_1000.jpg!m_fill,w_280,h_210,f_jpg?from=ke.com
20241021,丰台,十里河,101125857708,前后不临街高层方正一居 地铁17号线 2015年房,210万,44090元/平,高楼层 (共16层) | 2014年 | 1室1厅 | 47.63平米 | 南,https://ke-image.ljcdn.com/110000-inspection/5f5a72d8-625e-43ca-bfa0-4ce4e26f3de4_1000.jpg!m_fill,w_280,h_210,f_jpg?from=ke.com
20241021,丰台,十里河,101125791124,吕营嘉园C区 2室1厅 南 北,268万,46536元/平,低楼层 (共6层) 2室1厅 | 57.59平米 | 南 北,https://ke-image.ljcdn.com/110000-inspection/72fe0280-e6aa-43f3-9c5b-dec3d242dae9_1000.jpg!m_fill,w_280,h_210,f_jpg?from=ke.com
20241021,丰台,十里河,101125771326,山水三期新上精致两居室户型设计很棒！！！,1000万,83739元/平,低楼层 (共9层) 2室2厅 | 119.42平米 | 南 北,https://ke-image.ljcdn.com/110000-inspection/3fddc4c3-0ce1-47d4-86ea-d7d1b8f7349c_1000.jpg!m_fill,w_280,h_210,f_jpg?from=ke.com
20241021,丰台,十里河,101125698189,15年社区  商品房 带电梯南向一居,320万,57348元/平,中楼层 (共24层) 1室1厅 | 55.8平米 | 南,https://ke-image.ljcdn.com/110000-inspection/700bbffc-867a-43e1-8173-3073ba7f62a5_1000.jpg!m_fill,w_280,h_210,f_jpg?from=ke.com
20241021,丰台,十里河,101125666558,东南北三面采光 保养好 视野好 满五年,1295万,96190元/平,中楼层 (共9层) 3室2厅 | 134.63平米 | 东 南 北,https://ke-image.ljcdn.com/110000-inspection/c59cb3e6-a8a8-4f66-8e3a-5cc48eb65937_1000.jpg!m_fill,w_280,h_210,f_jpg?from=ke.com
20241021,丰台,十里河,101125614892,周家庄中路19号院南北通透两居室,475万,53353元/平,中楼层 (共27层) | 2014年 | 2室1厅 | 89.03平米 | 西南 北,https://ke-image.ljcdn.com/110000-inspection/914833b6-56dc-42bd-82e2-400f3564e291_1000.jpg!m_fill,w_280,h_210,f_jpg?from=ke.com
20241021,丰台,十里河,101125533196,周家庄中路19号院正规一居室朝南,205万,41574元/平,低楼层 (共18层) | 2014年 | 1室1厅 | 49.31平米 | 南,https://ke-image.ljcdn.com/110000-inspection/d558d5c2-eaf8-4b7d-b799-5995e748999d_1000.jpg!m_fill,w_280,h_210,f_jpg?from=ke.com
20241021,丰台,十里河,101125453847,近地铁17号线周家庄站 南向一居 户型方正无浪费,215万,45302元/平,中楼层 (共18层) | 2021年 | 1室1厅 | 47.46平米 | 南,https://ke-image.ljcdn.com/110000-inspection/138822d4-08d8-40b7-8f0b-a8b7561dc9a0_1000.jpg!m_fill,w_280,h_210,f_jpg?from=ke.com
20241021,丰台,十里河,101125446525,观筑庭园 3室2厅 南 北,660万,46460元/平,高楼层 (共10层) | 2005年 | 3室2厅 | 142.06平米 | 南 北,https://ke-image.ljcdn.com/110000-inspection/a2e4f98a-3d68-4fe0-8a3e-9fa73dd93eda_1000.jpg!m_fill,w_280,h_210,f_jpg?from=ke.com
20241021,丰台,十里河,101125382399,周家庄中路20号院中间层南向一居室客厅双面窗,225万,39627元/平,中楼层 (共25层) 1室1厅 | 56.78平米 | 南,https://ke-image.ljcdn.com/110000-inspection/523b83b1-c9cc-4f36-afac-fbd0bcd86f2a_1000.jpg!m_fill,w_280,h_210,f_jpg?from=ke.com
20241021,丰台,十里河,101125345538,周家庄中路18号院 两居室南北通透高楼层视野好,480万,51764元/平,中楼层 (共28层) | 2014年 | 2室2厅 | 92.73平米 | 南 北,https://ke-image.ljcdn.com/110000-inspection/628dc797-fbd0-4a28-8dbf-f7cb743cdc75_1000.jpg!m_fill,w_280,h_210,f_jpg?from=ke.com
20241021,丰台,十里河,101125176152,吕营嘉园A区  精装修 朝阳区 四环内,298万,51836元/平,中楼层 (共6层) 1室1厅 | 57.49平米 | 南 北,https://ke-image.ljcdn.com/110000-inspection/d40c2f17-409b-4f6a-8ecd-1069d9ebbf89_1000.jpg!m_fill,w_280,h_210,f_jpg?from=ke.com
20241021,丰台,十里河,101124936279,精装新 南向采光好 户型方正  无遮挡,238万,42783元/平,低楼层 (共28层) | 2014年 | 1室1厅 | 55.63平米 | 南,https://ke-image.ljcdn.com/110000-inspection/pc1_jz8NsfndE.jpg!m_fill,w_280,h_210,f_jpg?from=ke.com
20241021,丰台,十里河,101124932066,周庄嘉园东里C区 南北通透 层高3米 采光充足房主自荐,388万,43164元/平,顶层 (共6层) 2室2厅 | 89.89平米 | 南 北,https://ke-image.ljcdn.com/110000-inspection/41f7cb6b-ba11-46d9-8f13-fc9ec4ffa4af_1000.jpg!m_fill,w_280,h_210,f_jpg?from=ke.com
20241021,丰台,十里河,101124896663,山水文园三期  南北通透大两居  满五年只有契税,1010万,85637元/平,高楼层 (共9层) 2室2厅 | 117.94平米 | 南 北,https://ke-image.ljcdn.com/110000-inspection/4cb98b77-04a8-46c2-94ee-5d16facb26d9_1000.jpg!m_fill,w_280,h_210,f_jpg?from=ke.com
20241021,丰台,十里河,101124782731,大羊坊路79号 经典两居室户型 随时看房,320万,44756元/平,顶层 (共6层) 2室1厅 | 71.5平米 | 东 北,https://ke-image.ljcdn.com/110000-inspection/pc1_GYjoVGD5h.jpg!m_fill,w_280,h_210,f_jpg?from=ke.com
20241021,丰台,十里河,101124624186,东南北三面采光 满五唯一 中高观景层房主自荐,1218万,89804元/平,中楼层 (共9层) 3室2厅 | 135.63平米 | 东 南 北,https://ke-image.ljcdn.com/110000-inspection/pc1_0V1iDi1ww.jpg!m_fill,w_280,h_210,f_jpg?from=ke.com
20241021,丰台,十里河,101124361335,山水文园五期前后观湖高楼层拎包入住,1990万,85899元/平,高楼层 (共12层) 3室2厅 | 231.67平米 | 南 北,https://ke-image.ljcdn.com/110000-inspection/1a02fb04-3088-4c8f-bd03-fee75e513e71_1000.jpg!m_fill,w_280,h_210,f_jpg?from=ke.com
20241021,丰台,十里河,101124350948,山水文园东园南北3居室 小区中间位置前后观景,1398万,86233元/平,低楼层 (共12层) 3室2厅 | 162.12平米 | 南 北,https://ke-image.ljcdn.com/110000-inspection/pc1_wlFO6NTFe.jpg!m_fill,w_280,h_210,f_jpg?from=ke.com
20241021,丰台,十里河,101124269676,超大一居室 户型方正 300米到17号线地铁,268万,45347元/平,高楼层 (共6层) 1室1厅 | 59.1平米 | 西,https://ke-image.ljcdn.com/110000-inspection/pc1_0Nv0Box6I_1.jpg!m_fill,w_280,h_210,f_jpg?from=ke.com
20241021,丰台,十里河,101124264661,周家庄中路19号院 一居室无遮挡 南向,200万,36200元/平,底层 (共28层) | 2015年 | 1室1厅 | 55.25平米 | 南,https://ke-image.ljcdn.com/110000-inspection/pc1_IR7R1wnbg.jpg!m_fill,w_280,h_210,f_jpg?from=ke.com
20241021,丰台,十里河,101124259799,建工家园百万装修视野开阔落地窗 满五唯一商带车位房主自荐,585万,58536元/平,高楼层 (共21层) | 2008年 | 2室1厅 | 99.94平米 | 西南 北,https://ke-image.ljcdn.com/110000-inspection/pc1_Gm1B1LRaS.jpg!m_fill,w_280,h_210,f_jpg?from=ke.com
20241021,丰台,十里河,101124252339,周家庄中路20号院 三面采光 不临街 车位充足,420万,47447元/平,顶层 (共28层) | 2018年 | 2室1厅 | 88.52平米 | 东 南 北,https://ke-image.ljcdn.com/110000-inspection/9f5f0040-1110-4900-a025-f483e91890d6_1000.jpg!m_fill,w_280,h_210,f_jpg?from=ke.com
20241021,丰台,十里河,101124172784,周家庄中路20号院2015年新小区近地铁17号线周家庄,215万,45302元/平,低楼层 (共17层) | 2021年 | 1室1厅 | 47.46平米 | 南,https://ke-image.ljcdn.com/110000-inspection/7ef86915-324d-4792-8844-591a4bd2f624_1000.jpg!m_fill,w_280,h_210,f_jpg?from=ke.com
20241021,丰台,十里河,101124170553,朝阳区四环内别墅社区单价4.7万满五唯一,680万,47513元/平,低楼层 (共9层) | 2005年 | 3室2厅 | 143.12平米 | 东 西 北,https://ke-image.ljcdn.com/110000-inspection/pc1_QS8lJygbI.jpg!m_fill,w_280,h_210,f_jpg?from=ke.com
20241021,丰台,十里河,101124117378,商圈聚焦 南北通透 三居室  双卧朝南 不临街 采光充足,580万,43265元/平,底层 (共6层) 3室1厅 | 134.06平米 | 南 北,https://ke-image.ljcdn.com/110000-inspection/57be4f85-655e-458c-8a12-df1f1813cdc1_1000.jpg!m_fill,w_280,h_210,f_jpg?from=ke.com
20241021,丰台,十里河,101124075607,建工家园 南向两居室 无遮挡 中高楼层 视野开阔,582万,55796元/平,中楼层 (共21层) | 2008年 | 2室1厅 | 104.31平米 | 南,https://ke-image.ljcdn.com/110000-inspection/pc1_LoeDn1QAK.jpg!m_fill,w_280,h_210,f_jpg?from=ke.com
20241021,丰台,十里河,101124044401,周家庄中路20号院 全南向带电梯,257万,45738元/平,中楼层 (共28层) 1室1厅 | 56.19平米 | 南,https://ke-image.ljcdn.com/110000-inspection/a83b52a3-bd35-4039-9344-89d488adad93_1000.jpg!m_fill,w_280,h_210,f_jpg?from=ke.com
20241021,丰台,十里河,101124025578,次新小区电梯南向正规一居室高层无遮挡视野开阔,228万,40897元/平,中楼层 (共28层) | 2021年 | 1室1厅 | 55.75平米 | 南,https://ke-image.ljcdn.com/110000-inspection/pc1_6Z9V5PRfK.jpg!m_fill,w_280,h_210,f_jpg?from=ke.com
20241021,丰台,十里河,101123944792,建工家园 南北通透 精品一居室房主自荐,275万,49586元/平,高楼层 (共21层) | 2008年 | 1室1厅 | 55.46平米 | 南 北,https://ke-image.ljcdn.com/110000-inspection/pc1_ln379278p.jpg!m_fill,w_280,h_210,f_jpg?from=ke.com
20241021,丰台,十里河,101123929022,周庄南北两居商品房中间楼层配套齐全,445万,50385元/平,中楼层 (共5层) 2室1厅 | 88.32平米 | 南 北,https://ke-image.ljcdn.com/110000-inspection/868c0503-dcd3-42fa-bb7b-25ba38d21654_1000.jpg!m_fill,w_280,h_210,f_jpg?from=ke.com
20241021,丰台,十里河,101123928996,周庄嘉园东里C区  低楼层 满五唯一 商品房房主自荐,262万,54778元/平,低楼层 (共6层) | 2006年 | 1室1厅 | 47.83平米 | 南 北,https://ke-image.ljcdn.com/110000-inspection/dbea65bc-126f-4ca0-a925-65ff265e0a43_1000.jpg!m_fill,w_280,h_210,f_jpg?from=ke.com
20241021,丰台,十里河,101123756086,周家庄中路20号院  方正户型南向一居室有电梯,220万,45009元/平,中楼层 (共18层) | 2021年 | 1室1厅 | 48.88平米 | 南,https://ke-image.ljcdn.com/110000-inspection/pc1_HORRWVNVc.jpg!m_fill,w_280,h_210,f_jpg?from=ke.com
20241021,丰台,十里河,101123728813,周庄嘉园东里C区 1室1厅 南 北,239万,49917元/平,高楼层 (共6层) 1室1厅 | 47.88平米 | 南 北,https://ke-image.ljcdn.com/110000-inspection/pc1_6Eq1t4Bz6_1.jpg!m_fill,w_280,h_210,f_jpg?from=ke.com
20241021,丰台,十里河,101123617876,周庄嘉园东里C区 纯南向大一居室 好楼层,299万,59126元/平,中楼层 (共6层) 1室1厅 | 50.57平米 | 南,https://ke-image.ljcdn.com/110000-inspection/pc1_7b57fGgpU.jpg!m_fill,w_280,h_210,f_jpg?from=ke.com
20241021,丰台,十里河,101123543350,周庄嘉园南里 南北通透 三居室满五年,680万,49024元/平,高楼层 (共6层) 3室2厅 | 138.71平米 | 南 北,https://ke-image.ljcdn.com/110000-inspection/pc1_HipGJHRnX.jpg!m_fill,w_280,h_210,f_jpg?from=ke.com
20241021,丰台,十里河,101123495594,吕营嘉园A区 朝阳区四环内 南北通透三居室,560万,41513元/平,中楼层 (共6层) 3室2厅 | 134.9平米 | 南 北,https://ke-image.ljcdn.com/110000-inspection/pc1_hDbCuSFmT_1.jpg!m_fill,w_280,h_210,f_jpg?from=ke.com
20241021,丰台,十里河,101123322368,周庄嘉园南里 2室1厅 南 北,438万,49203元/平,高楼层 (共6层) 2室1厅 | 89.02平米 | 南 北,https://ke-image.ljcdn.com/110000-inspection/pc1_GBXPrkZET.jpg!m_fill,w_280,h_210,f_jpg?from=ke.com
20241021,丰台,十里河,101123173924,中间层1居室户型方正看房基本随时！x,260万,51475元/平,中楼层 (共28层) | 2014年 | 1室1厅 | 50.51平米 | 南,https://ke-image.ljcdn.com/110000-inspection/5aa93e1d-361c-4af9-9786-b2207f723e0e_1000.jpg!m_fill,w_280,h_210,f_jpg?from=ke.com
20241021,丰台,十里河,101123143221,周家庄中路19号院 2室1厅 北 南,528万,56836元/平,高楼层 (共28层) | 2014年 | 2室1厅 | 92.9平米 | 北 南,https://ke-image.ljcdn.com/110000-inspection/pc1_8RGRbKp0T.jpg!m_fill,w_280,h_210,f_jpg?from=ke.com
20241021,丰台,十里河,101123102756,周家庄中路19号院南北通透两居室房主自荐,478万,53666元/平,低楼层 (共25层) | 2015年 | 2室1厅 | 89.07平米 | 东 南 北,https://ke-image.ljcdn.com/110000-inspection/pc1_QTziQs5ww_1.jpg!m_fill,w_280,h_210,f_jpg?from=ke.com
20241021,丰台,十里河,101123064613,山水文园三期中高楼层两居近小区出口楼栋位置好！,999万,82871元/平,中楼层 (共8层) 2室2厅 | 120.55平米 | 南 北,https://ke-image.ljcdn.com/110000-inspection/723442ca-cec8-4c2d-aaac-2f8f864c63eb_1000.jpg!m_fill,w_280,h_210,f_jpg?from=ke.com
20241021,丰台,十里河,101122855569,单价低位置好四环内新房；户型好房主自荐,232万,42121元/平,低楼层 (共28层) | 2014年 | 1室1厅 | 55.08平米 | 南,https://ke-image.ljcdn.com/110000-inspection/feacf504-ab50-457f-8156-94a63f24f655_1000.jpg!m_fill,w_280,h_210,f_jpg?from=ke.com
20241021,丰台,十里河,101122677969,周庄18号院南向一居三面朝阳采光好,220万,39181元/平,顶层 (共28层) | 2014年 | 1室1厅 | 56.15平米 | 南,https://ke-image.ljcdn.com/110000-inspection/pc1_8yMKoTsp1.jpg!m_fill,w_280,h_210,f_jpg?from=ke.com
20241021,丰台,十里河,101122677857,周家庄18号院南北两居全明格局采光通风好,490万,54866元/平,中楼层 (共28层) | 2014年 | 2室1厅 | 89.31平米 | 南 北 东,https://ke-image.ljcdn.com/110000-inspection/pc1_z4S7HPjsm.jpg!m_fill,w_280,h_210,f_jpg?from=ke.com
20241021,丰台,十里河,101122666037,周家庄中路19号院 中间层 南北两居 主卧客厅朝南,550万,59204元/平,低楼层 (共28层) | 2014年 | 2室2厅 | 92.9平米 | 南 北,https://ke-image.ljcdn.com/110000-inspection/22e6d536-6d31-4e17-adbb-de335fec49de_1000.jpg!m_fill,w_280,h_210,f_jpg?from=ke.com
20241021,丰台,十里河,101122561611,建工家园 南北通透 精品一居室,320万,48863元/平,高楼层 (共23层) | 2008年 | 1室1厅 | 65.49平米 | 南 北,https://ke-image.ljcdn.com/110000-inspection/pc1_Klb6eXkbn.jpg!m_fill,w_280,h_210,f_jpg?from=ke.com
20241021,丰台,十里河,101122515920,南北平层四居室两个南向卧室带卫生2021年交房,2650万,91282元/平,低楼层 (共11层) | 2015年 | 5室2厅 | 290.31平米 | 南 北,https://ke-image.ljcdn.com/110000-inspection/d17d6bd2-b5e5-4399-8d0c-c62ee646a44b_1000.jpg!m_fill,w_280,h_210,f_jpg?from=ke.com
20241021,丰台,十里河,101122500822,周家庄中路19号院 精装修 对小区花园 户型方正,235万,49558元/平,中楼层 (共18层) 1室1厅 | 47.42平米 | 南,https://ke-image.ljcdn.com/110000-inspection/pc1_pT4sUJAIJ.jpg!m_fill,w_280,h_210,f_jpg?from=ke.com
20241021,丰台,十里河,101122348948,吕营嘉园C区     南北朝向   朝阳区  四环内,389万,43802元/平,中楼层 (共6层) 2室1厅 | 88.81平米 | 南 北,https://ke-image.ljcdn.com/110000-inspection/92640a09-76b6-46fb-8338-f756134f9f93_1000.jpg!m_fill,w_280,h_210,f_jpg?from=ke.com
20241021,丰台,十里河,101122304404,好楼层230万 全天采光无遮挡 17号线周家庄600米,238万,42868元/平,高楼层 (共28层) | 2014年 | 1室1厅 | 55.52平米 | 南,https://ke-image.ljcdn.com/110000-inspection/pc1_ZUwZXCHbD.jpg!m_fill,w_280,h_210,f_jpg?from=ke.com
20241021,丰台,十里河,101121945680,东三环 十里河 周庄嘉园东里C区 南北通透,465万,51376元/平,顶层 (共6层) 2室1厅 | 90.51平米 | 南 北,https://ke-image.ljcdn.com/110000-inspection/pc1_NGvgZ3gwU_1.jpg!m_fill,w_280,h_210,f_jpg?from=ke.com
20241021,丰台,十里河,101121852939,南北东通透通风性好中低楼层电梯房没有遮挡。,435万,46921元/平,低楼层 (共28层) | 2014年 | 2室1厅 | 92.71平米 | 南 北,https://ke-image.ljcdn.com/110000-inspection/pc1_oF0aGhoqh.jpg!m_fill,w_280,h_210,f_jpg?from=ke.com
20241021,丰台,十里河,101121709852,周家庄中路20号院 全南向 一居室 明厨,260万,46654元/平,高楼层 (共28层) 1室1厅 | 55.73平米 | 南,https://ke-image.ljcdn.com/110000-inspection/pc1_n9cM3uf6v_1.jpg!m_fill,w_280,h_210,f_jpg?from=ke.com
20241021,丰台,十里河,101121477308,南北通透 精装修 价格合适 看房方便,1860万,80287元/平,中楼层 (共12层) 3室2厅 | 231.67平米 | 南 北,https://ke-image.ljcdn.com/110000-inspection/a2e69035-353d-4a77-aff2-b0ca3d0d9c39_1000.jpg!m_fill,w_280,h_210,f_jpg?from=ke.com
20241021,丰台,十里河,101121031898,周庄嘉园三期A区   次新房 近地铁,388万,43877元/平,低楼层 (共28层) | 2014年 | 2室1厅 | 88.43平米 | 西南 北,https://ke-image.ljcdn.com/110000-inspection/pc1_OrQd6eHFP.jpg!m_fill,w_280,h_210,f_jpg?from=ke.com
20241021,丰台,十里河,101120665341,周庄嘉园南里  南北通透两居室  低楼层,392万,44319元/平,底层 (共5层) 2室1厅 | 88.45平米 | 南 北,https://ke-image.ljcdn.com/110000-inspection/fcf83d4e-bec0-4a49-a294-dea89da97f4c_1000.jpg!m_fill,w_280,h_210,f_jpg?from=ke.com
20241021,丰台,十里河,101120052479,周家庄中路20号院 南北通透大三居   精装修房主自荐,650万,51830元/平,低楼层 (共18层) | 2021年 | 3室2厅 | 125.41平米 | 南 北,https://ke-image.ljcdn.com/110000-inspection/pc1_690DoiVmF.jpg!m_fill,w_280,h_210,f_jpg?from=ke.com
20241021,丰台,十里河,101118986837,山水文园五期精装观景小区园林 前后不临街看湖景水系,2130万,80817元/平,低楼层 (共19层) 3室1厅 | 263.56平米 | 西南,https://ke-image.ljcdn.com/110000-inspection/fad6304b-34b9-42da-8a04-38bea9bf231d_1000.jpg!m_fill,w_280,h_210,f_jpg?from=ke.com
20241021,丰台,十里河,101118736035,周家庄中路19号院 全南向一室一厅 位置好 单价低,260万,46612元/平,低楼层 (共27层) | 2014年 | 1室1厅 | 55.78平米 | 南,https://ke-image.ljcdn.com/110000-inspection/b60f6e66-6109-479b-8e08-f228f237ec43_1000.jpg!m_fill,w_280,h_210,f_jpg?from=ke.com
20241021,丰台,十里河,101118559194,吕营嘉园C区正规一居南北通透客厅卧室均带飘窗商品房,218万,41382元/平,顶层 (共6层) | 2007年 | 1室1厅 | 52.68平米 | 南 北,https://ke-image.ljcdn.com/110000-inspection/pc1_mEvr3ba6t_1.jpg!m_fill,w_280,h_210,f_jpg?from=ke.com
20241021,丰台,十里河,101118250890,山水文园东园 边户 精装修 一梯一户,2400万,89503元/平,中楼层 (共12层) 4室2厅 | 268.15平米 | 南 北,https://ke-image.ljcdn.com/110000-inspection/67599533-07b4-4ba3-ba5e-7f9410abb8f7_1000.jpg!m_fill,w_280,h_210,f_jpg?from=ke.com
20241021,丰台,十里河,101117722463,四环内观筑庭园 满五年唯一商品房 别墅社区大三居房主自荐,666万,46457元/平,高楼层 (共9层) 3室2厅 | 143.36平米 | 东 南 北,https://ke-image.ljcdn.com/110000-inspection/8595cec5-9400-4101-9261-2d7360a19d73_1000.jpg!m_fill,w_280,h_210,f_jpg?from=ke.com
20241021,丰台,十里河,101117481479,周庄南北精装三居拎包入住商品房,755万,56403元/平,高楼层 (共6层) | 2006年 | 3室1厅 | 133.86平米 | 南 北,https://ke-image.ljcdn.com/110000-inspection/prod-cd3d87b4-9145-4b78-93ea-e822892a4b0d.jpg!m_fill,w_280,h_210,f_jpg?from=ke.com
20241021,丰台,十里河,101117163239,周庄嘉园东里 中间层 南北通透户型,608万,67302元/平,中楼层 (共6层) | 2005年 | 2室2厅 | 90.34平米 | 南 北,https://ke-image.ljcdn.com/110000-inspection/285f5566-fb4b-4564-9383-66fc22dda794_1000.jpg!m_fill,w_280,h_210,f_jpg?from=ke.com
20241021,丰台,十里河,101115494413,正规三居面积大居住舒适楼层高,339万,36705元/平,顶层 (共6层) | 1998年 | 3室1厅 | 92.36平米 | 南 北,https://ke-image.ljcdn.com/110000-inspection/pc1_VKgFgqhaH_1.jpg!m_fill,w_280,h_210,f_jpg?from=ke.com
20241021,丰台,十里河,101127138953,周家庄中路18号院 93平南北通透两居室 全明户型新上,455万,48580元/平,低楼层 (共28层) | 2014年 | 2室1厅 | 93.66平米 | 南 北,https://ke-image.ljcdn.com/110000-inspection/pc1_YTAXwcr7F.jpg!m_fill,w_280,h_210,f_jpg?from=ke.com
20241021,丰台,十里河,101127047473,吕营嘉园C区 2室1厅 南 北新上,350万,39495元/平,高楼层 (共6层) 2室1厅 | 88.62平米 | 南 北,https://ke-image.ljcdn.com/110000-inspection/74102a87-4a64-4af2-b646-e9aa10c1a44f_1000.jpg!m_fill,w_280,h_210,f_jpg?from=ke.com
20241021,丰台,十里河,101126978292,吕营嘉园A区 2室1厅 南 北,320万,34655元/平,顶层 (共6层) 2室1厅 | 92.34平米 | 南 北,https://ke-image.ljcdn.com/110000-inspection/0c69dcdb-d41c-4736-84e7-9882d292b254_1000.jpg!m_fill,w_280,h_210,f_jpg?from=ke.com
20241021,丰台,十里河,101126954936,观筑庭园  东南向两居室  房主诚心出售,530万,47899元/平,中楼层 (共10层) 2室2厅 | 110.65平米 | 东南,https://ke-image.ljcdn.com/110000-inspection/d9055ae2-88ec-4181-913c-3ce3bcb72283_1000.jpg!m_fill,w_280,h_210,f_jpg?from=ke.com
20241021,丰台,十里河,101126903815,周庄嘉园南里 1室1厅 西,290万,49070元/平,中楼层 (共6层) 1室1厅 | 59.1平米 | 西,https://ke-image.ljcdn.com/110000-inspection/6f4b862e-6f7e-4025-89a9-226da10f034e_1000.jpg!m_fill,w_280,h_210,f_jpg?from=ke.com
20241021,丰台,十里河,101126894327,四环内别墅社区一层下跃户型方正,720万,29284元/平,底层 (共11层) | 2005年 | 4室1厅 | 245.87平米 | 北 南,https://ke-image.ljcdn.com/110000-inspection/aa5f641f-53d1-49f0-8795-3fd82a8c4ef2_1000.jpg!m_fill,w_280,h_210,f_jpg?from=ke.com
20241021,丰台,十里河,101126883991,观筑庭园 7室2厅 南 北,1942万,57546元/平,底层 (共3层) | 2004年 | 7室2厅 | 337.47平米 | 南 北,https://ke-image.ljcdn.com/110000-inspection/b2a6c529-8220-4cf0-bb2d-1e3a7a60e26d_1000.jpg!m_fill,w_280,h_210,f_jpg?from=ke.com
20241021,丰台,十里河,101126883981,观筑庭园 10室3厅 南 北,3558万,57515元/平,底层 (共3层) | 2004年 | 10室3厅 | 618.63平米 | 南 北,https://ke-image.ljcdn.com/110000-inspection/10b69871-031a-4f7c-96b4-782fdc97beed_1000.jpg!m_fill,w_280,h_210,f_jpg?from=ke.com
20241021,丰台,十里河,101126875897,周家庄中路19号院 3室1厅 南 北,472万,50846元/平,高楼层 (共28层) | 2014年 | 3室1厅 | 92.83平米 | 南 北,https://ke-image.ljcdn.com/110000-inspection/72f191bd-b415-4c20-951f-7aa235cabf7e_1000.jpg!m_fill,w_280,h_210,f_jpg?from=ke.com
20241021,丰台,十里河,101126845778,山水文园五期三段三居 中高楼层观景花园 采光视野棒,1690万,98439元/平,中楼层 (共12层) 3室2厅 | 171.68平米 | 南 北,https://ke-image.ljcdn.com/110000-inspection/25255875-d4d8-4a83-9821-0a3fcd4f5969_1000.jpg!m_fill,w_280,h_210,f_jpg?from=ke.com
20241021,丰台,十里河,101126833212,此房满五年精装修采光充足地上三层地下一层。,1280万,53376元/平,底层 (共4层) 5室2厅 | 239.81平米 | 南 北,https://ke-image.ljcdn.com/110000-inspection/900a62af-ba2a-4f99-99f3-11dfd8e535b5_1000.jpg!m_fill,w_280,h_210,f_jpg?from=ke.com
20241021,丰台,十里河,101126511614,吕营嘉园C区南北通透两居户型 高楼层视野开阔,408万,44855元/平,顶层 (共6层) 2室1厅 | 90.96平米 | 南 北,https://ke-image.ljcdn.com/110000-inspection/pc1_hN9BCxXq5.jpg!m_fill,w_280,h_210,f_jpg?from=ke.com
20241021,丰台,十里河,101126496683,山水文园五期  精装大平层 楼层高  视野开阔,2200万,83032元/平,高楼层 (共19层) | 2015年 | 3室1厅 | 264.96平米 | 东 南,https://ke-image.ljcdn.com/110000-inspection/pc1_bVdDJJxy0_1.jpg!m_fill,w_280,h_210,f_jpg?from=ke.com
20241021,丰台,十里河,101126434652,吕营嘉园C区四环内板楼小区干净整洁,215万,39407元/平,中楼层 (共6层) 1室1厅 | 54.56平米 | 东 北,https://ke-image.ljcdn.com/110000-inspection/d924a866-d33f-4b93-ae57-259259092be7_1000.jpg!m_fill,w_280,h_210,f_jpg?from=ke.com
20241021,丰台,十里河,101126431827,十里河板块 精装南北两居室 高挑高,383万,41268元/平,顶层 (共6层) | 2003年 | 2室1厅 | 92.81平米 | 北 西 南,https://ke-image.ljcdn.com/110000-inspection/fd722697-5e91-48e2-8267-7e30efd03c2b_1000.jpg!m_fill,w_280,h_210,f_jpg?from=ke.com
20241021,丰台,十里河,101126431802,十里河板块 别墅楼盘 高得房率 双车位,1200万,50525元/平,底层 (共3层) | 2004年 | 6室3厅 | 237.51平米 | 南 北,https://ke-image.ljcdn.com/110000-inspection/pc1_dYe5usPKi_2.jpg!m_fill,w_280,h_210,f_jpg?from=ke.com
20241021,丰台,十里河,101126421913,十里河板块02年社区 满五年唯一 高楼层,510万,37854元/平,顶层 (共6层) | 2002年 | 3室2厅 | 134.73平米 | 南 北,https://ke-image.ljcdn.com/110000-inspection/pc1_GOmumVOwd_1.jpg!m_fill,w_280,h_210,f_jpg?from=ke.com
20241021,丰台,十里河,101126411691,山水文园东园 前后不临街观景四居诚意出售房主自荐,1900万,74736元/平,高楼层 (共12层) | 2006年 | 4室2厅 | 254.23平米 | 南 北,https://ke-image.ljcdn.com/110000-inspection/32693ca4-2545-4e23-b613-437f00390d0f_1000.jpg!m_fill,w_280,h_210,f_jpg?from=ke.com
20241021,丰台,十里河,101126336690,东南四环内别墅区精装联排带观景阳台 南入户车库北,1420万,50675元/平,底层 (共3层) | 2004年 | 6室2厅 | 280.22平米 | 南 北,https://ke-image.ljcdn.com/110000-inspection/468795a3-1dce-417e-a2c5-a0c004e45eaa_1000.jpg!m_fill,w_280,h_210,f_jpg?from=ke.com
20241021,丰台,十里河,101126320542,山水文园五期 精装两居 正观欢乐谷 拎包入住,1300万,85685元/平,高楼层 (共19层) 2室1厅 | 151.72平米 | 东北,https://ke-image.ljcdn.com/110000-inspection/90d02c08-2150-488c-a6be-434b9109b9a1_1000.jpg!m_fill,w_280,h_210,f_jpg?from=ke.com
20241021,丰台,十里河,101126297094,山水文园五期 前后不临街 厅挑空 南北花园 临水系,3750万,82961元/平,底层 (共12层) | 2014年 | 6室4厅 | 452.02平米 | 南 北,https://ke-image.ljcdn.com/110000-inspection/4764062f-4e17-47b4-90b3-9aacd5a5674c_1000.jpg!m_fill,w_280,h_210,f_jpg?from=ke.com
20241021,丰台,十里河,101126295777,270°全景落地窗正观小区湖景。双卧室朝南全新装,1650万,87284元/平,低楼层 (共18层) 2室2厅 | 189.04平米 | 西南,https://ke-image.ljcdn.com/110000-inspection/26288dc5-6de7-4157-8d15-812929976fc7_1000.jpg!m_fill,w_280,h_210,f_jpg?from=ke.com
20241021,丰台,十里河,101126117830,2005年小区 婚房装修 商品房 价格好商量,298万,58420元/平,高楼层 (共6层) 1室1厅 | 51.01平米 | 南,https://ke-image.ljcdn.com/110000-inspection/442fa5d3-561e-4204-8af5-03cc8b3e2198_1000.jpg!m_fill,w_280,h_210,f_jpg?from=ke.com
20241021,丰台,十里河,101126099260,十里河 周庄嘉园东里C区 精装修不临街的一居室,249万,51714元/平,高楼层 (共6层) | 2006年 | 1室1厅 | 48.15平米 | 南 北,https://ke-image.ljcdn.com/110000-inspection/43cb0223-e808-4271-a206-4bcc1f27c0be_1000.jpg!m_fill,w_280,h_210,f_jpg?from=ke.com
20241021,丰台,十里河,101126079635,吕营嘉园C区业主诚心出售南北通透一居,230万,38099元/平,顶层 (共6层) | 2008年 | 1室1厅 | 60.37平米 | 南 北,https://ke-image.ljcdn.com/110000-inspection/52be3b0c-e996-4fc7-a2bb-a101670e3d43_1000.jpg!m_fill,w_280,h_210,f_jpg?from=ke.com
20241021,丰台,十里河,101126029622,吕营嘉园 朝阳区四环内 商品房 满五唯一 中间层,365万,41435元/平,中楼层 (共6层) 2室1厅 | 88.09平米 | 南 北,https://ke-image.ljcdn.com/110000-inspection/3e0819db-3f1e-4625-a6f2-c75e523fbf38_1000.jpg!m_fill,w_280,h_210,f_jpg?from=ke.com
20241021,丰台,十里河,101125978431,山水文园三期 4室1厅 东 南 北,1800万,73374元/平,高楼层 (共12层) 4室1厅 | 245.32平米 | 东 南 北,https://ke-image.ljcdn.com/110000-inspection/pc1_tgClZYj2D_1.jpg!m_fill,w_280,h_210,f_jpg?from=ke.com
20241021,丰台,十里河,101125839772,前后左右不临街观1.2万米人工湖全景 高层,2358万,82938元/平,中楼层 (共12层) | 2015年 | 4室2厅 | 284.31平米 | 东 南 北,https://ke-image.ljcdn.com/110000-inspection/17a501ca-9718-4bc3-9501-f382885d404a_1000.jpg!m_fill,w_280,h_210,f_jpg?from=ke.com
20241021,丰台,十里河,101125830260,山水五期新上高楼层精装修满五唯一,1599万,86321元/平,中楼层 (共11层) 3室2厅 | 185.24平米 | 南 北,https://ke-image.ljcdn.com/110000-inspection/pc1_hxxvluroz.jpg!m_fill,w_280,h_210,f_jpg?from=ke.com
20241021,丰台,十里河,101125725066,山水文园五期   精装两居室  高楼层  观湖景,1359万,89573元/平,高楼层 (共19层) 2室1厅 | 151.72平米 | 东 北,https://ke-image.ljcdn.com/110000-inspection/cb48cc3f-4c47-45ce-b0f3-e764f4d01e63_1000.jpg!m_fill,w_280,h_210,f_jpg?from=ke.com
20241021,丰台,十里河,101125688541,吕营嘉园A区 1室1厅 南 北,230万,45909元/平,中楼层 (共6层) 1室1厅 | 50.1平米 | 南 北,https://ke-image.ljcdn.com/110000-inspection/pc1_IgLKNt2fk_1.jpg!m_fill,w_280,h_210,f_jpg?from=ke.com
20241021,丰台,十里河,101125650215,山水文园  东南北边户型 三面采光 约70平米客厅,2050万,83565元/平,低楼层 (共12层) 4室2厅 | 245.32平米 | 东南 北,https://ke-image.ljcdn.com/110000-inspection/7ac42cba-dc6d-42f5-a4ac-f0d8d5d8da9d_1000.jpg!m_fill,w_280,h_210,f_jpg?from=ke.com
20241021,丰台,十里河,101125619112,建工家园 3室1厅 南,760万,58915元/平,顶层 (共20层) | 2008年 | 3室1厅 | 129平米 | 南,https://ke-image.ljcdn.com/110000-inspection/pc1_htZ1EZpmJ_3.jpg!m_fill,w_280,h_210,f_jpg?from=ke.com
20241021,丰台,十里河,101125533598,周家庄中路18号院 1室1厅 南,249万,44584元/平,高楼层 (共28层) | 2014年 | 1室1厅 | 55.85平米 | 南,https://ke-image.ljcdn.com/110000-inspection/7a386828-33e1-4d67-aa59-645c70f8f072_1000.jpg!m_fill,w_280,h_210,f_jpg?from=ke.com
20241021,丰台,十里河,101125500811,山水文园三期   精装小复式  南北通透  景观好,1630万,82278元/平,顶层 (共7层) 4室1厅 | 198.11平米 | 南 北,https://ke-image.ljcdn.com/110000-inspection/ef43dfa9-287d-4319-a813-5b7171e36085_1000.jpg!m_fill,w_280,h_210,f_jpg?from=ke.com
20241021,丰台,十里河,101125407609,吕营嘉园C区 满五唯一 南北两居 精装修 地暖房主自荐,360万,40468元/平,高楼层 (共6层) 2室1厅 | 88.96平米 | 南 北,https://ke-image.ljcdn.com/110000-inspection/bc5582b7-a959-48dd-8b4f-075b686fb0a2_1000.jpg!m_fill,w_280,h_210,f_jpg?from=ke.com
20241021,丰台,十里河,101125220749,周家庄中路20号院 两居室全明户型 南北通透,420万,47447元/平,低楼层 (共28层) | 2018年 | 2室1厅 | 88.52平米 | 北 南 东,https://ke-image.ljcdn.com/110000-inspection/0bf7b072-2c28-4e9c-8702-c20a139aec76_1000.jpg!m_fill,w_280,h_210,f_jpg?from=ke.com
20241021,丰台,十里河,101125098781,南北通透 正规一居 无遮挡 无浪费,235万,48888元/平,高楼层 (共6层) | 2006年 | 1室1厅 | 48.07平米 | 南 北,https://ke-image.ljcdn.com/110000-inspection/pc1_EwMmZL9yN_3.jpg!m_fill,w_280,h_210,f_jpg?from=ke.com
20241021,丰台,十里河,101125097210,周庄嘉园东里C区中间楼层采光好,310万,60773元/平,中楼层 (共6层) 1室1厅 | 51.01平米 | 南,https://ke-image.ljcdn.com/110000-inspection/pc1_noYmxeRAx.jpg!m_fill,w_280,h_210,f_jpg?from=ke.com
20241021,丰台,十里河,101124975760,南向一居无遮挡户型方正无浪费,260万,46512元/平,高楼层 (共28层) | 2021年 | 1室1厅 | 55.9平米 | 南,https://ke-image.ljcdn.com/110000-inspection/803c40e1-0576-4646-9342-697f09d575cb_1000.jpg!m_fill,w_280,h_210,f_jpg?from=ke.com
20241021,丰台,十里河,101124917160,周家庄中路20号院南北通透两居通风性好电梯房,460万,53909元/平,顶层 (共16层) | 2021年 | 2室1厅 | 85.33平米 | 南 北,https://ke-image.ljcdn.com/110000-inspection/1feff475-12fd-4acf-8578-6097068d2384_1000.jpg!m_fill,w_280,h_210,f_jpg?from=ke.com
20241021,丰台,十里河,101124845596,南北通透全明格局 小区里面位置 前后花园,455万,51291元/平,低楼层 (共25层) 2室1厅 | 88.71平米 | 东南 北,https://ke-image.ljcdn.com/110000-inspection/pc1_4HjtfBOZ9.jpg!m_fill,w_280,h_210,f_jpg?from=ke.com
20241021,丰台,十里河,101124834352,吕营嘉园C区 南北通透一居室 满五年唯一,228万,37768元/平,顶层 (共6层) 1室1厅 | 60.37平米 | 南 北,https://ke-image.ljcdn.com/110000-inspection/4b062881-1f15-46a8-8e5b-78f99909f9e3_1000.jpg!m_fill,w_280,h_210,f_jpg?from=ke.com
20241021,丰台,十里河,101124828010,周庄嘉园东里  满五唯一  南北双通透,445万,49505元/平,顶层 (共6层) | 2006年 | 2室2厅 | 89.89平米 | 南 北,https://ke-image.ljcdn.com/110000-inspection/ee3c03c2-2abf-457a-8dc4-d21156acc1f9_1000.jpg!m_fill,w_280,h_210,f_jpg?from=ke.com
20241021,丰台,十里河,101124817083,南向一居无遮挡户型方正无浪费房主自荐,225万,40043元/平,中楼层 (共28层) 1室1厅 | 56.19平米 | 南,https://ke-image.ljcdn.com/110000-inspection/pc1_QzVapWuwf_1.jpg!m_fill,w_280,h_210,f_jpg?from=ke.com
20241021,丰台,十里河,101124673019,吕营嘉园  05年板楼社区  绿化好  物业负责,260万,43384元/平,顶层 (共6层) 1室1厅 | 59.93平米 | 南 北,https://ke-image.ljcdn.com/110000-inspection/pc1_iLgBj7Lym_1.jpg!m_fill,w_280,h_210,f_jpg?from=ke.com
20241021,丰台,十里河,101124660337,周家庄中路19号院 南北通透两居 板楼一梯三户,465万,54642元/平,低楼层 (共18层) | 2014年 | 2室2厅 | 85.1平米 | 南 北,https://ke-image.ljcdn.com/110000-inspection/a5301d4c-1785-4e9a-a2b2-a552beccb52c_1000.jpg!m_fill,w_280,h_210,f_jpg?from=ke.com
20241021,丰台,十里河,101124476396,周家庄中路20号院 1室1厅 南,260万,46198元/平,低楼层 (共28层) 1室1厅 | 56.28平米 | 南,https://ke-image.ljcdn.com/110000-inspection/pc1_UUAUq4E9h.jpg!m_fill,w_280,h_210,f_jpg?from=ke.com
20241021,丰台,十里河,101124476306,吕营嘉园C区 1室1厅 南 北,255万,44942元/平,中楼层 (共6层) | 2007年 | 1室1厅 | 56.74平米 | 南 北,https://ke-image.ljcdn.com/110000-inspection/352a893d-bbfa-4750-82da-2fbb420c81f7_1000.jpg!m_fill,w_280,h_210,f_jpg?from=ke.com
20241021,丰台,十里河,101124424925,周庄嘉园东里C区南北通透诚意出售,445万,49461元/平,顶层 (共6层) | 2006年 | 2室2厅 | 89.97平米 | 南 北,https://ke-image.ljcdn.com/110000-inspection/pc1_hHNldVyTe_3.jpg!m_fill,w_280,h_210,f_jpg?from=ke.com
20241021,丰台,十里河,101124409721,山水文园五期 5室2厅 南 北,2570万,75511元/平,顶层 (共7层) | 2014年 | 5室2厅 | 340.35平米 | 南 北,https://ke-image.ljcdn.com/110000-inspection/080344d5-907e-414d-a141-ff4b00eea6a0_1000.jpg!m_fill,w_280,h_210,f_jpg?from=ke.com
20241021,丰台,十里河,101124400670,周庄嘉园南里不临街南北2居室观景楼层房主自荐,530万,59021元/平,中楼层 (共6层) 2室2厅 | 89.8平米 | 南 北,https://ke-image.ljcdn.com/110000-inspection/d255fd47-a6fb-4769-a9e7-f79c8f856ce9_1000.jpg!m_fill,w_280,h_210,f_jpg?from=ke.com
20241021,丰台,十里河,101124397142,山水文园五期 新房两居 精装保养好 满五年唯一,1290万,93642元/平,中楼层 (共7层) 2室2厅 | 137.76平米 | 南 北,https://ke-image.ljcdn.com/110000-inspection/pc1_AHa4kRt4K.jpg!m_fill,w_280,h_210,f_jpg?from=ke.com
20241021,丰台,十里河,101124397083,周庄嘉园东里C区 中间楼层 前后左右不临街 满五年,317万,65946元/平,中楼层 (共6层) | 2006年 | 1室0厅 | 48.07平米 | 南 北,https://ke-image.ljcdn.com/110000-inspection/73fbabe6-cc1e-4a23-8af3-2fc256cd40a4_1000.jpg!m_fill,w_280,h_210,f_jpg?from=ke.com
20241021,丰台,十里河,101124395609,周家庄中路18号院全明格局2居室南北通透客厅卧室朝南房主自荐,466万,53288元/平,中楼层 (共28层) | 2014年 | 2室2厅 | 87.45平米 | 南 北,https://ke-image.ljcdn.com/110000-inspection/pc1_3OGl39Kic.jpg!m_fill,w_280,h_210,f_jpg?from=ke.com
20241021,丰台,十里河,101124388479,山水文园东园 2015年楼龄前后不临街 顶层复式,3100万,90390元/平,高楼层 (共11层) | 2014年 | 6室2厅 | 342.96平米 | 南 西 北,https://ke-image.ljcdn.com/110000-inspection/aa8046f6-5e36-44aa-915c-6048228f69ea_1000.jpg!m_fill,w_280,h_210,f_jpg?from=ke.com
20241021,丰台,十里河,101124323148,周庄嘉园东里C区 2室1厅 南 北,320万,66598元/平,顶层 (共6层) 2室1厅 | 48.05平米 | 南 北,https://ke-image.ljcdn.com/110000-inspection/3b702e69-3f41-4805-b8a4-2bfe8bab338a_1000.jpg!m_fill,w_280,h_210,f_jpg?from=ke.com
20241021,丰台,十里河,101124070427,山水文园精装4居室观花园和水系湖景视野开阔房主自荐,1299万,68862元/平,高楼层 (共18层) 4室1厅 | 188.64平米 | 东北,https://ke-image.ljcdn.com/110000-inspection/671961a9-6c97-4d17-b5dc-a85c90af32af_1000.jpg!m_fill,w_280,h_210,f_jpg?from=ke.com
20241021,丰台,十里河,101124020608,总监推荐：朝阳区 吕营嘉园 满五唯一 南北两居室房主自荐,390万,44024元/平,中楼层 (共6层) 2室1厅 | 88.59平米 | 南 北,https://ke-image.ljcdn.com/110000-inspection/7ab18e4f-fde5-4457-a5fa-4315579a8189_1000.jpg!m_fill,w_280,h_210,f_jpg?from=ke.com
20241021,丰台,十里河,101123940516,十里河03年商品房满五年唯一只有契税中间楼层,409万,46626元/平,中楼层 (共6层) 2室1厅 | 87.72平米 | 南 北,https://ke-image.ljcdn.com/110000-inspection/pc1_7tivILO7L.jpg!m_fill,w_280,h_210,f_jpg?from=ke.com
20241021,丰台,十里河,101123884639,观筑庭园一层下跃 满五年唯一商品房 不临街,720万,29668元/平,底层 (共11层) 5室2厅 | 242.69平米 | 东南 北,https://ke-image.ljcdn.com/110000-inspection/pc1_vXTqcMkOX_1.jpg!m_fill,w_280,h_210,f_jpg?from=ke.com
20241021,丰台,十里河,101123839194,周庄嘉园东里C区  满五唯一   商品房房主自荐,269万,53089元/平,顶层 (共6层) | 2006年 | 2室1厅 | 50.67平米 | 南,https://ke-image.ljcdn.com/110000-inspection/478f66cd-f6cd-49d0-83d5-ccac070176da_1000.jpg!m_fill,w_280,h_210,f_jpg?from=ke.com
20241021,丰台,十里河,101123698230,周家庄中路18号院 全南方正一居室,208万,41180元/平,低楼层 (共28层) | 2014年 | 1室1厅 | 50.51平米 | 南,https://ke-image.ljcdn.com/110000-inspection/091cc7b4-8349-40bd-9386-3e70d94d48ae_1000.jpg!m_fill,w_280,h_210,f_jpg?from=ke.com
20241021,丰台,十里河,101123494623,山水文园五期双通透三居高楼层精装修拎包入住,1510万,81516元/平,高楼层 (共11层) 3室2厅 | 185.24平米 | 南 北,https://ke-image.ljcdn.com/110000-inspection/pc1_QAXGWOLqT.jpg!m_fill,w_280,h_210,f_jpg?from=ke.com
20241021,丰台,十里河,101123478406,朝阳区 别墅区 南北通透前花园带私家车位,880万,58683元/平,底层 (共4层) 4室2厅 | 149.96平米 | 南 北,https://ke-image.ljcdn.com/110000-inspection/pc1_kSKbAVseW_1.jpg!m_fill,w_280,h_210,f_jpg?from=ke.com
20241021,丰台,十里河,101123398188,山水文园五期精装修东边户四居室东南北三面采光,2050万,73984元/平,中楼层 (共11层) | 2015年 | 4室1厅 | 277.09平米 | 东 南 北,https://ke-image.ljcdn.com/110000-inspection/pc1_bZn2O3z6D_1.jpg!m_fill,w_280,h_210,f_jpg?from=ke.com
20241021,丰台,十里河,101122951091,满两年南北通透2019年新装婚房供暖为地暖,1698万,91419元/平,中楼层 (共11层) | 2015年 | 3室2厅 | 185.74平米 | 南 北,https://ke-image.ljcdn.com/110000-inspection/4979eb9e-e000-4ea7-b394-25135c8fd636_1000.jpg!m_fill,w_280,h_210,f_jpg?from=ke.com
20241021,丰台,十里河,101122694810,山水文园三期平层3居室全景落地窗正观1.2万平湖景,1550万,82168元/平,低楼层 (共18层) 3室2厅 | 188.64平米 | 西北,https://ke-image.ljcdn.com/110000-inspection/2fd8cbb7-e46d-4b17-8edf-de9f536e229a_1000.jpg!m_fill,w_280,h_210,f_jpg?from=ke.com
20241021,丰台,十里河,101122693540,山水文园五期2017年建成精装修拎包入住,4380万,88709元/平,底层 (共11层) 6室5厅 | 493.75平米 | 东 南 北,https://ke-image.ljcdn.com/110000-inspection/675b4b7e-d177-462f-8bb1-fe7256ce68e7_1000.jpg!m_fill,w_280,h_210,f_jpg?from=ke.com
20241021,丰台,十里河,101122626242,十里河地铁站附近 不临街两居室 南北通透,310万,44343元/平,底层 (共6层) 2室1厅 | 69.91平米 | 南 北,https://ke-image.ljcdn.com/110000-inspection/dedc463d-b574-4b8a-9756-97eb364dd45c_1000.jpg!m_fill,w_280,h_210,f_jpg?from=ke.com
20241021,丰台,十里河,101122603880,山水文园三期通透两居精装修中楼层南北带阳台,998万,83965元/平,中楼层 (共7层) 2室2厅 | 118.86平米 | 南,https://ke-image.ljcdn.com/110000-inspection/e7959c1e-bfc8-4fc7-88be-f5f783161fcf_1000.jpg!m_fill,w_280,h_210,f_jpg?from=ke.com
20241021,丰台,十里河,101122511912,南北通透格局 位置好 视野开阔 精装修 拎包入住,1000万,85427元/平,低楼层 (共9层) 2室2厅 | 117.06平米 | 南 北,https://ke-image.ljcdn.com/110000-inspection/8a8ad8f5-5a51-4c51-b475-928d6df7b778_1000.jpg!m_fill,w_280,h_210,f_jpg?from=ke.com
20241021,丰台,十里河,101122440670,此房一梯一户西南北三面采光前后不临街无遮挡房主自荐,5000万,95709元/平,底层 (共12层) | 2015年 | 8室2厅 | 522.42平米 | 南 北,https://ke-image.ljcdn.com/110000-inspection/pc1_paCBCFWsw_1.jpg!m_fill,w_280,h_210,f_jpg?from=ke.com
20241021,丰台,十里河,101122380266,建工家园 满五年 观景房 小区绿化好 户型方正,438万,46830元/平,底层 (共23层) | 2008年 | 2室1厅 | 93.53平米 | 东北,https://ke-image.ljcdn.com/110000-inspection/99f5f9d0-4b15-4654-be07-de723247def7_1000.jpg!m_fill,w_280,h_210,f_jpg?from=ke.com
20241021,丰台,十里河,101122311540,满五年唯一南北通透大三居格局方正视野开阔。,1435万,91193元/平,中楼层 (共9层) 3室1厅 | 157.36平米 | 南 北,https://ke-image.ljcdn.com/110000-inspection/pc1_Fo0SH1Mqm.jpg!m_fill,w_280,h_210,f_jpg?from=ke.com
20241021,丰台,十里河,101122127309,弘燕山水文园满五 一梯一户大平层4+1户型,2000万,76348元/平,高楼层 (共12层) 4室2厅 | 261.96平米 | 南 西 北,https://ke-image.ljcdn.com/110000-inspection/3cbe0b79-1ebe-4dc7-ac0d-8f7e6bd05042_1000.jpg!m_fill,w_280,h_210,f_jpg?from=ke.com
20241021,丰台,十里河,101122073340,2015年新社区 南向大一居室 2个阳台 高层观景 带电梯,219万,38899元/平,高楼层 (共25层) 1室1厅 | 56.3平米 | 南,https://ke-image.ljcdn.com/110000-inspection/pc1_dHtya247r.jpg!m_fill,w_280,h_210,f_jpg?from=ke.com
20241021,丰台,十里河,101121827509,东南三环到四环地铁十里河 10号线 14号线 17号线,209万,39932元/平,顶层 (共6层) 1室1厅 | 52.34平米 | 南 北,https://ke-image.ljcdn.com/110000-inspection/a3a4a70a-3a11-4200-9552-6a2d51480cb9_1000.jpg!m_fill,w_280,h_210,f_jpg?from=ke.com
20241021,丰台,十里河,101121805939,山水文园三期前后不临街观景户型,2900万,88596元/平,低楼层 (共12层) 5室2厅 | 327.33平米 | 东 南 北,https://ke-image.ljcdn.com/110000-inspection/d8182705-2913-4f39-9b03-6b79bb434266_1000.jpg!m_fill,w_280,h_210,f_jpg?from=ke.com
20241021,丰台,十里河,101121511272,山水文园三期  南北通透大三居  只有契税   有车位,1300万,77999元/平,低楼层 (共12层) | 2006年 | 3室2厅 | 166.67平米 | 南 北,https://ke-image.ljcdn.com/110000-inspection/pc1_EbyZY0OW2_1.jpg!m_fill,w_280,h_210,f_jpg?from=ke.com
20241021,丰台,十里河,101120034969,山水文园三期湖边上三面采光精装修拎包入住,4500万,97786元/平,底层 (共12层) 7室3厅 | 460.19平米 | 东 南 北,https://ke-image.ljcdn.com/110000-inspection/pc1_WGaHwcVWw.jpg!m_fill,w_280,h_210,f_jpg?from=ke.com
20241021,丰台,十里河,101119521665,全南向一居楼栋位置好无遮挡中楼层视野采光都不错,238万,48130元/平,中楼层 (共16层) 1室1厅 | 49.45平米 | 南,https://ke-image.ljcdn.com/110000-inspection/454c2ae5-640c-42ff-a124-38215a0a286f_1000.jpg!m_fill,w_280,h_210,f_jpg?from=ke.com
20241021,丰台,十里河,101117950088,周庄嘉园东里C区         朝南向一居室,310万,60773元/平,顶层 (共6层) | 2005年 | 1室1厅 | 51.01平米 | 南,https://ke-image.ljcdn.com/110000-inspection/af0081c4-14ad-4196-8b28-e37392a84f3a_1000.jpg!m_fill,w_280,h_210,f_jpg?from=ke.com
20241021,丰台,十里河,101117867858,朝阳区 别墅区 南北通透 2004年房主自荐,1240万,52981元/平,底层 (共3层) | 2004年 | 2室2厅 | 234.05平米 | 南 北,https://ke-image.ljcdn.com/110000-inspection/54e25209-cf69-4bb3-919d-635e4a922ea6_1000.jpg!m_fill,w_280,h_210,f_jpg?from=ke.com
20241021,丰台,十里河,101116666474,山水文园五期   顶层复式 观景房  四季大堂入户,7000万,61072元/平,高楼层 (共19层) 5室3厅 | 1146.2平米 | 南 北,https://ke-image.ljcdn.com/110000-inspection/0ae3bdd9-a4f0-47cd-bc35-a4c9ed2b38a5_1000.jpg!m_fill,w_280,h_210,f_jpg?from=ke.com
20241021,丰台,十里河,101126947525,小区中间位置 中间楼层 南北通透三居室 满五年唯一,530万,39535元/平,中楼层 (共6层) 3室1厅 | 134.06平米 | 南 北,https://s1.ljcdn.com/pegasus/redskull/images/common/default_house_list.png?_v=202410161653269
20241021,丰台,十里河,101126819448,东南四环内  欢乐谷对面   林达海渔广场,166万,19464元/平,中楼层 (共15层) | 2011年 | 2室1厅 | 85.29平米 | 西,https://s1.ljcdn.com/pegasus/redskull/images/common/default_house_list.png?_v=202410161653269
20241021,丰台,十里河,101126789617,周庄嘉园三期A区全南向一居诚意出售,230万,40875元/平,高楼层 (共28层) 1室1厅 | 56.27平米 | 南 北,https://s1.ljcdn.com/pegasus/redskull/images/common/default_house_list.png?_v=202410161653269
20241021,丰台,十里河,101126680973,观筑庭园大三居 满五年唯一普通住宅 没有遮挡,550万,38395元/平,低楼层 (共10层) | 2004年 | 3室1厅 | 143.25平米 | 东南 南 北,https://s1.ljcdn.com/pegasus/redskull/images/common/default_house_list.png?_v=202410161653269
20241021,丰台,十里河,101126453029,林达海渔广场 1室0厅 东,125万,23093元/平,高楼层 (共15层) 1室0厅 | 54.13平米 | 东,https://s1.ljcdn.com/pegasus/redskull/images/common/default_house_list.png?_v=202410161653269
20241021,丰台,十里河,101126361829,四环内别墅区满五年唯一看房方便前后观景,890万,59350元/平,底层 (共4层) 3室2厅 | 149.96平米 | 南 北,https://s1.ljcdn.com/pegasus/redskull/images/common/default_house_list.png?_v=202410161653269
20241021,丰台,十里河,101125565083,东南四林达海渔   可以办公  可以注册 可以自用房主自荐,173万,18493元/平,高楼层 (共15层) | 2010年 | 2室1厅 | 93.55平米 | 东北,https://s1.ljcdn.com/pegasus/redskull/images/common/default_house_list.png?_v=202410161653269
20241021,丰台,十里河,101125107446,林达海渔广场   可以办公  可以出租  可以注册,243万,19981元/平,顶层 (共15层) | 2011年 | 3室2厅 | 121.62平米 | 东,https://s1.ljcdn.com/pegasus/redskull/images/common/default_house_list.png?_v=202410161653269
20241021,丰台,十里河,101125073475,林达海渔广场 2室1厅 东南,225万,22751元/平,中楼层 (共15层) 2室1厅 | 98.9平米 | 东南,https://s1.ljcdn.com/pegasus/redskull/images/common/default_house_list.png?_v=202410161653269
20241021,丰台,十里河,101125073421,林达海渔广场  东向业主诚意出售。,125万,23093元/平,中楼层 (共15层) 1室1厅 | 54.13平米 | 东,https://s1.ljcdn.com/pegasus/redskull/images/common/default_house_list.png?_v=202410161653269
20241021,丰台,十里河,101124778665,吕营嘉园A区 南北通透大三居 单价3.8万,465万,34351元/平,顶层 (共6层) 3室1厅 | 135.37平米 | 南 北,https://s1.ljcdn.com/pegasus/redskull/images/common/default_house_list.png?_v=202410161653269
20241021,丰台,十里河,101123919903,林达海渔广场  东北向  高楼层,200万,21379元/平,高楼层 (共15层) 2室1厅 | 93.55平米 | 东北,https://s1.ljcdn.com/pegasus/redskull/images/common/default_house_list.png?_v=202410161653269
20241021,丰台,十里河,101120532922,高标准精装修 东方向 视野好诚意出售,135万,24940元/平,高楼层 (共15层) | 2011年 | 1室0厅 | 54.13平米 | 东,https://s1.ljcdn.com/pegasus/redskull/images/common/default_house_list.png?_v=202410161653269
20241021,丰台,十里河,101120335803,东南四环内   林达海渔广场  可以办公  可以注册房主自荐,164万,21616元/平,高楼层 (共15层) 1室1厅 | 75.87平米 | 南,https://s1.ljcdn.com/pegasus/redskull/images/common/default_house_list.png?_v=202410161653269
20241021,丰台,十里河,101119303254,林达海渔广场 2室1厅 东南,238万,20061元/平,高楼层 (共15层) | 2011年 | 2室1厅 | 118.64平米 | 东南,https://s1.ljcdn.com/pegasus/redskull/images/common/default_house_list.png?_v=202410161653269
20241021,丰台,十里河,101115685927,林达海渔广场    可以办公 可以注册 需要全款,193万,22629元/平,中楼层 (共15层) | 2011年 | 2室0厅 | 85.29平米 | 西,https://s1.ljcdn.com/pegasus/redskull/images/common/default_house_list.png?_v=202410161653269
